1427986225 1621
1428515982 1918
1428669468 966
1428669489 1380
1428669650 1396
1428670000 1401
1429810747 1483
1438101610 205
1438117639 204
1439906334 488
1440098775 745
1440103829 752
1440107328 755
1440107657 755
1440107934 1918
1440107988 1911
1441214137 1911
1441222556 1998
1443182100 2025
1444782096 2025
1447169996 2030
1453450558 2035
1454023782 2035
1455123059 2045
1458751033 1994
1459438724 1059
1468247728 1059
1472478038 1159
1473697373 1237
1473699630 1240
1476991847 1240
1483562526 1210
1494452044 1207
1496774302 1376
1496780480 1380
1499374067 1380
1500569590 1380
1500569764 1380
1500570833 1379
1500627467 1419
1500631001 1638
1500641096 1682
1501011064 1682
1501597311 1683
1504020421 1683
1504110720 1683
1504623974 1684
1507734148 1684
1508853596 1681
1510792817 1681
1511430614 1681
1511431450 1681
1511518915 1777
1511529550 1774
1511847944 1889
1513105415 1889
1513106275 1890
1513178319 1972
1513180686 2014
1513188638 2014
1513188680 2110
1513260912 2158
1513260929 2188
1513262682 2342
1516811298 2342
1520607020 2348
1520635306 2429
1526986778 2489
1529464014 2491
1531164148 2494
1532553193 2884
1533336563 3401
1533338193 3401
1533338314 3412
1534437408 3410
1534775395 3414
1534778368 3414
1541726918 3521
1542047620 3521
1543862071 3522
1544812050 3534
1548329912 3534
1548866202 3535
1549294721 3522
1551197120 3523
1551197653 3723
1551198759 3730
1551200630 3726
1551203881 3761
1551306295 3755
1556566120 3767
1559155002 3840
1563272178 3840
1564664927 3858
1564665205 3878
1566400753 3881
1566826738 3881
1566899150 3880
1566925865 3880
1566926956 3880
1567036482 3880
1569833265 3917
1571334519 3917
1571671553 3910
1571760394 3984
1572988803 3994
1573161199 4287
1575307868 4283
1579782702 4286
1581600968 4288
1587562893 4288
1587562943 4301
1589222140 4305
1589279630 4305
1589407270 4376
1589451345 4466
1589466901 4503
1589559782 4586
1589559889 4645
1589559953 4763
1589568615 4763
1589568650 4807
1589572607 4870
1589572627 4932
1589897595 5285
1591628727 5372
1598029095 5372
1604312928 5372
1604570709 5372
1606303784 5372
1609887903 5372
1612999536 5374
1622132154 5367
1623883480 5363
1624529102 5357
1627337175 5357
1627337520 5356
1627337760 5355
1627395753 5351
1628449319 5351
1629112680 5384
1632852154 5476
1633626927 5479
1633627027 5482
1634071281 5485
1635351291 5933
1638994284 6088
1639518988 6111
1641398883 6114
1642572388 6114
1642572699 6114
1649993422 6119
1650394321 6130
1650404411 6130
1650422248 6135
1650508462 6148
1651765270 6196
1653684035 6261
1655894907 7206
