1517433695 4
1518031392 2648
1521062216 3271
1521582335 3512
1523480049 3847
1523899945 4025
1523901491 4026
1524170111 4419
1524762133 4419
1524840110 4580
1531765911 4619
1531766274 4641
1532630289 4619
1535659000 4633
1536940106 5208
1537974506 4851
1540070892 5068
1542143807 5102
1544041588 5771
1546738578 5773
1547149353 5870
1548796197 5887
1548863530 5888
1568827112 5967
1571839061 5985
1571854501 5985
1586901514 4769
1595911964 4769
1596166473 4769
1612423965 4793
1625489648 4793
1645587008 4760
1651884815 4789
1652456120 4790
1655231188 4857
