1501599221 3330
1502312276 3599
1502752666 3960
1502887225 4104
1502889252 4270
1502976844 4494
1503083782 4711
1503087203 4711
1503317559 4711
1503491423 4899
1505300889 4978
1505340111 5025
1505406659 5025
1505830965 5081
1505911479 5081
1506456022 5073
1506456892 5400
1506614839 5412
1506695615 5414
1506710557 5498
1506710878 5591
1506712601 6021
1506718775 6029
1506719043 6071
1507044040 6128
1507045578 6136
1507541789 6618
1507541938 6618
1507542122 6618
1507574795 6617
1507727936 6719
1507815054 6823
1507896773 6902
1508092852 6888
1508275184 7051
1508439850 7043
1508506636 7040
1508506943 7144
1508538899 7238
1508782927 7351
1508783166 6130
1508785857 6213
1508788797 6213
1508792637 6560
1508792809 6564
1508864469 6533
1509557151 6533
1509892053 6734
1511883832 6735
1511899806 8004
1512183512 8137
1513941188 8212
1513943337 8329
1518812583 8444
1519665802 8701
1519727291 8680
1519730397 8527
1520025870 8624
1520446896 8835
1520622720 8667
1520623843 8672
1525197489 8699
1528124869 8699
1533311275 9037
1534809600 9054
1534809674 9046
1534857165 9307
1536454578 9466
1537106152 9502
1537106172 9493
1537536524 9501
1537550124 9962
1537560367 9971
1537629081 9946
1538161343 10366
1538672111 10333
1538675399 10486
1538683209 10500
1538752163 10558
1538757981 10518
1538762639 10491
1538762698 10507
1538991860 10558
1538992220 10556
1539702487 10736
1539945159 10747
1539957980 10947
1539973923 10796
1540343442 10795
1540649605 10853
1540981469 11090
1541153711 11477
1541866195 11659
1542163512 11675
1542316084 11659
1542593216 11925
1542593809 11756
1542739944 11742
1543285428 12102
1543401736 11925
1543959913 12180
1544155680 12188
1544651787 12209
1545199712 12386
1545202813 12416
1545901085 12601
1546367313 12600
1546411096 12645
1546420541 13224
1546500013 9702
1546860133 9868
1547157464 9775
1547292255 9950
1547865409 10169
1547937925 10542
1548845683 10193
1548857417 10195
1549302868 10263
1549375523 10532
1551234854 10731
1554232837 10747
1555151441 10747
1555337402 11011
1564365310 11009
1568309222 11009
1570992338 11010
1570995225 11010
1571779538 11010
1571943354 11004
1571943583 11004
1577385919 11004
1580653019 11088
1580714379 11523
1580743358 10994
1580925041 11138
1581075728 11593
1581201949 11678
1581332758 11778
1581367007 11813
1581601688 11845
1582628018 11919
1582631531 11996
1582655573 11998
1582656911 12142
1582715329 12185
1582717026 12284
1582747614 12288
1582747741 12290
1582806609 12337
1584009454 12387
1584031925 12387
1584066137 13264
1584153051 13355
1587132781 13442
1587145201 13357
1587145874 13418
1587391398 13418
1590774874 13449
1595728850 13449
1595761793 13452
1630498451 13363
