1464976637 0 0 1 0 0 0 0 0 0 0 0 0 0 0 0 0 0 0 0 0
1465564528 0 0 2 0 0 0 0 0 0 0 0 0 0 0 0 0 0 0 0 0
1465570641 0 0 2 0 0 0 0 0 0 0 0 0 0 0 0 0 0 0 0 0
1465570745 0 0 3 0 0 0 0 0 0 0 0 0 0 0 0 0 0 0 0 0
1465571191 0 0 4 0 0 0 0 0 0 0 0 0 0 0 0 0 0 0 0 0
1466171207 0 0 4 0 0 0 0 0 0 0 0 0 0 0 0 0 0 0 0 0
1466432181 0 0 5 0 0 0 0 0 0 0 0 0 0 0 0 0 0 0 0 0
1466609828 0 0 6 0 0 0 0 0 0 0 0 0 0 0 0 0 0 0 0 0
1466776607 0 0 7 0 0 0 0 0 0 0 0 0 0 0 0 0 0 0 0 0
1467642219 0 1 7 0 0 0 0 0 0 0 0 0 0 0 0 0 0 0 0 0
1469026309 0 1 7 0 0 0 0 0 0 0 0 0 0 0 0 0 0 0 0 0
1470152485 0 1 7 0 0 0 0 0 0 0 0 0 0 0 0 0 0 0 0 0
1470171900 0 1 8 0 0 0 0 0 0 0 0 0 0 0 0 0 0 0 0 0
1470257585 0 2 8 0 0 0 0 0 0 0 0 0 0 0 0 0 0 0 0 0
1471874551 0 2 8 0 0 0 0 0 0 0 0 0 0 0 0 0 0 0 0 0
1474684276 0 2 9 0 0 0 0 0 0 0 0 0 0 0 0 0 0 0 0 0
1474838841 0 3 9 0 0 0 0 0 0 0 0 0 0 0 0 0 0 0 0 0
1476108181 0 3 10 0 0 0 0 0 0 0 0 0 0 0 0 0 0 0 0 0
1476128765 0 3 11 0 0 0 0 0 0 0 0 0 0 0 0 0 0 0 0 0
1476130701 0 4 11 0 0 0 0 0 0 0 0 0 0 0 0 0 0 0 0 0
1476918387 0 4 12 0 0 0 0 0 0 0 0 0 0 0 0 0 0 0 0 0
1477058757 0 4 12 0 0 0 0 0 0 0 0 0 0 1 0 0 0 0 0 0
1477059723 0 4 13 0 0 0 0 0 0 0 0 0 0 1 0 0 0 0 0 0
1477059960 0 4 14 0 0 0 0 0 0 0 0 0 0 1 0 0 0 0 0 0
1477060487 0 5 14 0 0 0 0 0 0 0 0 0 0 1 0 0 0 0 0 0
1480433543 0 5 15 0 0 0 0 0 0 0 0 0 0 1 0 0 0 0 0 0
1480448354 0 5 16 0 0 0 0 0 0 0 0 0 0 1 0 0 0 0 0 0
1480449131 0 5 17 0 0 0 0 0 0 0 0 0 0 1 0 0 0 0 0 0
1480519801 0 5 18 0 0 0 0 0 0 0 0 0 0 1 0 0 0 0 0 0
1481041229 0 5 19 0 0 0 0 0 0 0 0 0 0 1 0 0 0 0 0 0
1481041464 0 5 20 0 0 0 0 0 0 0 0 0 0 1 0 0 0 0 0 0
1481042167 0 5 21 0 0 0 0 0 0 0 0 0 0 1 0 0 0 0 0 0
1481291741 0 6 21 0 0 0 0 0 0 0 0 0 0 1 0 0 0 0 0 0
1481554913 0 6 21 0 0 0 0 0 0 0 0 0 0 1 0 0 0 0 0 0
1481640401 0 6 22 0 0 0 0 0 0 0 0 0 0 1 0 0 0 0 0 0
1481644766 0 6 22 0 0 0 0 0 0 0 0 0 0 1 0 0 0 0 0 0
1481834530 0 6 23 0 0 0 0 0 0 0 0 0 0 1 0 0 0 0 0 0
1482165310 0 6 23 0 0 0 0 0 0 0 0 0 0 1 0 0 0 1 0 0
1482174064 0 6 24 0 0 0 0 0 0 0 0 0 0 1 0 0 0 1 0 0
1482175617 0 7 24 0 0 0 0 0 0 0 0 0 0 1 0 0 0 1 0 0
1482353260 0 7 25 0 0 0 0 0 0 0 0 0 0 1 0 0 0 1 0 0
1482937147 0 8 25 0 0 0 0 0 0 0 0 0 0 1 0 0 0 1 0 0
1484667543 1 8 25 0 0 0 0 0 0 0 0 0 0 1 0 0 0 1 0 0
1485288117 1 8 26 0 0 0 0 0 0 0 0 0 0 1 0 0 0 1 0 0
1485374954 1 8 26 0 0 0 0 0 0 0 0 0 0 1 0 0 0 1 0 0
1485532013 1 9 26 0 0 0 0 0 0 0 0 0 0 1 0 0 0 1 0 0
1485532596 1 9 27 0 0 0 0 0 0 0 0 0 0 1 0 0 0 1 0 0
1485532712 1 9 28 0 0 0 0 0 0 0 0 0 0 1 0 0 0 1 0 0
1485533284 1 10 28 0 0 0 0 0 0 0 0 0 0 1 0 0 0 1 0 0
1485807315 1 10 28 0 0 0 0 0 0 0 0 0 0 1 0 0 0 1 0 0
1486053286 1 10 29 0 0 0 0 0 0 0 0 0 0 1 0 0 0 1 0 0
1487717082 1 10 29 0 0 0 0 0 0 0 0 0 0 1 0 0 0 1 0 0
1487789634 1 10 29 0 0 0 0 0 0 0 0 0 0 1 0 0 0 1 0 0
1487865399 1 10 29 0 0 0 0 0 0 0 0 0 0 1 0 0 0 1 0 0
1488923878 1 10 30 0 0 0 0 0 0 0 0 0 0 1 0 0 0 1 0 0
1488966635 1 11 30 0 0 0 0 0 0 0 0 0 0 1 0 0 0 1 0 0
1489076334 1 11 30 0 0 0 0 0 0 0 0 1 0 1 0 0 0 1 0 0
1489088200 1 11 30 0 0 0 0 0 0 0 0 1 0 1 0 0 0 1 0 0
1489157165 1 11 31 0 0 0 0 0 0 0 0 1 0 1 0 0 0 1 0 0
1489157246 1 12 31 0 0 0 0 0 0 0 0 1 0 1 0 0 0 1 0 0
1489498994 1 12 31 0 0 0 0 0 0 0 0 1 0 2 0 0 0 1 0 0
1489525916 1 12 31 0 0 0 0 0 0 0 0 2 0 2 0 0 0 1 0 0
1489592739 1 12 31 0 0 0 0 0 0 0 0 2 0 2 0 0 0 1 0 0
1490649913 1 12 32 0 0 0 0 0 0 0 0 2 0 2 0 0 0 1 0 0
1490690241 1 13 32 0 0 0 0 0 0 0 0 2 0 2 0 0 0 1 0 0
1490802773 1 13 33 0 0 0 0 0 0 0 0 2 0 2 0 0 0 1 0 0
1491250270 1 13 33 0 0 0 0 0 0 0 0 2 0 2 0 0 0 1 0 0
1491500249 1 13 34 0 0 0 0 0 0 0 0 2 0 2 0 0 0 1 0 0
1491579062 1 13 34 0 0 0 0 0 0 0 0 2 0 2 0 0 0 1 0 0
1491922856 1 13 35 0 0 0 0 0 0 0 0 2 0 2 0 0 0 1 0 0
1491926704 1 13 35 0 0 0 0 0 0 0 0 2 0 2 0 0 0 1 0 0
1491930737 1 14 35 0 0 0 0 0 0 0 0 2 0 2 0 0 0 1 0 0
1492185892 1 14 35 0 0 0 0 0 0 0 0 2 0 2 0 0 0 1 0 0
1492525280 1 14 36 0 0 0 0 0 0 0 0 2 0 2 0 0 0 1 0 0
1492525494 1 15 36 0 0 0 0 0 0 0 0 2 0 2 0 0 0 1 0 0
1492525653 1 15 37 0 0 0 0 0 0 0 0 2 0 2 0 0 0 1 0 0
1492778215 2 15 37 0 0 0 0 0 0 0 0 2 0 2 0 0 0 1 0 0
1492778353 3 15 37 0 0 0 0 0 0 0 0 2 0 2 0 0 0 1 0 0
1492778545 4 15 37 0 0 0 0 0 0 0 0 2 0 2 0 0 0 1 0 0
1492778678 4 16 37 0 0 0 0 0 0 0 0 2 0 2 0 0 0 1 0 0
1492778726 4 17 37 0 0 0 0 0 0 0 0 2 0 2 0 0 0 1 0 0
1492780110 5 17 37 0 0 0 0 0 0 0 0 2 0 2 0 0 0 1 0 0
1492780205 5 18 37 0 0 0 0 0 0 0 0 2 0 2 0 0 0 1 0 0
1493316864 5 18 37 0 0 0 0 0 0 0 0 2 0 2 0 0 0 1 0 0
1493821249 5 18 37 0 0 0 0 0 0 0 0 2 0 2 0 0 0 1 0 0
1494337616 5 18 37 0 0 0 0 0 0 0 0 2 0 2 0 0 0 1 0 0
1494432229 6 18 37 0 0 0 0 0 0 0 0 2 0 2 0 0 0 1 0 0
1494432526 6 19 37 0 0 0 0 0 0 0 0 2 0 2 0 0 0 1 0 0
1494938189 6 19 37 0 0 0 0 0 0 0 0 2 0 2 0 0 0 1 0 0
1494941022 6 19 37 0 0 0 0 0 0 0 0 2 0 2 0 0 0 1 0 0
1494960420 6 20 37 0 0 0 0 0 0 0 0 2 0 2 0 0 0 1 0 0
1495122172 6 20 37 0 0 0 0 0 0 0 0 2 0 2 0 0 0 1 0 0
1495581703 6 20 37 0 0 0 0 0 0 0 0 2 0 2 0 0 0 1 0 0
1496248929 6 21 37 0 0 0 0 0 0 0 0 2 0 2 0 0 0 1 0 0
1496399799 7 21 37 0 0 0 0 0 0 0 0 2 0 2 0 0 0 1 0 0
1496399885 8 21 37 0 0 0 0 0 0 0 0 2 0 2 0 0 0 1 0 0
1496403381 8 22 37 0 0 0 0 0 0 0 0 2 0 2 0 0 0 1 0 0
1496847383 9 22 37 0 0 0 0 0 0 0 0 2 0 2 0 0 0 1 0 0
1496857403 9 23 37 0 0 0 0 0 0 0 0 2 0 2 0 0 0 1 0 0
1497014541 10 23 37 0 0 0 0 0 0 0 0 2 0 2 0 0 0 1 0 0
1497014774 10 24 37 0 0 0 0 0 0 0 0 2 0 2 0 0 0 1 0 0
1497988285 10 24 37 0 0 0 0 0 0 0 0 2 0 2 0 0 0 1 0 0
1497988365 10 24 37 0 0 0 0 0 0 0 0 2 0 2 0 0 0 1 0 0
1498048667 10 25 37 0 0 0 0 0 0 0 0 2 0 2 0 0 0 1 0 0
1498142728 10 25 37 0 0 0 0 0 0 0 0 3 0 2 0 0 0 1 0 0
1498225915 10 25 37 0 0 0 0 0 0 0 0 4 0 2 0 0 0 1 0 0
1498249314 10 25 38 0 0 0 0 0 0 0 0 4 0 2 0 0 0 1 0 0
1498471047 10 26 38 0 0 0 0 0 0 0 0 4 0 2 0 0 0 1 0 0
1503661844 10 26 38 0 0 0 1 0 0 0 0 4 0 2 0 0 0 1 0 0
1503670984 10 26 38 0 0 0 2 0 0 0 0 4 0 2 0 0 0 1 0 0
1503675969 10 27 38 0 0 0 2 0 0 0 0 4 0 2 0 0 0 1 0 0
1504038003 10 27 38 0 0 0 2 0 0 0 0 4 0 3 0 0 0 1 0 0
1504038030 10 27 38 0 0 0 2 0 0 0 0 4 0 3 0 0 0 1 0 0
1504103613 11 27 38 0 0 0 2 0 0 0 0 4 0 3 0 0 0 1 0 0
1504103833 11 28 38 0 0 0 2 0 0 0 0 4 0 3 0 0 0 1 0 0
1504104471 12 28 38 0 0 0 2 0 0 0 0 4 0 3 0 0 0 1 0 0
1504104670 12 29 38 0 0 0 2 0 0 0 0 4 0 3 0 0 0 1 0 0
1504620050 12 29 38 0 0 0 4 0 0 0 0 4 0 3 0 0 0 1 0 0
1504629511 12 30 38 0 0 0 4 0 0 0 0 4 0 3 0 0 0 1 0 0
1504728848 12 30 38 0 0 0 5 0 0 0 0 4 0 3 0 0 0 1 0 0
1505231200 12 30 38 0 0 0 5 0 0 0 0 4 0 3 0 1 0 1 0 0
1505231513 12 31 38 0 0 0 5 0 0 0 0 4 0 3 0 1 0 1 0 0
1505398312 12 31 39 0 0 0 5 0 0 0 0 4 0 3 0 1 0 1 0 0
1505414059 12 31 39 0 0 0 5 0 0 0 0 4 0 3 0 2 0 1 0 0
1506610852 13 31 39 0 0 0 5 0 0 0 0 4 0 3 0 2 0 1 0 0
1506676689 13 32 39 0 0 0 5 0 0 0 0 4 0 3 0 2 0 1 0 0
1506974405 13 32 40 0 0 0 5 0 0 0 0 4 0 3 0 2 0 1 0 0
1506974639 13 32 41 0 0 0 5 0 0 0 0 4 0 3 0 2 0 1 0 0
1507067450 13 33 41 0 0 0 5 0 0 0 0 4 0 3 0 2 0 1 0 0
1507482365 13 33 41 0 0 1 5 0 0 0 0 5 0 3 0 2 0 1 0 0
1507635863 13 34 41 0 0 1 5 0 0 0 0 5 0 3 0 2 0 1 0 0
1507822786 13 34 41 0 0 1 5 0 0 0 0 5 0 3 0 3 0 1 0 0
1508359819 13 34 41 0 0 1 5 0 0 0 0 5 0 3 0 3 0 1 0 0
1508427463 13 34 41 0 0 1 5 0 0 0 0 5 0 3 0 3 0 1 0 0
1509108330 13 34 41 0 0 1 5 0 0 0 0 5 0 3 0 3 0 1 0 0
1510245185 13 34 41 0 0 1 5 0 0 0 0 5 0 3 1 3 0 1 0 0
1510330969 13 34 41 0 0 1 5 0 0 0 0 5 0 3 2 3 0 1 0 0
1510338305 13 34 41 0 0 1 5 0 0 0 0 5 0 3 3 3 0 1 0 0
1510345579 13 34 41 0 0 1 5 0 0 0 0 5 0 3 4 3 0 1 0 0
1510727724 13 34 41 0 0 1 5 0 0 0 0 5 0 3 5 3 0 1 0 0
1510732843 13 35 41 0 0 1 5 0 0 0 0 5 0 4 5 3 0 1 0 0
1511874537 13 35 41 0 0 1 6 0 0 0 0 5 0 4 5 3 0 1 0 0
1511876156 13 35 41 0 0 1 7 0 0 0 0 5 0 4 5 3 0 1 0 0
1511877533 13 36 41 0 0 1 7 0 0 0 0 5 0 4 5 3 0 1 0 0
1511882934 13 36 41 0 0 1 7 0 0 0 0 5 0 4 5 3 0 1 0 0
1511968741 13 36 41 0 0 1 7 0 0 0 0 5 0 4 5 3 0 1 0 0
1511975056 13 37 41 0 0 1 7 0 0 0 0 5 0 4 5 3 0 1 0 0
1511988010 13 37 41 0 0 1 7 0 0 0 0 5 0 4 5 3 0 1 0 0
1512070915 13 38 41 0 0 1 7 0 0 0 0 5 0 4 5 3 0 1 0 0
1512124458 13 39 41 0 0 1 7 0 0 0 0 5 0 4 5 3 0 1 0 0
1512124544 13 40 41 0 0 1 7 0 0 0 0 5 0 4 5 3 0 1 0 0
1512124613 13 41 41 0 0 1 7 0 0 0 0 5 0 4 5 3 0 1 0 0
1512124732 13 42 41 0 0 1 7 0 0 0 0 5 0 4 5 3 0 1 0 0
1512125344 13 43 41 0 0 1 7 0 0 0 0 5 0 4 5 3 0 1 0 0
1512125632 13 44 41 0 0 1 7 0 0 0 0 5 0 4 5 3 0 1 0 0
1512126012 13 45 41 0 0 3 7 0 0 0 0 5 0 4 5 3 0 1 0 0
1512133230 13 46 41 0 0 4 7 0 0 0 0 5 0 4 5 3 0 1 0 0
1512137789 13 46 41 0 0 5 7 0 0 0 0 5 0 4 5 3 0 1 0 0
1512138758 13 47 41 0 0 5 7 0 0 0 0 5 0 5 5 3 0 1 0 0
1512168293 13 48 41 0 0 6 7 0 0 0 0 5 0 5 5 3 0 1 0 0
1512411015 13 49 41 0 0 6 7 0 0 0 0 5 0 5 5 3 0 1 0 0
1512411209 13 50 41 0 0 6 7 0 0 0 0 5 0 5 5 3 0 1 0 0
1512457374 13 50 41 0 0 6 7 0 0 0 0 5 0 5 5 3 0 1 0 0
1512663068 13 50 41 0 0 6 8 0 0 0 0 5 0 5 5 3 0 1 0 0
1512700494 13 50 41 0 0 6 8 0 0 0 0 5 0 5 5 3 1 1 0 0
1513199253 13 50 41 0 0 7 8 0 0 0 0 5 0 5 5 3 1 1 0 0
1513610777 13 51 41 0 0 7 8 0 0 0 0 5 0 5 5 3 1 1 0 0
1513611190 13 52 41 0 0 7 8 0 0 0 0 5 0 5 5 3 1 1 0 0
1513611864 13 53 41 0 0 7 8 0 0 0 0 5 0 5 5 3 1 1 0 0
1513612089 13 54 41 0 0 7 8 0 0 0 0 5 0 5 5 3 1 1 0 0
1513694241 13 55 41 0 0 7 8 0 0 0 0 5 0 5 5 3 1 1 0 0
1513694983 13 56 41 0 0 7 8 0 0 0 0 5 0 5 5 3 1 1 0 0
1513695324 13 57 41 0 0 7 8 0 0 0 0 5 0 5 5 3 1 1 0 0
1513695368 13 58 41 0 0 7 8 0 0 0 0 5 0 5 5 3 1 1 0 0
1513695471 13 59 41 0 0 7 8 0 0 0 0 5 0 5 5 3 1 1 0 0
1513766253 13 60 41 0 0 7 8 0 0 0 0 5 0 5 5 3 1 1 0 0
1513771652 13 60 41 0 0 8 8 0 0 0 0 5 0 5 5 3 1 1 0 0
1513774210 13 61 41 0 0 8 8 0 0 0 0 5 0 5 5 3 1 1 0 0
1513851317 13 61 41 0 0 9 8 0 0 0 0 5 0 5 5 3 1 1 0 0
1514931176 13 61 41 0 0 9 8 0 0 0 0 5 0 5 5 3 1 1 0 0
1515097772 13 61 41 0 0 9 8 0 0 0 0 5 0 5 5 3 1 1 0 0
1515506779 13 62 41 0 0 9 8 0 0 0 0 5 0 5 5 3 1 1 0 0
1515507083 13 63 41 0 0 9 8 0 0 0 0 5 0 5 5 3 1 1 0 0
1516011667 14 63 41 0 0 9 8 0 0 0 0 5 0 5 5 3 1 1 0 0
1516012010 14 64 41 0 0 9 8 0 0 0 0 5 0 5 5 3 1 1 0 0
1516012683 14 64 41 0 0 9 8 0 0 0 0 5 0 5 5 3 1 1 0 0
1516018566 14 65 41 0 0 9 8 0 0 0 0 5 0 5 5 3 1 1 0 0
1516103505 15 65 41 0 0 9 8 0 0 0 0 5 0 5 5 3 1 1 0 0
1516105918 15 66 41 0 0 9 8 0 0 0 0 5 0 5 5 3 1 1 0 0
1516125161 16 66 41 0 0 9 8 0 0 0 0 5 0 5 5 3 1 1 0 0
1516216906 17 66 41 0 0 9 8 0 0 0 0 5 0 5 5 3 1 1 0 0
1516293191 18 66 41 0 0 9 8 0 0 0 0 5 0 5 5 3 1 1 0 0
1516362578 19 66 41 0 0 9 8 0 0 0 0 5 0 5 5 3 1 1 0 0
1516378476 20 66 41 0 0 9 8 0 0 0 0 5 0 5 5 3 1 1 0 0
1516886715 21 66 41 0 0 9 8 0 0 0 0 5 0 5 5 3 1 1 0 0
1516890048 22 66 41 0 0 9 8 0 0 0 0 5 0 5 5 3 1 1 0 0
1516902773 23 66 41 0 0 9 8 0 0 0 0 5 0 5 5 3 1 1 0 0
1516902855 24 66 41 0 0 9 8 0 0 0 0 5 0 5 5 3 1 1 0 0
1517055688 25 66 41 0 0 9 8 0 0 0 0 5 0 5 5 3 1 1 0 0
1518032849 25 66 41 0 0 9 8 0 0 0 0 5 0 5 5 3 1 1 0 0
1518187598 25 66 41 0 0 9 8 0 0 0 0 5 0 5 5 4 1 1 0 0
1518709115 25 66 41 0 0 10 8 0 0 0 0 5 0 5 5 4 1 1 0 0
1518792539 25 66 41 0 0 10 8 0 0 0 0 5 0 5 5 5 1 1 0 0
1519055581 26 66 41 0 0 10 8 0 0 0 0 5 0 5 5 5 1 1 0 0
1519070172 27 66 41 0 0 10 8 0 0 0 0 5 0 5 5 5 1 1 0 0
1519151333 27 66 41 0 0 10 8 0 0 0 0 5 0 5 5 5 1 1 0 0
1519390826 27 66 41 0 0 10 8 0 0 0 0 5 0 5 5 5 1 1 0 0
1519391176 27 66 41 0 0 10 8 0 0 0 0 5 0 5 5 5 1 1 0 0
1519402561 27 67 41 0 0 10 8 0 0 0 0 5 0 5 5 5 1 1 0 0
1519655443 27 68 41 0 0 10 8 0 0 0 0 5 0 5 5 5 1 1 0 0
1519661483 27 68 41 0 0 11 8 0 0 0 0 5 0 5 5 5 1 1 0 0
1519663735 27 68 41 0 0 12 8 0 0 0 0 5 0 5 5 5 1 1 0 0
1519671143 27 69 41 0 0 12 8 0 0 0 0 5 0 5 5 5 1 1 0 0
1519674557 27 69 41 0 0 12 8 0 0 0 0 5 0 5 5 5 1 1 0 0
1519758706 28 69 41 0 0 12 8 0 0 0 0 5 0 5 5 5 1 1 0 0
1519830649 29 69 41 0 0 12 8 0 0 0 0 5 0 5 5 5 1 1 0 0
1519916311 29 70 41 0 0 12 8 0 0 0 0 5 0 5 5 5 1 1 0 0
1520521348 30 70 41 0 0 12 8 0 0 0 0 5 0 5 5 5 1 1 0 0
1520614528 31 70 41 0 0 12 8 0 0 0 0 5 0 5 5 5 1 1 0 0
1521468843 31 70 41 0 0 12 8 0 0 0 0 5 1 5 5 5 1 1 0 0
1521542672 32 70 41 0 0 12 8 0 0 0 0 5 1 5 5 5 1 1 0 0
1521635755 33 70 41 0 0 12 8 0 0 0 0 5 1 5 5 5 1 1 0 0
1521652149 34 70 41 0 0 12 8 0 0 0 0 5 1 5 5 5 1 1 0 0
1521715642 35 70 41 0 0 12 8 0 0 0 0 5 1 5 5 5 1 1 0 0
1521741741 36 70 41 0 0 12 8 0 0 0 0 5 1 5 5 5 1 1 0 0
1521816880 36 71 41 0 0 12 8 0 0 0 0 5 1 5 5 5 1 1 0 0
1521822297 37 71 41 0 0 12 8 0 0 0 0 5 1 5 5 5 1 1 0 0
1521826329 37 72 41 0 0 12 8 0 0 0 0 5 1 5 5 5 1 1 0 0
1521835143 38 72 41 0 0 12 8 0 0 0 0 5 1 5 5 5 1 1 0 0
1521836325 39 72 41 0 0 12 8 0 0 0 0 5 1 5 5 5 1 1 0 0
1522065073 40 72 41 0 0 12 8 0 0 0 0 5 1 5 5 5 1 1 0 0
1522069534 41 72 41 0 0 12 8 0 0 0 0 5 1 5 5 5 1 1 0 0
1522070452 42 72 41 0 0 12 8 0 0 0 0 5 1 5 5 5 1 1 0 0
1522071302 42 73 41 0 0 12 8 0 0 0 0 5 1 5 5 5 1 1 0 0
1522071422 43 73 41 0 0 12 8 0 0 0 0 5 1 5 5 5 1 1 0 0
1522074827 43 74 41 0 0 12 8 0 0 0 0 5 1 5 5 5 1 1 0 0
1522082023 43 75 41 0 0 12 8 0 0 0 0 5 1 5 5 5 1 1 0 0
1522161827 44 75 41 0 0 12 8 0 0 0 0 5 1 5 5 5 1 1 0 0
1522239637 45 75 41 0 0 12 8 0 0 0 0 5 1 5 5 5 1 1 0 0
1522256908 46 75 41 0 0 12 8 0 0 0 0 5 1 5 5 5 1 1 0 0
1522322183 47 75 41 0 0 12 8 0 0 0 0 5 1 5 5 5 1 1 0 0
1522759659 48 75 41 0 0 12 8 0 0 0 0 5 1 5 5 5 1 1 0 0
1522834829 49 75 41 0 0 12 8 0 0 0 0 5 1 5 5 5 1 1 0 0
1522835124 50 75 41 0 0 12 8 0 0 0 0 5 1 5 5 5 1 1 0 0
1522852580 50 75 41 0 0 12 8 0 0 0 1 5 1 5 5 5 1 1 0 0
1522852627 50 75 41 0 0 12 8 0 0 0 2 5 1 5 5 5 1 1 0 0
1522852715 50 75 41 0 0 12 8 0 0 0 3 5 1 5 5 5 1 1 0 0
1522931868 50 75 41 0 0 12 8 0 0 0 3 5 1 5 5 5 1 1 0 0
1522942079 50 75 41 0 0 12 8 0 0 0 4 5 1 5 5 5 1 1 0 0
1523369487 51 75 41 0 0 12 8 0 0 0 4 5 1 5 5 5 1 1 0 0
1523529346 52 75 41 0 0 12 8 0 0 0 4 5 1 5 5 5 1 1 0 0
1523613422 53 75 41 0 0 12 8 0 0 0 4 5 1 5 5 5 1 1 0 0
1523633714 54 75 41 0 0 12 8 0 0 0 4 5 1 5 5 5 1 1 0 0
1523636313 55 75 41 0 0 12 8 0 0 0 4 5 1 5 5 5 1 1 0 0
1523962795 56 75 41 0 0 12 8 0 0 0 4 5 1 5 5 5 1 1 0 0
1523963690 57 75 41 0 0 12 8 0 0 0 4 5 1 5 5 5 1 1 0 0
1523999917 58 75 41 0 0 12 8 0 0 0 4 5 1 5 5 5 1 1 0 0
1523999945 58 75 41 0 0 12 8 0 0 0 5 5 1 5 5 5 1 1 0 0
1524000006 59 75 41 0 0 12 8 0 0 0 5 5 1 5 5 5 1 1 0 0
1524000039 60 75 41 0 0 12 8 0 0 0 5 5 1 5 5 5 1 1 0 0
1524000480 61 75 41 0 0 12 8 0 0 0 5 5 1 5 5 5 1 1 0 0
1524075059 62 75 41 0 0 12 8 0 0 0 5 5 1 5 5 5 1 1 0 0
1524143667 63 75 41 0 0 12 8 0 0 0 5 5 1 5 5 5 1 1 0 0
1524146961 63 75 42 0 0 12 8 0 0 0 5 5 1 5 5 5 1 1 0 0
1524224411 63 75 42 0 0 12 8 0 0 0 5 5 1 5 5 5 1 1 0 0
1524563129 64 75 42 0 0 12 8 0 0 0 5 5 1 5 5 5 1 1 0 0
1524569731 65 75 42 0 0 12 8 0 0 0 5 5 1 5 5 5 1 1 0 0
1524585665 65 75 43 0 0 12 8 0 0 0 5 5 1 5 5 5 1 1 0 0
1524647796 66 75 43 0 0 12 8 0 0 0 5 5 1 5 5 5 1 1 0 0
1524650024 67 75 43 0 0 12 8 0 0 0 5 5 1 5 5 5 1 1 0 0
1524735633 68 75 43 0 0 12 8 0 0 0 5 5 1 5 5 5 1 1 0 0
1524752640 69 75 43 0 0 12 8 0 0 0 5 5 1 5 5 5 1 1 0 0
1524837299 70 75 43 0 0 12 8 0 0 0 5 5 1 5 5 5 1 1 0 0
1525260389 70 75 43 0 0 12 8 0 0 0 5 5 1 5 5 5 1 1 0 0
1525291162 71 75 43 0 0 12 8 0 0 0 5 5 1 5 5 5 1 1 0 0
1525694884 72 75 43 0 0 12 8 0 0 0 5 5 1 5 5 5 1 1 0 0
1525880995 73 75 43 0 0 12 8 0 0 0 5 5 1 5 5 5 1 1 0 0
1525972772 73 75 44 0 0 12 8 0 0 0 5 5 1 5 5 5 1 1 0 0
1526474723 74 75 44 0 0 12 8 0 0 0 5 5 1 5 5 5 1 1 0 0
1526481704 75 75 44 0 0 12 8 0 0 0 5 5 1 5 5 5 1 1 0 0
1526483281 76 75 44 0 0 12 8 0 0 0 5 5 1 5 5 5 1 1 0 0
1526485237 77 75 44 0 0 12 8 0 0 0 5 5 1 5 5 5 1 1 0 0
1526556358 78 75 44 0 0 12 8 0 0 0 5 5 1 5 5 5 1 1 0 0
1526556797 79 75 44 0 0 12 8 0 0 0 5 5 1 5 5 5 1 1 0 0
1526560189 80 75 44 0 0 12 8 0 0 0 5 5 1 5 5 5 1 1 0 0
1526560281 81 75 44 0 0 12 8 0 0 0 5 5 1 5 5 5 1 1 0 0
1526564279 82 75 44 0 0 12 8 0 0 0 5 5 1 5 5 5 1 1 0 0
1526566729 83 75 44 0 0 12 8 0 0 0 5 5 1 5 5 5 1 1 0 0
1527163543 84 75 44 0 0 12 8 0 0 0 5 5 1 5 5 5 1 1 0 0
1527775859 84 75 44 0 0 12 8 0 0 0 5 5 1 5 5 5 1 2 0 0
1528136721 85 75 44 0 0 12 8 0 0 0 5 5 1 5 5 5 1 2 0 0
1528199349 85 75 44 0 0 12 8 0 0 0 5 5 1 5 5 5 1 3 0 0
1528208352 86 75 44 0 0 12 8 0 0 0 5 5 1 5 5 5 1 3 0 0
1528273775 86 75 44 0 0 12 8 0 0 0 5 5 1 5 5 5 1 3 0 0
1528448569 86 75 44 0 0 12 8 0 0 0 5 5 1 5 5 5 1 3 0 1
1528741650 86 75 45 0 0 12 8 0 0 0 5 5 1 5 5 5 1 3 0 1
1528881771 86 76 45 0 0 12 8 0 0 0 5 5 1 5 5 5 1 3 0 1
1528911203 87 76 45 0 0 12 8 0 0 0 5 5 1 5 5 5 1 3 0 1
1529068864 87 77 45 0 0 12 8 0 0 0 5 5 1 5 5 5 1 3 0 1
1529086852 87 78 45 0 0 12 8 0 0 0 5 5 1 5 5 5 1 3 0 1
1529334560 88 78 45 0 0 12 8 0 0 0 5 5 1 5 5 5 1 3 0 1
1530531570 89 78 45 0 0 12 8 0 0 0 5 5 1 5 5 5 1 3 0 1
1530802080 89 78 45 0 0 12 8 1 0 0 5 5 1 5 5 5 1 3 0 1
1531241731 89 78 45 0 0 12 8 1 0 0 5 5 1 5 5 5 1 3 0 1
1531317676 90 78 45 0 0 12 8 1 0 0 5 5 1 5 5 5 1 3 0 1
1532011388 90 78 45 0 0 12 8 2 0 0 5 5 1 5 5 5 1 3 0 1
1532356987 91 78 45 0 0 12 8 2 0 0 5 5 1 5 5 5 1 3 0 1
1532951395 91 78 45 0 0 12 8 2 0 0 5 5 1 5 5 5 1 3 0 1
1532961820 92 78 45 0 0 12 8 2 0 0 5 5 1 5 5 5 1 3 0 1
1533233436 92 78 45 0 0 12 8 2 0 0 5 5 1 5 5 5 1 3 0 1
1534158040 92 78 45 0 0 12 8 2 0 0 5 5 2 5 5 5 1 3 0 1
1534498449 92 79 45 0 0 12 8 2 0 0 5 5 2 5 5 5 1 3 0 1
1534509681 92 80 45 0 0 12 8 2 0 0 5 5 2 5 5 5 1 3 0 1
1534871291 92 80 45 0 0 12 8 2 0 0 5 5 2 5 5 5 1 3 0 1
1535045190 92 80 45 0 0 12 8 2 0 0 5 5 2 5 5 5 1 3 0 1
1535391774 92 80 45 0 0 12 8 2 0 0 5 5 2 5 5 5 1 3 0 1
1535463275 92 80 46 0 0 12 8 2 0 0 5 5 2 5 5 5 1 3 0 1
1535487744 93 80 46 0 0 12 8 2 0 0 5 5 2 5 5 5 1 3 0 1
1535557340 94 80 46 0 0 12 8 2 0 0 5 5 2 5 5 5 1 3 0 1
1535559830 95 80 46 0 0 12 8 2 0 0 5 5 2 5 5 5 1 3 0 1
1535561867 96 80 46 0 0 12 8 2 0 0 5 5 2 5 5 5 1 3 0 1
1535707013 96 80 46 0 0 12 8 2 0 0 5 5 3 5 5 5 1 3 0 1
1535707028 96 80 46 0 0 12 8 2 0 0 5 5 4 5 5 5 1 3 0 1
1535732305 97 80 46 0 0 12 8 2 0 0 5 5 4 5 5 5 1 3 0 1
1536571362 98 80 46 0 0 12 8 2 0 0 5 5 4 5 5 5 1 3 0 1
1536572704 99 80 46 0 0 12 8 2 0 0 5 5 4 5 5 5 1 3 0 1
1536671036 99 80 46 0 0 12 8 2 0 0 5 5 4 5 5 5 1 3 0 1
1536677793 100 80 46 0 0 12 8 2 0 0 5 5 4 5 5 5 1 3 0 1
1537534502 100 80 46 0 0 12 8 2 0 0 5 5 4 5 5 5 1 3 0 1
1537985230 100 80 46 0 0 12 8 2 0 0 5 5 4 5 5 5 1 3 0 1
1538151371 100 80 46 0 0 12 8 2 0 0 5 5 4 5 5 5 1 3 0 2
1538662287 100 80 46 0 1 12 8 2 0 0 5 5 4 5 5 5 1 3 0 2
1538691002 100 80 46 0 1 12 8 2 0 0 5 5 4 5 5 5 1 3 1 2
1539022278 101 80 46 0 1 12 8 2 0 0 5 5 4 5 5 5 1 3 1 2
1539090345 102 80 46 0 1 12 8 2 0 0 5 5 4 5 5 5 1 3 1 2
1539108371 103 80 46 0 1 12 8 2 0 0 5 5 4 5 5 5 1 3 1 2
1539298404 104 80 46 0 1 12 8 2 0 0 5 5 4 5 5 5 1 3 1 2
1539783249 105 80 46 0 1 12 8 2 0 0 5 5 4 5 5 5 1 3 1 2
1539898521 105 80 46 0 1 12 8 2 0 0 5 5 4 5 5 5 1 4 1 2
1540283585 106 80 46 0 1 12 8 2 0 0 5 5 4 5 5 5 1 4 1 2
1540334358 106 80 46 0 1 12 8 2 0 0 5 5 4 5 5 5 1 4 1 3
1540561922 107 80 46 0 1 12 8 2 0 0 5 5 4 5 5 5 1 4 1 3
1540822651 108 80 46 0 1 12 8 2 0 0 5 5 4 5 5 5 1 4 1 3
1540918038 109 80 46 0 1 12 8 2 0 0 5 5 4 5 5 5 1 4 1 3
1540921203 110 80 46 0 1 12 8 2 0 0 5 5 4 5 5 5 1 4 1 3
1540922807 111 80 46 0 1 12 8 2 0 0 5 5 4 5 5 5 1 4 1 3
1540989223 112 80 46 0 1 12 8 2 0 0 5 5 4 5 5 5 1 4 1 3
1540992838 113 80 46 0 1 12 8 2 0 0 5 5 4 5 5 5 1 4 1 3
1541013003 114 80 46 0 1 12 8 2 0 0 5 5 4 5 5 5 1 4 1 3
1541176890 115 80 46 0 1 12 8 2 0 0 5 5 4 5 5 5 1 4 1 3
1541417660 116 80 46 0 1 12 8 2 0 0 5 5 4 5 5 5 1 4 1 3
1541423342 117 80 46 0 1 12 8 2 0 0 5 5 4 5 5 5 1 4 1 3
1541690514 118 80 46 0 1 12 8 2 0 0 5 5 4 5 5 5 1 4 1 3
1541697951 119 80 46 0 1 12 8 2 0 0 5 5 4 5 5 5 1 4 1 3
1541768769 120 80 46 0 1 12 8 2 0 0 5 5 4 5 5 5 1 4 1 3
1541782363 121 80 46 0 1 12 8 2 0 0 5 5 4 5 5 5 1 4 1 3
1541785663 122 80 46 0 1 12 8 2 0 0 5 5 4 5 5 5 1 4 1 3
1541792867 123 80 46 0 1 12 8 2 0 0 5 5 4 5 5 5 1 4 1 3
1542034716 124 80 46 0 1 12 8 2 0 0 5 5 4 5 5 5 1 4 1 3
1542036943 125 80 46 0 1 12 8 2 0 0 5 5 4 5 5 5 1 4 1 3
1542037597 126 80 46 0 1 12 8 2 0 0 5 5 4 5 5 5 1 4 1 3
1542044148 127 80 46 0 1 12 8 2 0 0 5 5 4 5 5 5 1 4 1 3
1542045404 128 80 46 0 1 12 8 2 0 0 5 5 4 5 5 5 1 4 1 3
1542047831 129 80 46 0 1 12 8 2 0 0 5 5 4 5 5 5 1 4 1 3
1542048133 129 80 46 0 1 12 8 2 0 0 5 5 4 5 5 5 1 4 1 3
1542215092 130 80 46 0 1 12 8 2 0 0 5 5 4 5 5 5 1 4 1 3
1542227968 131 80 46 0 1 12 8 2 0 0 5 5 4 5 5 5 1 4 1 3
1542228773 131 80 47 0 1 12 8 2 0 0 5 5 4 5 5 5 1 4 1 3
1542285805 131 80 47 0 1 12 8 2 0 0 5 5 4 5 5 5 1 4 1 3
1542295711 132 80 47 0 1 12 8 2 0 0 5 5 4 5 5 5 1 4 1 3
1542296172 132 80 47 0 1 12 8 2 0 0 5 5 4 5 5 5 1 4 1 3
1542301652 132 80 47 1 1 12 8 2 0 0 5 5 4 5 5 5 1 4 1 3
1542313757 133 80 47 1 1 12 8 2 0 0 5 5 4 5 5 5 1 4 1 3
1542374615 134 80 47 1 1 12 8 2 0 0 5 5 4 5 5 5 1 4 1 3
1542374966 135 80 47 1 1 12 8 2 0 0 5 5 4 5 5 5 1 4 1 3
1542375513 136 80 47 1 1 12 8 2 0 0 5 5 4 5 5 5 1 4 1 3
1542536257 136 80 47 2 1 12 8 2 0 0 5 5 4 5 5 5 1 4 1 3
1542728377 136 80 48 2 1 12 8 2 0 0 5 5 4 5 5 5 1 4 1 3
1542732593 136 80 49 2 1 12 8 2 0 0 5 5 4 5 5 5 1 4 1 3
1542790659 136 80 49 2 2 12 8 2 0 0 5 5 4 5 5 5 1 4 1 3
1542892458 136 80 49 3 2 12 8 2 0 0 5 5 4 5 5 5 1 4 1 3
1542894141 136 80 49 3 3 12 8 2 0 0 5 5 4 5 5 5 1 4 1 3
1542901383 137 80 49 3 3 12 8 2 0 0 5 5 4 5 5 5 1 4 1 3
1542973589 138 80 49 3 3 12 8 2 0 0 5 5 4 5 5 5 1 4 1 3
1542976362 139 80 49 3 3 12 8 2 0 0 5 5 4 5 5 5 1 4 1 3
1542990182 140 80 49 3 3 12 8 2 0 0 5 5 4 5 5 5 1 4 1 3
1543238070 140 80 49 3 3 12 8 2 0 0 5 5 4 5 5 5 1 4 1 3
1543239004 140 80 49 3 4 12 8 2 0 0 5 5 4 5 5 5 1 4 1 3
1543260180 141 80 49 3 4 12 8 2 0 0 5 5 4 5 5 5 1 4 1 3
1543323846 141 80 49 3 4 12 8 2 0 0 5 5 4 5 5 5 1 4 1 3
1543407362 141 80 49 4 4 12 8 2 0 0 5 5 4 5 5 5 1 4 1 3
1543408083 141 80 49 4 5 12 8 2 0 0 5 5 4 5 5 5 1 4 1 3
1543408666 141 80 49 5 5 12 8 2 0 0 5 5 4 5 5 5 1 4 1 3
1543434774 141 80 49 5 6 12 8 2 0 0 5 5 4 5 5 5 1 4 1 3
1543441366 141 80 49 6 6 12 8 2 0 0 5 5 4 5 5 5 1 4 1 3
1543503523 141 81 49 6 6 12 8 2 0 0 5 5 4 5 5 5 1 4 1 3
1543579176 141 81 49 7 6 12 8 2 0 0 5 5 4 5 5 5 1 4 1 3
1543861546 141 81 49 8 6 12 8 2 0 0 5 5 4 5 5 5 1 4 1 3
1544112922 141 81 49 9 6 12 8 2 0 0 5 5 4 5 5 5 1 4 1 3
1544116549 141 81 49 10 6 12 8 2 0 0 5 5 4 5 5 5 1 4 1 3
1544546114 141 81 50 10 6 12 8 2 0 0 5 5 4 5 5 5 1 4 1 3
1544627927 141 81 50 10 6 12 8 2 0 0 5 5 4 5 5 5 1 4 1 3
1544648449 141 81 50 11 6 12 8 2 0 0 5 5 4 5 5 5 1 4 1 3
1545302795 141 81 50 12 6 12 8 2 0 0 5 5 4 5 5 5 1 4 1 3
1545319310 141 81 50 12 6 12 8 2 0 0 5 5 4 5 5 5 1 4 1 3
1545320802 141 81 50 13 6 12 8 2 0 0 5 5 4 5 5 5 1 4 1 3
1545401669 141 81 50 13 6 12 8 2 0 0 5 5 4 5 5 5 1 4 1 3
1545405408 141 81 50 13 6 12 8 2 0 0 5 5 4 5 5 5 1 4 1 3
1546519305 141 81 50 13 6 12 8 3 0 0 5 5 4 5 5 5 1 4 1 3
1546604961 141 81 50 13 7 12 8 3 0 0 5 5 4 5 5 5 1 4 1 3
1546611706 142 81 50 13 7 12 8 3 0 0 5 5 4 5 5 5 1 4 1 3
1546621411 143 81 50 13 7 12 8 3 0 0 5 5 4 5 5 5 1 4 1 3
1547042670 144 81 50 13 7 12 8 3 0 0 5 5 4 5 5 5 1 4 1 3
1547043651 144 81 50 14 7 12 8 3 0 0 5 5 4 5 5 5 1 4 1 3
1547055327 145 81 50 14 7 12 8 3 0 0 5 5 4 5 5 5 1 4 1 3
1547131535 145 81 50 14 7 12 8 3 0 0 5 5 4 5 5 5 1 4 1 3
1547211652 146 81 50 14 7 12 8 3 0 0 5 5 4 5 5 5 1 4 1 3
1547218736 147 81 50 14 7 12 8 3 0 0 5 5 4 5 5 5 1 4 1 3
1547224115 148 81 50 14 7 12 8 3 0 0 5 5 4 5 5 5 1 4 1 3
1547225545 149 81 50 14 7 12 8 3 0 0 5 5 4 5 5 5 1 4 1 3
1547468777 150 81 50 14 7 12 8 3 0 0 5 5 4 5 5 5 1 4 1 3
1547573297 151 81 50 14 7 12 8 3 0 0 5 5 4 5 5 5 1 4 1 3
1547582226 152 81 50 14 7 12 8 3 0 0 5 5 4 5 5 5 1 4 1 3
1547652117 153 81 50 14 7 12 8 3 0 0 5 5 4 5 5 5 1 4 1 3
1547652242 153 81 50 14 7 12 8 4 0 0 5 5 4 5 5 5 1 4 1 3
1547671366 154 81 50 14 7 12 8 4 0 0 5 5 4 5 5 5 1 4 1 3
1547729258 155 81 50 14 7 12 8 4 0 0 5 5 4 5 5 5 1 4 1 3
1547731971 155 81 50 14 7 12 8 5 0 0 5 5 4 5 5 5 1 4 1 3
1548177933 156 81 50 14 7 12 8 5 0 0 5 5 4 5 5 5 1 4 1 3
1548258079 157 81 50 14 7 12 8 5 0 0 5 5 4 5 5 5 1 4 1 3
1548258956 157 81 50 14 7 12 8 5 0 0 5 5 4 5 5 5 1 4 2 3
1548672466 158 81 50 14 7 12 8 5 0 0 5 5 4 5 5 5 1 4 2 3
1548796649 158 81 50 14 7 12 8 6 0 0 5 5 4 5 5 5 1 4 2 3
1548796843 158 81 50 14 7 12 8 7 0 0 5 5 4 5 5 5 1 4 2 3
1548874279 158 81 50 14 7 12 8 7 0 0 5 5 4 5 5 5 1 4 2 3
1548878090 158 81 50 14 7 12 8 7 0 0 5 5 4 5 5 5 1 4 2 3
1549067279 159 81 50 14 7 12 8 7 0 0 5 5 4 5 5 5 1 4 2 3
1549457598 159 81 50 14 7 12 8 7 0 0 5 5 4 5 5 5 1 4 2 3
1549457760 159 81 50 14 7 12 8 8 0 0 5 5 4 5 5 5 1 4 2 3
1549539246 160 81 50 14 7 12 8 8 0 0 5 5 4 5 5 5 1 4 2 3
1549563051 161 81 50 14 7 12 8 8 0 0 5 5 4 5 5 5 1 4 2 3
1549624662 162 81 50 14 7 12 8 8 0 0 5 5 4 5 5 5 1 4 2 3
1549632233 163 81 50 14 7 12 8 8 0 0 5 5 4 5 5 5 1 4 2 3
1549632482 164 81 50 14 7 12 8 8 0 0 5 5 4 5 5 5 1 4 2 3
1549905784 165 81 50 14 7 12 8 8 0 0 5 5 4 5 5 5 1 4 2 3
1549996080 166 81 50 14 7 12 8 8 0 0 5 5 4 5 5 5 1 4 2 3
1550063474 167 81 50 14 7 12 8 8 0 0 5 5 4 5 5 5 1 4 2 3
1550236928 168 81 50 14 7 12 8 8 0 0 5 5 4 5 5 5 1 4 2 3
1550240894 169 81 50 14 7 12 8 8 0 0 5 5 4 5 5 5 1 4 2 3
1550242014 170 81 50 14 7 12 8 8 0 0 5 5 4 5 5 5 1 4 2 3
1550487617 171 81 50 14 7 12 8 8 0 0 5 5 4 5 5 5 1 4 2 3
1550498301 172 81 50 14 7 12 8 8 0 0 5 5 4 5 5 5 1 4 2 3
1550693468 172 81 50 14 8 12 8 8 0 0 5 5 4 5 5 5 1 4 2 3
1551192278 173 81 50 14 8 12 8 8 0 0 5 5 4 5 5 5 1 4 2 3
1551198128 174 81 50 14 8 12 8 8 0 0 5 5 4 5 5 5 1 4 2 3
1551202439 175 81 50 14 8 12 8 8 0 0 5 5 4 5 5 5 1 4 2 3
1551290162 176 81 50 14 8 12 8 8 0 0 5 5 4 5 5 5 1 4 2 3
1551290277 177 81 50 14 8 12 8 8 0 0 5 5 4 5 5 5 1 4 2 3
1551358776 178 81 50 14 8 12 8 8 0 0 5 5 4 5 5 5 1 4 2 3
1552317983 178 81 50 14 9 12 8 8 0 0 5 5 4 5 5 5 1 4 2 3
1552318337 179 81 50 14 9 12 8 8 0 0 5 5 4 5 5 5 1 4 2 3
1552649866 179 81 50 14 9 12 8 8 0 0 5 5 4 5 5 5 1 4 3 3
1552921159 180 81 50 14 9 12 8 8 0 0 5 5 4 5 5 5 1 4 3 3
1553514666 180 81 50 14 9 12 8 8 0 0 5 5 4 5 5 5 1 4 3 3
1553516291 180 81 50 14 9 12 8 8 0 0 5 5 4 5 5 5 1 4 3 3
1553521349 181 81 50 14 9 12 8 8 0 0 5 5 4 5 5 5 1 4 3 3
1553526843 182 81 50 14 9 12 8 8 0 0 5 5 4 5 5 5 1 4 3 3
1553608858 183 81 50 14 9 12 8 8 0 0 5 5 4 5 5 5 1 4 3 3
1553786717 184 81 50 14 9 12 8 8 0 0 5 5 4 5 5 5 1 4 3 3
1553792801 185 81 50 14 9 12 8 8 0 0 5 5 4 5 5 5 1 4 3 3
1553876634 186 81 50 14 9 12 8 8 0 0 5 5 4 5 5 5 1 4 3 3
1554206195 187 81 50 14 9 12 8 8 0 0 5 5 4 5 5 5 1 4 3 3
1554208392 188 81 50 14 9 12 8 8 0 0 5 5 4 5 5 5 1 4 3 3
1554210238 189 81 50 14 9 12 8 8 0 0 5 5 4 5 5 5 1 4 3 3
1554214411 190 81 50 14 9 12 8 8 0 0 5 5 4 5 5 5 1 4 3 3
1554385404 191 81 50 14 9 12 8 8 0 0 5 5 4 5 5 5 1 4 3 3
1554387009 192 81 50 14 9 12 8 8 0 0 5 5 4 5 5 5 1 4 3 3
1554387532 193 81 50 14 9 12 8 8 0 0 5 5 4 5 5 5 1 4 3 3
1554392377 194 81 50 14 9 12 8 8 0 0 5 5 4 5 5 5 1 4 3 3
1554460555 195 81 50 14 9 12 8 8 0 0 5 5 4 5 5 5 1 4 3 3
1554817873 196 81 50 14 9 12 8 8 0 0 5 5 4 5 5 5 1 4 3 3
1554819228 197 81 50 14 9 12 8 8 0 0 5 5 4 5 5 5 1 4 3 3
1554822556 198 81 50 14 9 12 8 8 0 0 5 5 4 5 5 5 1 4 3 3
1554896948 199 81 50 14 9 12 8 8 0 0 5 5 4 5 5 5 1 4 3 3
1555085238 200 81 50 14 9 12 8 8 0 0 5 5 4 5 5 5 1 4 3 3
1555423932 200 81 50 14 9 12 8 8 0 0 5 5 4 5 5 5 1 4 3 3
1555602182 201 81 50 14 9 12 8 8 0 0 5 5 4 5 5 5 1 4 3 3
1556028041 201 81 50 14 9 12 8 8 0 0 5 5 5 5 5 5 1 4 3 3
1556224399 201 81 50 14 9 12 8 8 0 0 5 5 5 5 5 5 1 4 3 3
1556631592 201 81 50 14 9 12 8 8 0 0 5 5 5 5 5 5 1 4 3 3
1556796215 202 81 50 14 9 12 8 8 0 0 5 5 5 5 5 5 1 4 3 3
1556802967 203 81 50 14 9 12 8 8 0 0 5 5 5 5 5 5 1 4 3 3
1556825286 204 81 50 14 9 12 8 8 0 0 5 5 5 5 5 5 1 4 3 3
1556903379 205 81 50 14 9 12 8 8 0 0 5 5 5 5 5 5 1 4 3 3
1556966878 206 81 50 14 9 12 8 8 0 0 5 5 5 5 5 5 1 4 3 3
1556967206 206 81 50 14 10 12 8 8 0 0 5 5 5 5 5 5 1 4 3 3
1557149512 207 81 50 14 10 12 8 8 0 0 5 5 5 5 5 5 1 4 3 3
1557246725 208 81 50 14 10 12 8 8 0 0 5 5 5 5 5 5 1 4 3 3
1557928663 209 81 50 14 10 12 8 8 0 0 5 5 5 5 5 5 1 4 3 3
1557932971 210 81 50 14 10 12 8 8 0 0 5 5 5 5 5 5 1 4 3 3
1558015873 211 81 50 14 10 12 8 8 0 0 5 5 5 5 5 5 1 4 3 3
1558018681 212 81 50 14 10 12 8 8 0 0 5 5 5 5 5 5 1 4 3 3
1558029640 213 81 50 14 10 12 8 8 0 0 5 5 5 5 5 5 1 4 3 3
1558091538 213 81 50 14 10 12 8 8 0 0 5 5 5 5 5 5 1 4 3 3
1558458107 213 81 50 14 10 12 8 8 0 0 5 5 5 5 5 5 1 4 3 3
1558458641 214 81 50 14 10 12 8 8 0 0 5 5 5 5 5 5 1 4 3 3
1558458938 215 81 50 14 10 12 8 8 0 0 5 5 5 5 5 5 1 4 3 3
1558476265 216 81 50 14 10 12 8 8 0 0 5 5 5 5 5 5 1 4 3 3
1558618632 217 81 50 14 10 12 8 8 0 0 5 5 5 5 5 5 1 4 3 3
1559147752 218 81 50 14 10 12 8 8 0 0 5 5 5 5 5 5 1 4 3 3
1559821206 219 81 50 14 10 12 8 8 0 0 5 5 5 5 5 5 1 4 3 3
1560343587 220 81 50 14 10 12 8 8 0 0 5 5 5 5 5 5 1 4 3 3
1560427339 221 81 50 14 10 12 8 8 0 0 5 5 5 5 5 5 1 4 3 3
1560512312 222 81 50 14 10 12 8 8 0 0 5 5 5 5 5 5 1 4 3 3
1560774440 223 81 50 14 10 12 8 8 0 0 5 5 5 5 5 5 1 4 3 3
1560944901 224 81 50 14 10 12 8 8 0 0 5 5 5 5 5 5 1 4 3 3
1560946021 225 81 50 14 10 12 8 8 0 0 5 5 5 5 5 5 1 4 3 3
1560950250 226 81 50 14 10 12 8 8 0 0 5 5 5 5 5 5 1 4 3 3
1560970573 227 81 50 14 10 12 8 8 0 0 5 5 5 5 5 5 1 4 3 3
1561121766 228 81 50 14 10 12 8 8 0 0 5 5 5 5 5 5 1 4 3 3
1562767385 229 81 50 14 10 12 8 8 0 0 5 5 5 5 5 5 1 4 3 3
1562866247 230 81 50 14 10 12 8 8 0 0 5 5 5 5 5 5 1 4 3 3
1562866520 230 81 50 14 10 12 8 8 0 0 5 5 5 5 5 5 1 4 3 3
1562930059 231 81 50 14 10 12 8 8 0 0 5 5 5 5 5 5 1 4 3 3
1563370280 231 81 50 14 10 12 8 8 0 0 5 5 5 5 5 5 1 4 3 3
1563370421 232 81 50 14 10 12 8 8 0 0 5 5 5 5 5 5 1 4 3 3
1563370617 232 81 50 14 10 12 8 8 0 0 5 5 5 5 5 5 1 4 3 3
1563370827 233 81 50 14 10 12 8 8 0 0 5 5 5 5 5 5 1 4 3 3
1563789397 233 81 50 14 10 12 8 8 0 0 5 5 5 5 5 5 1 4 3 3
1563815614 233 81 50 14 10 12 8 8 0 0 5 5 5 5 5 5 1 4 3 3
1563890407 233 81 50 14 10 12 8 8 0 1 5 5 5 5 5 5 1 4 3 3
1564065050 234 81 50 14 10 12 8 8 0 1 5 5 5 5 5 5 1 4 3 3
1564127498 234 81 50 14 10 12 8 8 0 1 5 5 5 5 5 5 1 4 3 3
1564405569 235 81 50 14 10 12 8 8 0 1 5 5 5 5 5 5 1 4 3 3
1564407266 236 81 50 14 10 12 8 8 0 1 5 5 5 5 5 5 1 4 3 3
1564420579 237 81 50 14 10 12 8 8 0 1 5 5 5 5 5 5 1 4 3 3
1564485359 238 81 50 14 10 12 8 8 0 1 5 5 5 5 5 5 1 4 3 3
1564486154 239 81 50 14 10 12 8 8 0 1 5 5 5 5 5 5 1 4 3 3
1564493079 240 81 50 14 10 12 8 8 0 1 5 5 5 5 5 5 1 4 3 3
1564516823 240 81 50 14 11 12 8 8 0 1 5 5 5 5 5 5 1 4 3 3
1564571472 240 81 50 14 11 12 8 8 0 1 5 5 5 5 5 5 1 4 3 3
1565004409 241 81 50 14 11 12 8 8 0 1 5 5 5 5 5 5 1 4 3 3
1565096294 241 81 50 14 11 12 8 8 0 1 5 5 5 5 5 5 1 4 3 3
1565269539 242 81 50 14 11 12 8 8 0 1 5 5 5 5 5 5 1 4 3 3
1565276405 243 81 50 14 11 12 8 8 0 1 5 5 5 5 5 5 1 4 3 3
1565346219 244 81 50 14 11 12 8 8 0 1 5 5 5 5 5 5 1 4 3 3
1565350716 245 81 50 14 11 12 8 8 0 1 5 5 5 5 5 5 1 4 3 3
1565366678 246 81 50 14 11 12 8 8 0 1 5 5 5 5 5 5 1 4 3 3
1565737676 247 81 50 14 11 12 8 8 0 1 5 5 5 5 5 5 1 4 3 3
1565810073 248 81 50 14 11 12 8 8 0 1 5 5 5 5 5 5 1 4 3 3
1567015074 248 82 50 14 11 12 8 8 0 1 5 5 5 5 5 5 1 4 3 3
1567583046 248 82 50 14 11 12 8 8 0 1 5 5 5 5 5 5 1 4 3 3
1567598512 248 82 50 14 11 12 8 8 0 1 5 5 5 5 5 5 1 4 3 3
1567612499 248 82 50 14 11 12 8 8 0 1 5 5 5 5 5 5 1 4 3 3
1567692329 249 82 50 14 11 12 8 8 0 1 5 5 5 5 5 5 1 4 3 3
1567692718 250 82 50 14 11 12 8 8 0 1 5 5 5 5 5 5 1 4 3 3
1567694682 251 82 50 14 11 12 8 8 0 1 5 5 5 5 5 5 1 4 3 3
1567703489 252 82 50 14 11 12 8 8 0 1 5 5 5 5 5 5 1 4 3 3
1567707685 253 82 50 14 11 12 8 8 0 1 5 5 5 5 5 5 1 4 3 3
1567769290 254 82 50 14 11 12 8 8 0 1 5 5 5 5 5 5 1 4 3 3
1568030193 254 82 50 14 11 12 8 8 0 1 5 5 5 5 5 5 1 4 3 3
1568229367 254 82 50 14 12 12 8 8 0 1 5 5 5 5 5 5 1 4 3 3
1568734750 255 82 50 14 12 12 8 8 0 1 5 5 5 5 5 5 1 4 3 3
1568747805 256 82 50 14 12 12 8 8 0 1 5 5 5 5 5 5 1 4 3 3
1570020935 257 82 50 14 12 12 8 8 0 1 5 5 5 5 5 5 1 4 3 3
1570049473 258 82 50 14 12 12 8 8 0 1 5 5 5 5 5 5 1 4 3 3
1570654820 258 82 50 14 12 12 8 8 0 1 5 5 5 5 5 5 1 4 3 3
1570730915 258 82 50 14 12 12 8 8 0 1 5 5 5 5 5 5 1 4 3 3
1571141270 258 82 50 14 12 12 8 8 0 1 5 5 5 5 5 5 1 4 3 3
1571161126 259 82 50 14 12 12 8 8 0 1 5 5 5 5 5 5 1 4 3 3
1571404972 260 82 50 14 12 12 8 8 0 1 5 5 5 5 5 5 1 4 3 3
1571939816 261 82 50 14 12 12 8 8 0 1 5 5 5 5 5 5 1 4 3 3
1573049241 262 82 50 14 12 12 8 8 0 1 5 5 5 5 5 5 1 4 3 3
1573135983 262 82 50 14 12 12 8 8 0 1 5 5 5 5 5 5 1 4 3 3
1573741618 263 82 50 14 12 12 8 8 0 1 5 5 5 5 5 5 1 4 3 3
1574080092 264 82 50 14 12 12 8 8 0 1 5 5 5 5 5 5 1 4 3 3
1574963978 265 82 50 14 12 12 8 8 0 1 5 5 5 5 5 5 1 4 3 3
1576680200 265 82 50 14 12 12 8 8 0 1 5 5 5 5 5 5 1 4 3 3
1578492426 265 82 50 14 12 12 8 8 0 1 5 5 5 5 5 5 1 4 3 3
1579269376 266 82 50 14 12 12 8 8 0 1 5 5 5 5 5 5 1 4 3 3
1579333138 266 82 51 14 12 12 8 8 0 1 5 5 5 5 5 5 1 4 3 3
1579333368 267 82 51 14 12 12 8 8 0 1 5 5 5 5 5 5 1 4 3 3
1579461316 268 82 51 14 12 12 8 8 0 1 5 5 5 5 5 5 1 4 3 3
1580135159 269 82 51 14 12 12 8 8 0 1 5 5 5 5 5 5 1 4 3 3
1580139416 270 82 51 14 12 12 8 8 0 1 5 5 5 5 5 5 1 4 3 3
1580141678 271 82 51 14 12 12 8 8 0 1 5 5 5 5 5 5 1 4 3 3
1580315180 272 82 51 14 12 12 8 8 0 1 5 5 5 5 5 5 1 4 3 3
1580753747 273 82 51 14 12 12 8 8 0 1 5 5 5 5 5 5 1 4 3 3
1580754619 274 82 51 14 12 12 8 8 0 1 5 5 5 5 5 5 1 4 3 3
1580819945 275 82 51 14 12 12 8 8 0 1 5 5 5 5 5 5 1 4 3 3
1581010981 275 82 51 14 12 12 8 8 0 2 5 5 5 5 5 5 1 4 3 3
1581084824 275 82 51 14 12 12 8 8 0 3 5 5 5 5 5 5 1 4 3 3
1581330451 276 82 51 14 12 12 8 8 0 3 5 5 5 5 5 5 1 4 3 3
1581353449 277 82 51 14 12 12 8 8 0 3 5 5 5 5 5 5 1 4 3 3
1581353808 277 82 51 14 12 12 8 8 0 4 5 5 5 5 5 5 1 4 3 3
1581456622 278 82 51 14 12 12 8 8 0 4 5 5 5 5 5 5 1 4 3 3
1582035296 279 82 51 14 12 12 8 8 0 4 5 5 5 5 5 5 1 4 3 3
1582035785 279 82 51 14 12 12 8 8 0 4 5 5 5 5 5 5 2 4 3 3
1582206973 280 82 51 14 12 12 8 8 0 4 5 5 5 5 5 5 2 4 3 3
1582285323 281 82 51 14 12 12 8 8 0 4 5 5 5 5 5 5 2 4 3 3
1582546497 282 82 51 14 12 12 8 8 0 4 5 5 5 5 5 5 2 4 3 3
1582546985 283 82 51 14 12 12 8 8 0 4 5 5 5 5 5 5 2 4 3 3
1582907506 284 82 51 14 12 12 8 8 0 4 5 5 5 5 5 5 2 4 3 3
1582910968 284 82 51 14 12 12 8 8 1 4 5 5 5 5 5 5 2 4 3 3
1583415526 285 82 51 14 12 12 8 8 1 4 5 5 5 5 5 5 2 4 3 3
1583853497 285 82 51 14 12 12 8 8 1 4 5 5 5 5 5 5 3 4 3 3
1583853610 286 82 51 14 12 12 8 8 1 4 5 5 5 5 5 5 3 4 3 3
1583879293 286 82 51 14 12 12 8 8 1 4 5 5 5 5 5 5 4 4 3 3
1584709382 287 82 51 14 12 12 8 8 1 4 5 5 5 5 5 5 4 4 3 3
1585561823 287 82 51 14 12 12 8 8 1 4 5 5 5 5 5 5 4 4 3 3
1586362831 287 82 51 14 12 12 8 8 1 4 5 5 5 5 5 5 4 4 3 3
1586959086 288 82 51 14 12 12 8 8 1 4 5 5 5 5 5 5 4 4 3 3
1586967556 289 82 51 14 12 12 8 8 1 4 5 5 5 5 5 5 4 4 3 3
1587057023 289 82 51 14 12 12 8 8 1 4 5 5 5 5 5 5 4 4 3 3
1587127584 290 82 51 14 12 12 8 8 1 4 5 5 5 5 5 5 4 4 3 3
1587142208 291 82 51 14 12 12 8 8 1 4 5 5 5 5 5 5 4 4 3 3
1588153528 292 82 51 14 12 12 8 8 1 4 5 5 5 5 5 5 4 4 3 3
1588693201 293 82 51 14 12 12 8 8 1 4 5 5 5 5 5 5 4 4 3 3
1588693533 294 82 51 14 12 12 8 8 1 4 5 5 5 5 5 5 4 4 3 3
1588695128 295 82 51 14 12 12 8 8 1 4 5 5 5 5 5 5 4 4 3 3
1588697867 296 82 51 14 12 12 8 8 1 4 5 5 5 5 5 5 4 4 3 3
1589412958 296 82 51 14 12 12 8 8 1 4 5 5 5 5 5 5 4 4 3 3
1589907051 296 82 51 14 12 12 8 8 1 4 5 5 5 5 5 5 4 4 3 3
1590337477 297 82 51 14 12 12 8 8 1 4 5 5 5 5 5 5 4 4 3 3
1590579367 297 82 51 14 12 12 8 8 1 4 5 5 5 5 5 5 4 4 3 3
1590625653 297 82 51 14 12 12 8 8 1 4 5 5 5 5 5 5 4 4 3 3
1590629852 297 82 51 14 12 12 8 8 1 4 5 5 5 5 5 5 4 4 3 3
1590672270 298 82 51 14 12 12 8 8 1 4 5 5 5 5 5 5 4 4 3 3
1590677091 299 82 51 14 12 12 8 8 1 4 5 5 5 5 5 5 4 4 3 3
1590684907 300 82 51 14 12 12 8 8 1 4 5 5 5 5 5 5 4 4 3 3
1590688315 301 82 51 14 12 12 8 8 1 4 5 5 5 5 5 5 4 4 3 3
1590703679 302 82 51 14 12 12 8 8 1 4 5 5 5 5 5 5 4 4 3 3
1590764122 303 82 51 14 12 12 8 8 1 4 5 5 5 5 5 5 4 4 3 3
1590928829 303 82 51 14 12 12 8 8 1 4 5 5 5 5 5 5 4 4 3 3
1591123044 303 82 51 14 12 12 8 8 1 4 5 5 5 5 5 5 4 4 3 3
1591288278 304 82 51 14 12 12 8 8 1 4 5 5 5 5 5 5 4 4 3 3
1591291877 305 82 51 14 12 12 8 8 1 4 5 5 5 5 5 5 4 4 3 3
1591351002 306 82 51 14 12 12 8 8 1 4 5 5 5 5 5 5 4 4 3 3
1591367152 307 82 51 14 12 12 8 8 1 4 5 5 5 5 5 5 4 4 3 3
1591395341 308 82 51 14 12 12 8 8 1 4 5 5 5 5 5 5 4 4 3 3
1591663928 309 82 51 14 12 12 8 8 1 4 5 5 5 5 5 5 4 4 3 3
1591709923 310 82 51 14 12 12 8 8 1 4 5 5 5 5 5 5 4 4 3 3
1591878955 311 82 51 14 12 12 8 8 1 4 5 5 5 5 5 5 4 4 3 3
1591879186 312 82 51 14 12 12 8 8 1 4 5 5 5 5 5 5 4 4 3 3
1591879895 313 82 51 14 12 12 8 8 1 4 5 5 5 5 5 5 4 4 3 3
1591982324 314 82 51 14 12 12 8 8 1 4 5 5 5 5 5 5 4 4 3 3
1592950320 315 82 51 14 12 12 8 8 1 4 5 5 5 5 5 5 4 4 3 3
1592950450 316 82 51 14 12 12 8 8 1 4 5 5 5 5 5 5 4 4 3 3
1592950548 317 82 51 14 12 12 8 8 1 4 5 5 5 5 5 5 4 4 3 3
1592951021 317 82 51 14 12 12 8 8 1 4 5 5 5 5 5 5 4 4 3 3
1594744522 318 82 51 14 12 12 8 8 1 4 5 5 5 5 5 5 4 4 3 3
1595088171 319 82 51 14 12 12 8 8 1 4 5 5 5 5 5 5 4 4 3 3
1595613717 319 83 51 14 12 12 8 8 1 4 5 5 5 5 5 5 4 4 3 3
1596629959 319 83 51 14 12 12 8 8 1 4 5 5 5 5 5 5 4 4 3 3
1597679906 319 84 51 14 12 12 8 8 1 4 5 5 5 5 5 5 4 4 3 3
1597875167 320 84 51 14 12 12 8 8 1 4 5 5 5 5 5 5 4 4 3 3
1598435855 320 84 51 14 12 12 8 8 1 4 5 5 5 5 5 5 4 4 3 3
1598454525 320 85 51 14 12 12 8 8 1 4 5 5 5 5 5 5 4 4 3 3
1598535600 320 85 51 14 12 12 8 8 1 4 5 5 5 5 5 5 4 4 3 3
1599148681 321 85 51 14 12 12 8 8 1 4 5 5 5 5 5 5 4 4 3 3
1599152422 322 85 51 14 12 12 8 8 1 4 5 5 5 5 5 5 4 4 3 3
1599589828 323 85 51 14 12 12 8 8 1 4 5 5 5 5 5 5 4 4 3 3
1599746999 324 85 51 14 12 12 8 8 1 4 5 5 5 5 5 5 4 4 3 3
1599747425 325 85 51 14 12 12 8 8 1 4 5 5 5 5 5 5 4 4 3 3
1599751637 326 85 51 14 12 12 8 8 1 4 5 5 5 5 5 5 4 4 3 3
1599756943 327 85 51 14 12 12 8 8 1 4 5 5 5 5 5 5 4 4 3 3
1599829562 328 85 51 14 12 12 8 8 1 4 5 5 5 5 5 5 4 4 3 3
1599833747 329 85 51 14 12 12 8 8 1 4 5 5 5 5 5 5 4 4 3 3
1599917107 330 85 51 14 12 12 8 8 1 4 5 5 5 5 5 5 4 4 3 3
1600779397 331 85 51 14 12 12 8 8 1 4 5 5 5 5 5 5 4 4 3 3
1600794345 332 85 51 14 12 12 8 8 1 4 5 5 5 5 5 5 4 4 3 3
1601045843 332 86 51 14 12 12 8 8 1 4 5 5 5 5 5 5 4 4 3 3
1603463095 332 86 51 14 12 12 8 8 1 4 5 5 5 5 5 5 4 4 3 3
1603895432 333 86 51 14 12 12 8 8 1 4 5 5 5 5 5 5 4 4 3 3
1603899683 334 86 51 14 12 12 8 8 1 4 5 5 5 5 5 5 4 4 3 3
1604329466 335 86 51 14 12 12 8 8 1 4 5 5 5 5 5 5 4 4 3 3
1607452981 335 86 51 14 12 12 8 8 1 4 5 5 5 5 5 5 4 4 3 3
1607453236 335 86 51 14 12 12 8 8 1 4 5 5 5 5 5 5 4 4 3 3
1607538199 335 86 51 14 12 12 8 8 2 4 5 5 5 5 5 5 4 4 3 3
1607540097 336 86 51 14 12 12 8 8 2 4 5 5 5 5 5 5 4 4 3 3
1607612795 336 86 51 14 12 12 8 8 2 4 5 5 5 5 5 5 4 4 3 3
1607624151 337 86 51 14 12 12 8 8 2 4 5 5 5 5 5 5 4 4 3 3
1607707860 337 86 51 14 12 12 8 8 3 4 5 5 5 5 5 5 4 4 3 3
1607739535 338 86 51 14 12 12 8 8 3 4 5 5 5 5 5 5 4 4 3 3
1607783055 339 86 51 14 12 12 8 8 3 4 5 5 5 5 5 5 4 4 3 3
1607975103 340 86 51 14 12 12 8 8 3 4 5 5 5 5 5 5 4 4 3 3
1610380549 340 86 51 14 12 12 8 8 3 4 5 5 5 5 5 5 4 4 3 3
1610555788 341 86 51 14 12 12 8 8 3 4 5 5 5 5 5 5 4 4 3 3
1610569508 342 86 51 14 12 12 8 8 3 4 5 5 5 5 5 5 4 4 3 3
1611842537 343 86 51 14 12 12 8 8 3 4 5 5 5 5 5 5 4 4 3 3
1611872272 343 86 51 14 12 12 8 8 3 4 5 5 5 5 5 5 4 4 3 3
1612180408 344 86 51 14 12 12 8 8 3 4 5 5 5 5 5 5 4 4 3 3
1612205767 345 86 51 14 12 12 8 8 3 4 5 5 5 5 5 5 4 4 3 3
1612271938 346 86 51 14 12 12 8 8 3 4 5 5 5 5 5 5 4 4 3 3
1612277475 347 86 51 14 12 12 8 8 3 4 5 5 5 5 5 5 4 4 3 3
1612351509 347 86 51 14 12 12 8 8 3 4 5 5 5 5 5 5 4 4 3 3
1612351674 348 86 51 14 12 12 8 8 3 4 5 5 5 5 5 5 4 4 3 3
1612351790 349 86 51 14 12 12 8 8 3 4 5 5 5 5 5 5 4 4 3 3
1612358363 350 86 51 14 12 12 8 8 3 4 5 5 5 5 5 5 4 4 3 3
1612527915 351 86 51 14 12 12 8 8 3 4 5 5 5 5 5 5 4 4 3 3
1612788602 352 86 51 14 12 12 8 8 3 4 5 5 5 5 5 5 4 4 3 3
1613485299 352 86 51 14 12 12 8 8 3 4 5 5 5 5 5 5 4 4 3 3
1613737121 352 86 51 14 12 12 8 8 3 4 5 5 5 5 5 5 4 4 3 3
1614190382 353 86 51 14 12 12 8 8 3 4 5 5 5 5 5 5 4 4 3 3
1614266248 354 86 51 14 12 12 8 8 3 4 5 5 5 5 5 5 4 4 3 3
1614341851 355 86 51 14 12 12 8 8 3 4 5 5 5 5 5 5 4 4 3 3
1614432247 355 86 52 14 12 12 8 8 3 4 5 5 5 5 5 5 4 4 3 3
1617760848 355 86 52 14 12 12 8 8 3 4 5 5 5 5 5 5 4 4 3 3
1617877383 356 86 52 14 12 12 8 8 3 4 5 5 5 5 5 5 4 4 3 3
1620653972 356 86 52 14 12 12 8 8 4 4 5 5 5 5 5 5 4 4 3 3
1620655679 356 86 52 14 12 12 8 8 4 4 5 5 5 5 5 5 4 4 3 3
1622041689 357 86 52 14 12 12 8 8 4 4 5 5 5 5 5 5 4 4 3 3
1627984089 357 86 52 14 12 12 8 8 4 4 5 5 5 5 5 5 4 4 3 3
1628074838 357 86 52 14 12 12 8 8 4 4 5 5 5 5 5 5 4 4 3 3
1628093716 357 86 52 14 12 12 8 8 4 4 5 5 5 5 5 5 4 4 3 3
1629397937 357 86 52 14 12 12 8 8 4 4 5 5 5 5 5 5 4 4 3 3
1629761337 357 86 52 14 12 12 8 8 4 4 5 5 5 5 5 5 4 4 3 3
1629815597 357 86 52 14 12 12 8 8 4 4 5 5 5 5 5 5 4 4 3 3
1630684511 357 86 52 14 12 12 8 8 4 4 5 5 5 5 5 5 4 4 3 3
1630684729 357 86 52 14 12 12 8 8 4 4 5 5 5 5 5 5 4 4 3 3
1630930920 358 86 52 14 12 12 8 8 4 4 5 5 5 5 5 5 4 4 3 3
1630938260 358 86 52 14 12 12 8 8 4 4 5 5 5 5 5 5 4 4 3 3
1631324297 358 86 52 14 12 12 8 8 4 4 5 5 5 5 5 5 5 4 3 3
1632152258 358 86 52 14 12 12 8 8 4 4 5 5 5 5 5 5 5 4 3 3
1633442019 358 86 52 14 12 12 8 8 4 4 5 5 5 5 5 5 5 4 3 3
1633442316 358 86 52 14 12 12 8 8 4 4 5 5 5 5 5 5 5 4 3 3
1633442463 358 86 52 14 12 12 8 8 5 4 5 5 5 5 5 5 5 4 3 3
1633531201 359 86 52 14 12 12 8 8 5 4 5 5 5 5 5 5 5 4 3 3
1633621602 360 86 52 14 12 12 8 8 5 4 5 5 5 5 5 5 5 4 3 3
1634655964 361 86 52 14 12 12 8 8 5 4 5 5 5 5 5 5 5 4 3 3
1634991249 361 86 52 14 12 12 8 8 5 4 5 5 5 5 5 5 5 4 3 3
1635256999 361 86 52 14 12 12 8 8 5 4 5 5 5 5 5 5 5 4 3 3
1638186091 361 86 52 14 12 12 8 8 5 4 5 5 5 5 5 5 5 4 3 3
1638193472 362 86 52 14 12 12 8 8 5 4 5 5 5 5 5 5 5 4 3 3
1638193917 363 86 52 14 12 12 8 8 5 4 5 5 5 5 5 5 5 4 3 3
1641903220 363 86 52 14 12 12 8 8 5 4 5 5 5 5 5 5 5 4 3 3
1641907573 364 86 52 14 12 12 8 8 5 4 5 5 5 5 5 5 5 4 3 3
1642077053 364 86 52 14 12 12 8 8 5 4 5 5 5 5 5 5 5 4 3 3
1643807106 364 86 52 14 12 12 8 8 6 4 5 5 5 5 5 5 5 4 3 3
1643807983 365 86 52 14 12 12 8 8 6 4 5 5 5 5 5 5 5 4 3 3
1643814186 366 86 52 14 12 12 8 8 6 4 5 5 5 5 5 5 5 4 3 3
1643819224 367 86 52 14 12 12 8 8 6 4 5 5 5 5 5 5 5 4 3 3
1643821039 367 86 52 14 12 12 8 8 6 4 5 5 5 5 5 5 5 4 3 3
1644335862 368 86 52 14 12 12 8 8 6 4 5 5 5 5 5 5 5 4 3 3
1644340437 369 86 52 14 12 12 8 8 6 4 5 5 5 5 5 5 5 4 3 3
1644342254 370 86 52 14 12 12 8 8 6 4 5 5 5 5 5 5 5 4 3 3
1644495514 370 86 52 14 12 12 8 8 6 4 5 5 5 5 5 5 5 4 3 3
1644579355 371 86 52 14 12 12 8 8 6 4 5 5 5 5 5 5 5 4 3 3
1644919747 372 86 52 14 12 12 8 8 6 4 5 5 5 5 5 5 5 4 3 3
1645714984 372 86 52 14 12 12 8 8 6 4 5 5 5 5 5 5 5 4 3 3
1645715603 372 86 52 14 12 12 8 8 6 4 5 5 5 5 5 5 5 4 3 3
1645716327 372 86 52 14 12 12 8 8 6 4 5 5 5 5 5 5 5 4 3 3
1646845518 372 86 52 14 12 12 8 8 6 5 5 5 5 5 5 5 5 4 3 3
1647874071 372 86 52 14 12 12 8 8 6 5 5 5 5 5 5 5 5 4 3 3
1647964087 373 86 52 14 12 12 8 8 6 5 5 5 5 5 5 5 5 4 3 3
1648043084 374 86 52 14 12 12 8 8 6 5 5 5 5 5 5 5 5 4 3 3
1649874899 374 86 52 14 12 12 8 8 6 5 5 5 5 5 5 5 5 4 3 3
1649875139 374 86 52 14 12 12 8 8 6 5 5 5 5 5 5 5 5 4 3 3
1649875431 374 86 52 14 12 12 8 8 6 5 5 5 5 5 5 5 5 4 3 3
1649875637 374 86 52 14 12 12 8 8 6 5 5 5 5 5 5 5 5 4 3 3
1649877303 375 86 52 14 12 12 8 8 6 5 5 5 5 5 5 5 5 4 3 3
1651165730 376 86 52 14 12 12 8 8 6 5 5 5 5 5 5 5 5 4 3 3
1651167853 376 86 52 14 12 12 8 8 6 5 5 5 5 5 5 5 5 4 3 3
1651168096 377 86 52 14 12 12 8 8 6 5 5 5 5 5 5 5 5 4 3 3
1652200327 378 86 52 14 12 12 8 8 6 5 5 5 5 5 5 5 5 4 3 3
1653395446 378 86 52 14 12 12 8 8 6 5 5 5 5 5 5 5 5 4 3 3
1653999919 379 86 52 14 12 12 8 8 6 5 5 5 5 5 5 5 5 4 3 3
