1464976637 6430
1465570745 6438
1465571191 6440
1466432181 6452
1466609828 6455
1467642219 6454
1469026309 6457
1470152485 6457
1470257585 6466
1471874551 6527
1474838841 6524
1476130701 6547
1476918387 6543
1477058757 6546
1477060487 7880
1480433543 8015
1481291741 13521
1481554913 13522
1481644766 13528
1481834530 13531
1482165310 13545
1482175617 13548
1482353260 13546
1482937147 13555
1484667543 13555
1485374954 13555
1485532013 13555
1485533284 13555
1485807315 13691
1486053286 13710
1487717082 13710
1487789634 13784
1487865399 13755
1488966635 13755
1489076334 13765
1489088200 13789
1489157246 13789
1489498994 13794
1489525916 13795
1489592739 13793
1490690241 13776
1490802773 13793
1491250270 13905
1491500249 15213
1491579062 15213
1491926704 15213
1491930737 15213
1492185892 15233
1492525494 15235
1492525653 15235
1492778678 15391
1492778726 15392
1492780205 15392
1493316864 15586
1493821249 15586
1494337616 15586
1494432526 15587
1494960420 15587
1495122172 15587
1496248929 15593
1496403381 15633
1496857403 15707
1497014774 15716
1498048667 15754
1498142728 15787
1498225915 15801
1498471047 15802
1503670984 15799
1503675969 15803
1504038003 15803
1504038030 15805
1504103833 15805
1504104670 15837
1504620050 15920
1504629511 15952
1504728848 15961
1505231513 15968
1505398312 15964
1505414059 15964
1506676689 15964
1507067450 16012
1507635863 16123
1508427463 16121
1510732843 16196
1511877533 16135
1511975056 16136
1512070915 16136
1512124458 16146
1512124544 16168
1512124613 16167
1512124732 16176
1512125344 16176
1512125632 16176
1512126012 16186
1512133230 16258
1512138758 16308
1512411209 16307
1513611190 16306
1513612089 16306
1513694241 16316
1513694983 16326
1513695324 16334
1513695368 16334
1513695471 16341
1513766253 16342
1513774210 16345
1514931176 16354
1515506779 16365
1515507083 16387
1516012010 16449
1516018566 16450
1516105918 16451
1516125161 16465
1516216906 16497
1516293191 16833
1516362578 16888
1516378476 16967
1516886715 17081
1516890048 17079
1516902773 17093
1516902855 17192
1517055688 17381
1518032849 17424
1518187598 17426
1518709115 17427
1518792539 17427
1519055581 17441
1519070172 17482
1519151333 17607
1519391176 17617
1519402561 17613
1519655443 17645
1519661483 17631
1519663735 17639
1519671143 17685
1519674557 17639
1519758706 17644
1519830649 17690
1519916311 17722
1520521348 18063
1520614528 18069
1521468843 18056
1521542672 18062
1521635755 18073
1521652149 18093
1521715642 18097
1521741741 18195
1521816880 18213
1521822297 18211
1521826329 18197
1521835143 18197
1521836325 18169
1522065073 18222
1522069534 18086
1522070452 18341
1522071302 18666
1522071422 18666
1522074827 18667
1522082023 18673
1522161827 18704
1522239637 19203
1522256908 19254
1522322183 19273
1522759659 19274
1522834829 19337
1522835124 19356
1522852580 19359
1522852627 19362
1522852715 19362
1522931868 19367
1522942079 19375
1523369487 19376
1523529346 19550
1523613422 19544
1523633714 19544
1523636313 19544
1523962795 19549
1523963690 19549
1523999917 19549
1523999945 19552
1524000006 19584
1524000039 19622
1524000480 19621
1524075059 19639
1524143667 19642
1524146961 19553
1524224411 19555
1524563129 19395
1524569731 19421
1524585665 19427
1524647796 19422
1524650024 19422
1524735633 19423
1524752640 19423
1524837299 19457
1525260389 19530
1525291162 19530
1525694884 19530
1525880995 19560
1525972772 19559
1526474723 19628
1526481704 19794
1526483281 19795
1526485237 19805
1526556358 19866
1526556797 20078
1526560189 20078
1526560281 20177
1526564279 20182
1526566729 20182
1527163543 20270
1527775859 20290
1528136721 20349
1528199349 20392
1528208352 20405
1528273775 20408
1528448569 20559
1528741650 21530
1528881771 21586
1528911203 21600
1529068864 21626
1529086852 21637
1529334560 21760
1530531570 21761
1530802080 21850
1531241731 21934
1531317676 21985
1532011388 22068
1532356987 22178
1532951395 22178
1532961820 22074
1533233436 22079
1534498449 22088
1534509681 22130
1534871291 22139
1535045190 22139
1535391774 22144
1535463275 22144
1535487744 22144
1535557340 22168
1535559830 22169
1535561867 22185
1535707028 22172
1535732305 22175
1536571362 22249
1536572704 22249
1536671036 22258
1536677793 22258
1537534502 22270
1537985230 22287
1538151371 22295
1538662287 22295
1538691002 22278
1539022278 22555
1539090345 22555
1539108371 24304
1539298404 24306
1539783249 24306
1539898521 24313
1540283585 24321
1540334358 24331
1540561922 24417
1540822651 24419
1540918038 24484
1540921203 24553
1540922807 24551
1540989223 24558
1540992838 24716
1541013003 24726
1541176890 24731
1541417660 24734
1541423342 24734
1541690514 24735
1541697951 25048
1541768769 25115
1541782363 25217
1541785663 25277
1541792867 25330
1542034716 25312
1542036943 25534
1542037597 25640
1542044148 25726
1542045404 25888
1542047831 25891
1542048133 25942
1542215092 25949
1542227968 26048
1542228773 26048
1542285805 26105
1542295711 26138
1542296172 26241
1542301652 26348
1542313757 26474
1542374615 26524
1542374966 26530
1542375513 26585
1542536257 26604
1542728377 26614
1542732593 26642
1542790659 26642
1542892458 26754
1542894141 26761
1542901383 26797
1542973589 26834
1542976362 26845
1542990182 26848
1543238070 26846
1543239004 26849
1543260180 26860
1543323846 26860
1543407362 26868
1543408083 26868
1543408666 26877
1543434774 26891
1543441366 26891
1543503523 26893
1543579176 26901
1543861546 27112
1544112922 27134
1544116549 27167
1544546114 27168
1544627927 27168
1544648449 27167
1545302795 27182
1545319310 27182
1545320802 27185
1545401669 27167
1545405408 27172
1546519305 27170
1546604961 27169
1546611706 27169
1546621411 27180
1547042670 27266
1547043651 27308
1547055327 27309
1547131535 27309
1547211652 27368
1547218736 27413
1547224115 27413
1547225545 27414
1547468777 27414
1547573297 27633
1547582226 27776
1547652117 27911
1547652242 27939
1547671366 28006
1547729258 27997
1547731971 28008
1548177933 28388
1548258079 28394
1548258956 28401
1548672466 28483
1548796649 28484
1548796843 28484
1548874279 28484
1548878090 28486
1549067279 28505
1549457598 28505
1549457760 28508
1549539246 29071
1549563051 29232
1549624662 29391
1549632233 29396
1549632482 29427
1549905784 29464
1549996080 29504
1550063474 29513
1550236928 29589
1550240894 29602
1550242014 29602
1550487617 29627
1550498301 29630
1550693468 29638
1551192278 29640
1551198128 29655
1551202439 29747
1551290162 30538
1551290277 30618
1551358776 30618
1552317983 30618
1552318337 30653
1552649866 30652
1552921159 30687
1553514666 30856
1553516291 31042
1553521349 31042
1553526843 31045
1553608858 31059
1553786717 31142
1553792801 31184
1553876634 31186
1554206195 31203
1554208392 31205
1554210238 31212
1554214411 31346
1554385404 31374
1554387009 31452
1554387532 31485
1554392377 31485
1554460555 31484
1554817873 31502
1554819228 31502
1554822556 31507
1554896948 31519
1555085238 31519
1555423932 31553
1555602182 31559
1556028041 31559
1556224399 31559
1556631592 31585
1556796215 31601
1556802967 31921
1556825286 31938
1556903379 31940
1556966878 31954
1556967206 31950
1557149512 31963
1557246725 31967
1557928663 31992
1557932971 31992
1558015873 31982
1558018681 32057
1558029640 32079
1558091538 32076
1558458107 32203
1558458641 32266
1558458938 32266
1558476265 32268
1558618632 32268
1559147752 32256
1559821206 32256
1560343587 32474
1560427339 32555
1560512312 32610
1560774440 32618
1560944901 32639
1560946021 32699
1560950250 32720
1560970573 32730
1561121766 32720
1562767385 32776
1562866247 32790
1562866520 32790
1562930059 32838
1563370280 32909
1563370421 33085
1563370617 33237
1563370827 33239
1563789397 33262
1563815614 33352
1563890407 33473
1564065050 33488
1564127498 33511
1564405569 33608
1564407266 33617
1564420579 33617
1564485359 33621
1564486154 33621
1564493079 33621
1564516823 33621
1564571472 33620
1565004409 33624
1565096294 33689
1565269539 33992
1565276405 34161
1565346219 34164
1565350716 34164
1565366678 34146
1565737676 34155
1565810073 34164
1567015074 34174
1567583046 34174
1567598512 34181
1567612499 34707
1567692329 34707
1567692718 34814
1567694682 34851
1567703489 34855
1567707685 34855
1567769290 34856
1568030193 34862
1568229367 34862
1568734750 34877
1568747805 34878
1570020935 34825
1570049473 34825
1570654820 34882
1570730915 34964
1571141270 35089
1571161126 35089
1571404972 35088
1571939816 35100
1573049241 35125
1573135983 35125
1573741618 35113
1574080092 35185
1574963978 35218
1576680200 35250
1578492426 35250
1579269376 35128
1579333138 35133
1579333368 35168
1579461316 35160
1580135159 35163
1580139416 35192
1580141678 35221
1580315180 35222
1580753747 35245
1580754619 35285
1580819945 35288
1581010981 35389
1581084824 35392
1581330451 35397
1581353449 35402
1581353808 35500
1581456622 35590
1582035296 37351
1582035785 37560
1582206973 37612
1582285323 37649
1582546497 37651
1582546985 37664
1582907506 37676
1582910968 37676
1583415526 37692
1583853497 37799
1583853610 37843
1583879293 37924
1584709382 38240
1585561823 38303
1586362831 38291
1586959086 38194
1586967556 38898
1587057023 38904
1587127584 38947
1587142208 38977
1588153528 39013
1588693201 39032
1588693533 39025
1588695128 39042
1588697867 39079
1589412958 39079
1589907051 39081
1590337477 39405
1590579367 39413
1590625653 39443
1590629852 39477
1590672270 39477
1590677091 39477
1590684907 39477
1590688315 39540
1590703679 39540
1590764122 39540
1590928829 39541
1591123044 39590
1591288278 39763
1591291877 39795
1591351002 39776
1591367152 39779
1591395341 39831
1591663928 39873
1591709923 39882
1591878955 39886
1591879186 39926
1591879895 39929
1591982324 39953
1592950320 39989
1592950450 39992
1592950548 40007
1592951021 40011
1594744522 40015
1595088171 39973
1595613717 40067
1596629959 40256
1597679906 40367
1597875167 41104
1598435855 41104
1598454525 41143
1598535600 41147
1599148681 41168
1599152422 41188
1599589828 41318
1599746999 41318
1599747425 41421
1599751637 41529
1599756943 41538
1599829562 41539
1599833747 41539
1599917107 41542
1600779397 41575
1600794345 41629
1601045843 41629
1603463095 41637
1603895432 41638
1603899683 41638
1604329466 43645
1607452981 43646
1607453236 43690
1607538199 43818
1607540097 43818
1607612795 43830
1607624151 43867
1607707860 43867
1607739535 43867
1607783055 43866
1607975103 43887
1610380549 43887
1610555788 43890
1610569508 43893
1611842537 45093
1611872272 45093
1612180408 45093
1612205767 45093
1612271938 45095
1612277475 45092
1612351509 45094
1612351674 45129
1612351790 45347
1612358363 45356
1612527915 45372
1612788602 45406
1613485299 45417
1613737121 45420
1614190382 45424
1614266248 45424
1614341851 45424
1614432247 45509
1617760848 45509
1617877383 45542
1620653972 45542
1620655679 45542
1622041689 45539
1627984089 45615
1628074838 45652
1628093716 45652
1629397937 45658
1629761337 45658
1629815597 45704
1630684511 45927
1630684729 45932
1630930920 45934
1630938260 45917
1631324297 45923
1632152258 46034
1633442019 46037
1633442316 46043
1633442463 46063
1633531201 46154
1633621602 46149
1634655964 46149
1634991249 46149
1635256999 46150
1638186091 46150
1638193472 46171
1638193917 46174
1641903220 46206
1641907573 46226
1642077053 46226
1643807106 46236
1643807983 46311
1643814186 46414
1643819224 46525
1643821039 46525
1644335862 46966
1644340437 47032
1644342254 47031
1644495514 47031
1644579355 47116
1644919747 47125
1645714984 47127
1645715603 47127
1645716327 47127
1646845518 47170
1647874071 47170
1647964087 47209
1648043084 47231
1649874899 47346
1649875139 47474
1649875431 47500
1649875637 47512
1649877303 47512
1651165730 47512
1651167853 47516
1651168096 47516
1652200327 47521
1653395446 47566
1653999919 47571
