1464976637 0 0 6430 0 0 0 0 0 0 0 0 0 0 0 0 0 0 0 0 0
1465564528 0 0 6439 0 0 0 0 0 0 0 0 0 0 0 0 0 0 0 0 0
1465570641 0 0 6439 0 0 0 0 0 0 0 0 0 0 0 0 0 0 0 0 0
1465570745 0 0 6439 0 0 0 0 0 0 0 0 0 0 0 0 0 0 0 0 0
1465571191 0 0 6439 0 0 0 0 0 0 0 0 0 0 0 0 0 0 0 0 0
1466171207 0 0 6439 0 0 0 0 0 0 0 0 0 0 0 0 0 0 0 0 0
1466432181 0 0 6439 0 0 0 0 0 0 0 0 0 0 0 0 0 0 0 0 0
1466609828 0 0 6448 0 0 0 0 0 0 0 0 0 0 0 0 0 0 0 0 0
1466776607 0 0 6458 0 0 0 0 0 0 0 0 0 0 0 0 0 0 0 0 0
1467642219 0 0 6458 0 0 0 0 0 0 0 0 0 0 0 0 0 0 0 0 0
1469026309 0 0 6458 0 0 0 0 0 0 0 0 0 0 0 0 0 0 0 0 0
1470152485 0 0 6458 0 0 0 0 0 0 0 0 0 0 0 0 0 0 0 0 0
1470171900 0 0 6467 0 0 0 0 0 0 0 0 0 0 0 0 0 0 0 0 0
1470257585 0 0 6467 0 0 0 0 0 0 0 0 0 0 0 0 0 0 0 0 0
1471874551 0 0 6467 0 0 0 0 0 0 0 0 0 0 0 0 0 0 0 0 0
1474684276 0 0 6471 0 0 0 0 0 0 0 0 0 0 0 0 0 0 0 0 0
1474838841 0 0 6471 0 0 0 0 0 0 0 0 0 0 0 0 0 0 0 0 0
1476108181 0 0 6492 0 0 0 0 0 0 0 0 0 0 0 0 0 0 0 0 0
1476128765 0 0 6496 0 0 0 0 0 0 0 0 0 0 0 0 0 0 0 0 0
1476130701 0 0 6496 0 0 0 0 0 0 0 0 0 0 0 0 0 0 0 0 0
1476918387 0 0 6502 0 0 0 0 0 0 0 0 0 0 0 0 0 0 0 0 0
1477058757 0 0 6502 0 0 0 0 0 0 0 0 0 0 6 0 0 0 0 0 0
1477059723 0 0 7851 0 0 0 0 0 0 0 0 0 0 6 0 0 0 0 0 0
1477059960 0 0 7852 0 0 0 0 0 0 0 0 0 0 6 0 0 0 0 0 0
1477060487 0 0 7852 0 0 0 0 0 0 0 0 0 0 6 0 0 0 0 0 0
1480433543 0 0 7987 0 0 0 0 0 0 0 0 0 0 6 0 0 0 0 0 0
1480448354 0 0 10860 0 0 0 0 0 0 0 0 0 0 6 0 0 0 0 0 0
1480449131 0 0 13493 0 0 0 0 0 0 0 0 0 0 6 0 0 0 0 0 0
1480519801 0 0 13495 0 0 0 0 0 0 0 0 0 0 6 0 0 0 0 0 0
1481041229 0 0 13496 0 0 0 0 0 0 0 0 0 0 6 0 0 0 0 0 0
1481041464 0 0 13500 0 0 0 0 0 0 0 0 0 0 6 0 0 0 0 0 0
1481042167 0 0 13776 0 0 0 0 0 0 0 0 0 0 6 0 0 0 0 0 0
1481291741 0 0 13776 0 0 0 0 0 0 0 0 0 0 6 0 0 0 0 0 0
1481554913 0 0 13776 0 0 0 0 0 0 0 0 0 0 6 0 0 0 0 0 0
1481640401 0 0 13798 0 0 0 0 0 0 0 0 0 0 6 0 0 0 0 0 0
1481644766 0 0 13798 0 0 0 0 0 0 0 0 0 0 6 0 0 0 0 0 0
1481834530 0 0 13801 0 0 0 0 0 0 0 0 0 0 6 0 0 0 0 0 0
1482165310 0 0 13801 0 0 0 0 0 0 0 0 0 0 6 0 0 0 17 0 0
1482174064 0 0 13831 0 0 0 0 0 0 0 0 0 0 6 0 0 0 17 0 0
1482175617 0 0 13831 0 0 0 0 0 0 0 0 0 0 6 0 0 0 17 0 0
1482353260 0 0 13831 0 0 0 0 0 0 0 0 0 0 6 0 0 0 17 0 0
1482937147 0 0 13831 0 0 0 0 0 0 0 0 0 0 6 0 0 0 17 0 0
1484667543 3 0 13831 0 0 0 0 0 0 0 0 0 0 6 0 0 0 17 0 0
1485288117 3 0 13831 0 0 0 0 0 0 0 0 0 0 6 0 0 0 17 0 0
1485374954 3 0 13831 0 0 0 0 0 0 0 0 0 0 6 0 0 0 17 0 0
1485532013 3 0 13831 0 0 0 0 0 0 0 0 0 0 6 0 0 0 17 0 0
1485532596 3 0 13912 0 0 0 0 0 0 0 0 0 0 6 0 0 0 17 0 0
1485532712 3 0 13917 0 0 0 0 0 0 0 0 0 0 6 0 0 0 17 0 0
1485533284 3 0 13917 0 0 0 0 0 0 0 0 0 0 6 0 0 0 17 0 0
1485807315 3 0 13917 0 0 0 0 0 0 0 0 0 0 6 0 0 0 17 0 0
1486053286 3 0 13936 0 0 0 0 0 0 0 0 0 0 6 0 0 0 17 0 0
1487717082 3 0 13936 0 0 0 0 0 0 0 0 0 0 6 0 0 0 17 0 0
1487789634 3 0 13936 0 0 0 0 0 0 0 0 0 0 6 0 0 0 17 0 0
1487865399 3 0 13936 0 0 0 0 0 0 0 0 0 0 6 0 0 0 17 0 0
1488923878 3 0 13939 0 0 0 0 0 0 0 0 0 0 6 0 0 0 17 0 0
1488966635 3 0 13939 0 0 0 0 0 0 0 0 0 0 6 0 0 0 17 0 0
1489076334 3 0 13939 0 0 0 0 0 0 0 0 13 0 6 0 0 0 17 0 0
1489088200 3 0 13939 0 0 0 0 0 0 0 0 13 0 6 0 0 0 17 0 0
1489157165 3 0 13941 0 0 0 0 0 0 0 0 13 0 6 0 0 0 17 0 0
1489157246 3 0 13941 0 0 0 0 0 0 0 0 13 0 6 0 0 0 17 0 0
1489498994 3 0 13941 0 0 0 0 0 0 0 0 13 0 14 0 0 0 17 0 0
1489525916 3 0 13941 0 0 0 0 0 0 0 0 15 0 14 0 0 0 17 0 0
1489592739 3 0 13941 0 0 0 0 0 0 0 0 15 0 14 0 0 0 17 0 0
1490649913 3 0 14226 0 0 0 0 0 0 0 0 15 0 14 0 0 0 17 0 0
1490690241 3 0 14226 0 0 0 0 0 0 0 0 15 0 14 0 0 0 17 0 0
1490802773 3 0 14243 0 0 0 0 0 0 0 0 15 0 14 0 0 0 17 0 0
1491250270 3 0 14243 0 0 0 0 0 0 0 0 15 0 14 0 0 0 17 0 0
1491500249 3 0 15552 0 0 0 0 0 0 0 0 15 0 14 0 0 0 17 0 0
1491579062 3 0 15552 0 0 0 0 0 0 0 0 15 0 14 0 0 0 17 0 0
1491922856 3 0 15560 0 0 0 0 0 0 0 0 15 0 14 0 0 0 17 0 0
1491926704 3 0 15560 0 0 0 0 0 0 0 0 15 0 14 0 0 0 17 0 0
1491930737 3 0 15560 0 0 0 0 0 0 0 0 15 0 14 0 0 0 17 0 0
1492185892 3 0 15560 0 0 0 0 0 0 0 0 15 0 14 0 0 0 17 0 0
1492525280 3 0 15591 0 0 0 0 0 0 0 0 15 0 14 0 0 0 17 0 0
1492525494 3 0 15591 0 0 0 0 0 0 0 0 15 0 14 0 0 0 17 0 0
1492525653 3 0 15594 0 0 0 0 0 0 0 0 15 0 14 0 0 0 17 0 0
1492778215 200 0 15594 0 0 0 0 0 0 0 0 15 0 14 0 0 0 17 0 0
1492778353 201 0 15594 0 0 0 0 0 0 0 0 15 0 14 0 0 0 17 0 0
1492778545 202 0 15594 0 0 0 0 0 0 0 0 15 0 14 0 0 0 17 0 0
1492778678 202 0 15594 0 0 0 0 0 0 0 0 15 0 14 0 0 0 17 0 0
1492778726 202 0 15594 0 0 0 0 0 0 0 0 15 0 14 0 0 0 17 0 0
1492780110 203 0 15594 0 0 0 0 0 0 0 0 15 0 14 0 0 0 17 0 0
1492780205 203 0 15594 0 0 0 0 0 0 0 0 15 0 14 0 0 0 17 0 0
1493316864 203 0 15594 0 0 0 0 0 0 0 0 15 0 14 0 0 0 17 0 0
1493821249 203 0 15594 0 0 0 0 0 0 0 0 15 0 14 0 0 0 17 0 0
1494337616 203 0 15594 0 0 0 0 0 0 0 0 15 0 14 0 0 0 17 0 0
1494432229 209 0 15594 0 0 0 0 0 0 0 0 15 0 14 0 0 0 17 0 0
1494432526 209 0 15594 0 0 0 0 0 0 0 0 15 0 14 0 0 0 17 0 0
1494938189 209 0 15594 0 0 0 0 0 0 0 0 15 0 14 0 0 0 17 0 0
1494941022 209 0 15594 0 0 0 0 0 0 0 0 15 0 14 0 0 0 17 0 0
1494960420 209 0 15594 0 0 0 0 0 0 0 0 15 0 14 0 0 0 17 0 0
1495122172 209 0 15594 0 0 0 0 0 0 0 0 15 0 14 0 0 0 17 0 0
1495581703 209 0 15594 0 0 0 0 0 0 0 0 15 0 14 0 0 0 17 0 0
1496248929 209 0 15594 0 0 0 0 0 0 0 0 15 0 14 0 0 0 17 0 0
1496399799 271 0 15594 0 0 0 0 0 0 0 0 15 0 14 0 0 0 17 0 0
1496399885 273 0 15594 0 0 0 0 0 0 0 0 15 0 14 0 0 0 17 0 0
1496403381 273 0 15594 0 0 0 0 0 0 0 0 15 0 14 0 0 0 17 0 0
1496847383 558 0 15594 0 0 0 0 0 0 0 0 15 0 14 0 0 0 17 0 0
1496857403 558 0 15594 0 0 0 0 0 0 0 0 15 0 14 0 0 0 17 0 0
1497014541 569 0 15594 0 0 0 0 0 0 0 0 15 0 14 0 0 0 17 0 0
1497014774 569 0 15594 0 0 0 0 0 0 0 0 15 0 14 0 0 0 17 0 0
1497988285 569 0 15594 0 0 0 0 0 0 0 0 15 0 14 0 0 0 17 0 0
1497988365 569 0 15594 0 0 0 0 0 0 0 0 15 0 14 0 0 0 17 0 0
1498048667 569 0 15594 0 0 0 0 0 0 0 0 15 0 14 0 0 0 17 0 0
1498142728 569 0 15594 0 0 0 0 0 0 0 0 48 0 14 0 0 0 17 0 0
1498225915 569 0 15594 0 0 0 0 0 0 0 0 66 0 14 0 0 0 17 0 0
1498249314 569 0 15596 0 0 0 0 0 0 0 0 66 0 14 0 0 0 17 0 0
1498471047 569 0 15596 0 0 0 0 0 0 0 0 66 0 14 0 0 0 17 0 0
1503661844 569 0 15596 0 0 0 13 0 0 0 0 66 0 14 0 0 0 17 0 0
1503670984 569 0 15596 0 0 0 15 0 0 0 0 66 0 14 0 0 0 17 0 0
1503675969 569 0 15596 0 0 0 15 0 0 0 0 66 0 14 0 0 0 17 0 0
1504038003 569 0 15596 0 0 0 15 0 0 0 0 66 0 16 0 0 0 17 0 0
1504038030 569 0 15596 0 0 0 15 0 0 0 0 66 0 16 0 0 0 17 0 0
1504103613 577 0 15596 0 0 0 15 0 0 0 0 66 0 16 0 0 0 17 0 0
1504103833 577 0 15596 0 0 0 15 0 0 0 0 66 0 16 0 0 0 17 0 0
1504104471 936 0 15596 0 0 0 15 0 0 0 0 66 0 16 0 0 0 17 0 0
1504104670 936 0 15596 0 0 0 15 0 0 0 0 66 0 16 0 0 0 17 0 0
1504620050 936 0 15596 0 0 0 151 0 0 0 0 66 0 16 0 0 0 17 0 0
1504629511 936 0 15596 0 0 0 151 0 0 0 0 66 0 16 0 0 0 17 0 0
1504728848 936 0 15596 0 0 0 178 0 0 0 0 66 0 16 0 0 0 17 0 0
1505231200 936 0 15596 0 0 0 178 0 0 0 0 66 0 16 0 8 0 17 0 0
1505231513 936 0 15596 0 0 0 178 0 0 0 0 66 0 16 0 8 0 17 0 0
1505398312 936 0 15600 0 0 0 178 0 0 0 0 66 0 16 0 8 0 17 0 0
1505414059 936 0 15600 0 0 0 178 0 0 0 0 66 0 16 0 12 0 17 0 0
1506610852 942 0 15600 0 0 0 178 0 0 0 0 66 0 16 0 12 0 17 0 0
1506676689 942 0 15600 0 0 0 178 0 0 0 0 66 0 16 0 12 0 17 0 0
1506974405 942 0 15663 0 0 0 178 0 0 0 0 66 0 16 0 12 0 17 0 0
1506974639 942 0 15672 0 0 0 178 0 0 0 0 66 0 16 0 12 0 17 0 0
1507067450 942 0 15672 0 0 0 178 0 0 0 0 66 0 16 0 12 0 17 0 0
1507482365 942 0 15672 0 0 312 178 0 0 0 0 82 0 16 0 12 0 17 0 0
1507635863 942 0 15672 0 0 312 178 0 0 0 0 82 0 16 0 12 0 17 0 0
1507822786 942 0 15672 0 0 312 178 0 0 0 0 82 0 16 0 20 0 17 0 0
1508359819 942 0 15672 0 0 312 178 0 0 0 0 82 0 16 0 20 0 17 0 0
1508427463 942 0 15672 0 0 312 178 0 0 0 0 82 0 16 0 20 0 17 0 0
1509108330 942 0 15672 0 0 312 178 0 0 0 0 82 0 16 0 20 0 17 0 0
1510245185 942 0 15672 0 0 312 178 0 0 0 0 82 0 16 31 20 0 17 0 0
1510330969 942 0 15672 0 0 312 178 0 0 0 0 82 0 16 90 20 0 17 0 0
1510338305 942 0 15672 0 0 312 178 0 0 0 0 82 0 16 107 20 0 17 0 0
1510345579 942 0 15672 0 0 312 178 0 0 0 0 82 0 16 118 20 0 17 0 0
1510727724 942 0 15672 0 0 312 178 0 0 0 0 82 0 16 121 20 0 17 0 0
1510732843 942 0 15672 0 0 312 178 0 0 0 0 82 0 33 121 20 0 17 0 0
1511874537 942 0 15672 0 0 312 201 0 0 0 0 82 0 33 121 20 0 17 0 0
1511876156 942 0 15672 0 0 312 207 0 0 0 0 82 0 33 121 20 0 17 0 0
1511877533 942 16 15672 0 0 312 207 0 0 0 0 82 0 33 121 20 0 17 0 0
1511882934 942 16 15672 0 0 312 207 0 0 0 0 82 0 33 121 20 0 17 0 0
1511968741 942 16 15672 0 0 312 207 0 0 0 0 82 0 33 121 20 0 17 0 0
1511975056 942 16 15672 0 0 312 207 0 0 0 0 82 0 33 121 20 0 17 0 0
1511988010 942 16 15672 0 0 312 207 0 0 0 0 82 0 33 121 20 0 17 0 0
1512070915 942 16 15672 0 0 312 207 0 0 0 0 82 0 33 121 20 0 17 0 0
1512124458 942 16 15672 0 0 312 207 0 0 0 0 82 0 33 121 20 0 17 0 0
1512124544 942 16 15672 0 0 312 207 0 0 0 0 82 0 33 121 20 0 17 0 0
1512124613 942 16 15672 0 0 312 207 0 0 0 0 82 0 33 121 20 0 17 0 0
1512124732 942 16 15672 0 0 312 207 0 0 0 0 82 0 33 121 20 0 17 0 0
1512125344 942 16 15672 0 0 312 207 0 0 0 0 82 0 33 121 20 0 17 0 0
1512125632 942 16 15672 0 0 312 207 0 0 0 0 82 0 33 121 20 0 17 0 0
1512126012 942 16 15672 0 0 421 207 0 0 0 0 82 0 33 121 20 0 17 0 0
1512133230 942 16 15672 0 0 481 207 0 0 0 0 82 0 33 121 20 0 17 0 0
1512137789 942 16 15672 0 0 483 207 0 0 0 0 82 0 33 121 20 0 17 0 0
1512138758 942 16 15672 0 0 483 207 0 0 0 0 82 0 36 121 20 0 17 0 0
1512168293 942 19 15672 0 0 496 207 0 0 0 0 82 0 36 121 20 0 17 0 0
1512411015 942 257 15672 0 0 496 207 0 0 0 0 82 0 36 121 20 0 17 0 0
1512411209 942 257 15672 0 0 496 207 0 0 0 0 82 0 36 121 20 0 17 0 0
1512457374 942 257 15672 0 0 496 207 0 0 0 0 82 0 36 121 20 0 17 0 0
1512663068 942 257 15672 0 0 496 217 0 0 0 0 82 0 36 121 20 0 17 0 0
1512700494 942 257 15672 0 0 496 217 0 0 0 0 82 0 36 121 20 1 17 0 0
1513199253 942 257 15672 0 0 506 217 0 0 0 0 82 0 36 121 20 1 17 0 0
1513610777 942 259 15672 0 0 506 217 0 0 0 0 82 0 36 121 20 1 17 0 0
1513611190 942 259 15672 0 0 506 217 0 0 0 0 82 0 36 121 20 1 17 0 0
1513611864 942 260 15672 0 0 506 217 0 0 0 0 82 0 36 121 20 1 17 0 0
1513612089 942 260 15672 0 0 506 217 0 0 0 0 82 0 36 121 20 1 17 0 0
1513694241 942 260 15672 0 0 506 217 0 0 0 0 82 0 36 121 20 1 17 0 0
1513694983 942 260 15672 0 0 506 217 0 0 0 0 82 0 36 121 20 1 17 0 0
1513695324 942 260 15672 0 0 506 217 0 0 0 0 82 0 36 121 20 1 17 0 0
1513695368 942 260 15672 0 0 506 217 0 0 0 0 82 0 36 121 20 1 17 0 0
1513695471 942 260 15672 0 0 506 217 0 0 0 0 82 0 36 121 20 1 17 0 0
1513766253 942 260 15672 0 0 506 217 0 0 0 0 82 0 36 121 20 1 17 0 0
1513771652 942 260 15672 0 0 510 217 0 0 0 0 82 0 36 121 20 1 17 0 0
1513774210 942 260 15672 0 0 510 217 0 0 0 0 82 0 36 121 20 1 17 0 0
1513851317 942 260 15672 0 0 525 217 0 0 0 0 82 0 36 121 20 1 17 0 0
1514931176 942 260 15672 0 0 525 217 0 0 0 0 82 0 36 121 20 1 17 0 0
1515097772 942 260 15672 0 0 525 217 0 0 0 0 82 0 36 121 20 1 17 0 0
1515506779 942 260 15672 0 0 525 217 0 0 0 0 82 0 36 121 20 1 17 0 0
1515507083 942 260 15672 0 0 525 217 0 0 0 0 82 0 36 121 20 1 17 0 0
1516011667 1198 260 15672 0 0 525 217 0 0 0 0 82 0 36 121 20 1 17 0 0
1516012010 1198 260 15672 0 0 525 217 0 0 0 0 82 0 36 121 20 1 17 0 0
1516012683 1198 260 15672 0 0 525 217 0 0 0 0 82 0 36 121 20 1 17 0 0
1516018566 1198 260 15672 0 0 525 217 0 0 0 0 82 0 36 121 20 1 17 0 0
1516103505 1199 260 15672 0 0 525 217 0 0 0 0 82 0 36 121 20 1 17 0 0
1516105918 1199 260 15672 0 0 525 217 0 0 0 0 82 0 36 121 20 1 17 0 0
1516125161 1213 260 15672 0 0 525 217 0 0 0 0 82 0 36 121 20 1 17 0 0
1516216906 1651 260 15672 0 0 525 217 0 0 0 0 82 0 36 121 20 1 17 0 0
1516293191 2296 260 15672 0 0 525 217 0 0 0 0 82 0 36 121 20 1 17 0 0
1516362578 2611 260 15672 0 0 525 217 0 0 0 0 82 0 36 121 20 1 17 0 0
1516378476 2698 260 15672 0 0 525 217 0 0 0 0 82 0 36 121 20 1 17 0 0
1516886715 3183 260 15672 0 0 525 217 0 0 0 0 82 0 36 121 20 1 17 0 0
1516890048 3218 260 15672 0 0 525 217 0 0 0 0 82 0 36 121 20 1 17 0 0
1516902773 3247 260 15672 0 0 525 217 0 0 0 0 82 0 36 121 20 1 17 0 0
1516902855 3593 260 15672 0 0 525 217 0 0 0 0 82 0 36 121 20 1 17 0 0
1517055688 4108 260 15672 0 0 525 217 0 0 0 0 82 0 36 121 20 1 17 0 0
1518032849 4108 260 15672 0 0 525 217 0 0 0 0 82 0 36 121 20 1 17 0 0
1518187598 4108 260 15672 0 0 525 217 0 0 0 0 82 0 36 121 85 1 17 0 0
1518709115 4108 260 15672 0 0 527 217 0 0 0 0 82 0 36 121 85 1 17 0 0
1518792539 4108 260 15672 0 0 527 217 0 0 0 0 82 0 36 121 88 1 17 0 0
1519055581 4132 260 15672 0 0 527 217 0 0 0 0 82 0 36 121 88 1 17 0 0
1519070172 4173 260 15672 0 0 527 217 0 0 0 0 82 0 36 121 88 1 17 0 0
1519151333 4173 260 15672 0 0 527 217 0 0 0 0 82 0 36 121 88 1 17 0 0
1519390826 4173 260 15672 0 0 527 217 0 0 0 0 82 0 36 121 88 1 17 0 0
1519391176 4173 260 15672 0 0 527 217 0 0 0 0 82 0 36 121 88 1 17 0 0
1519402561 4173 283 15672 0 0 527 217 0 0 0 0 82 0 36 121 88 1 17 0 0
1519655443 4173 598 15672 0 0 527 217 0 0 0 0 82 0 36 121 88 1 17 0 0
1519661483 4173 598 15672 0 0 535 217 0 0 0 0 82 0 36 121 88 1 17 0 0
1519663735 4173 598 15672 0 0 649 217 0 0 0 0 82 0 36 121 88 1 17 0 0
1519671143 4173 1037 15672 0 0 649 217 0 0 0 0 82 0 36 121 88 1 17 0 0
1519674557 4173 1037 15672 0 0 649 217 0 0 0 0 82 0 36 121 88 1 17 0 0
1519758706 4265 1037 15672 0 0 649 217 0 0 0 0 82 0 36 121 88 1 17 0 0
1519830649 4701 1037 15672 0 0 649 217 0 0 0 0 82 0 36 121 88 1 17 0 0
1519916311 4701 1070 15672 0 0 649 217 0 0 0 0 82 0 36 121 88 1 17 0 0
1520521348 5455 1070 15672 0 0 649 217 0 0 0 0 82 0 36 121 88 1 17 0 0
1520614528 5461 1070 15672 0 0 649 217 0 0 0 0 82 0 36 121 88 1 17 0 0
1521468843 5461 1070 15672 0 0 649 217 0 0 0 0 82 2 36 121 88 1 17 0 0
1521542672 5471 1070 15672 0 0 649 217 0 0 0 0 82 2 36 121 88 1 17 0 0
1521635755 5488 1070 15672 0 0 649 217 0 0 0 0 82 2 36 121 88 1 17 0 0
1521652149 5520 1070 15672 0 0 649 217 0 0 0 0 82 2 36 121 88 1 17 0 0
1521715642 5526 1070 15672 0 0 649 217 0 0 0 0 82 2 36 121 88 1 17 0 0
1521741741 5955 1070 15672 0 0 649 217 0 0 0 0 82 2 36 121 88 1 17 0 0
1521816880 5955 1146 15672 0 0 649 217 0 0 0 0 82 2 36 121 88 1 17 0 0
1521822297 5982 1146 15672 0 0 649 217 0 0 0 0 82 2 36 121 88 1 17 0 0
1521826329 5982 1229 15672 0 0 649 217 0 0 0 0 82 2 36 121 88 1 17 0 0
1521835143 5988 1229 15672 0 0 649 217 0 0 0 0 82 2 36 121 88 1 17 0 0
1521836325 6237 1229 15672 0 0 649 217 0 0 0 0 82 2 36 121 88 1 17 0 0
1522065073 6301 1229 15672 0 0 649 217 0 0 0 0 82 2 36 121 88 1 17 0 0
1522069534 6697 1229 15672 0 0 649 217 0 0 0 0 82 2 36 121 88 1 17 0 0
1522070452 6982 1229 15672 0 0 649 217 0 0 0 0 82 2 36 121 88 1 17 0 0
1522071302 6982 1560 15672 0 0 649 217 0 0 0 0 82 2 36 121 88 1 17 0 0
1522071422 7046 1560 15672 0 0 649 217 0 0 0 0 82 2 36 121 88 1 17 0 0
1522074827 7046 1578 15672 0 0 649 217 0 0 0 0 82 2 36 121 88 1 17 0 0
1522082023 7046 1598 15672 0 0 649 217 0 0 0 0 82 2 36 121 88 1 17 0 0
1522161827 7405 1598 15672 0 0 649 217 0 0 0 0 82 2 36 121 88 1 17 0 0
1522239637 7918 1598 15672 0 0 649 217 0 0 0 0 82 2 36 121 88 1 17 0 0
1522256908 8166 1598 15672 0 0 649 217 0 0 0 0 82 2 36 121 88 1 17 0 0
1522322183 8199 1598 15672 0 0 649 217 0 0 0 0 82 2 36 121 88 1 17 0 0
1522759659 8264 1598 15672 0 0 649 217 0 0 0 0 82 2 36 121 88 1 17 0 0
1522834829 8709 1598 15672 0 0 649 217 0 0 0 0 82 2 36 121 88 1 17 0 0
1522835124 8989 1598 15672 0 0 649 217 0 0 0 0 82 2 36 121 88 1 17 0 0
1522852580 8989 1598 15672 0 0 649 217 0 0 0 3 82 2 36 121 88 1 17 0 0
1522852627 8989 1598 15672 0 0 649 217 0 0 0 6 82 2 36 121 88 1 17 0 0
1522852715 8989 1598 15672 0 0 649 217 0 0 0 10 82 2 36 121 88 1 17 0 0
1522931868 8989 1598 15672 0 0 649 217 0 0 0 10 82 2 36 121 88 1 17 0 0
1522942079 8989 1598 15672 0 0 649 217 0 0 0 42 82 2 36 121 88 1 17 0 0
1523369487 9012 1598 15672 0 0 649 217 0 0 0 42 82 2 36 121 88 1 17 0 0
1523529346 9581 1598 15672 0 0 649 217 0 0 0 42 82 2 36 121 88 1 17 0 0
1523613422 9597 1598 15672 0 0 649 217 0 0 0 42 82 2 36 121 88 1 17 0 0
1523633714 9598 1598 15672 0 0 649 217 0 0 0 42 82 2 36 121 88 1 17 0 0
1523636313 9601 1598 15672 0 0 649 217 0 0 0 42 82 2 36 121 88 1 17 0 0
1523962795 9607 1598 15672 0 0 649 217 0 0 0 42 82 2 36 121 88 1 17 0 0
1523963690 9608 1598 15672 0 0 649 217 0 0 0 42 82 2 36 121 88 1 17 0 0
1523999917 9610 1598 15672 0 0 649 217 0 0 0 42 82 2 36 121 88 1 17 0 0
1523999945 9610 1598 15672 0 0 649 217 0 0 0 47 82 2 36 121 88 1 17 0 0
1524000006 9661 1598 15672 0 0 649 217 0 0 0 47 82 2 36 121 88 1 17 0 0
1524000039 9714 1598 15672 0 0 649 217 0 0 0 47 82 2 36 121 88 1 17 0 0
1524000480 9714 1598 15672 0 0 649 217 0 0 0 47 82 2 36 121 88 1 17 0 0
1524075059 10186 1598 15672 0 0 649 217 0 0 0 47 82 2 36 121 88 1 17 0 0
1524143667 10193 1598 15672 0 0 649 217 0 0 0 47 82 2 36 121 88 1 17 0 0
1524146961 10193 1598 16129 0 0 649 217 0 0 0 47 82 2 36 121 88 1 17 0 0
1524224411 10193 1598 16129 0 0 649 217 0 0 0 47 82 2 36 121 88 1 17 0 0
1524563129 10624 1598 16129 0 0 649 217 0 0 0 47 82 2 36 121 88 1 17 0 0
1524569731 10650 1598 16129 0 0 649 217 0 0 0 47 82 2 36 121 88 1 17 0 0
1524585665 10650 1598 16153 0 0 649 217 0 0 0 47 82 2 36 121 88 1 17 0 0
1524647796 10655 1598 16153 0 0 649 217 0 0 0 47 82 2 36 121 88 1 17 0 0
1524650024 10658 1598 16153 0 0 649 217 0 0 0 47 82 2 36 121 88 1 17 0 0
1524735633 10733 1598 16153 0 0 649 217 0 0 0 47 82 2 36 121 88 1 17 0 0
1524752640 10740 1598 16153 0 0 649 217 0 0 0 47 82 2 36 121 88 1 17 0 0
1524837299 10775 1598 16153 0 0 649 217 0 0 0 47 82 2 36 121 88 1 17 0 0
1525260389 10775 1598 16153 0 0 649 217 0 0 0 47 82 2 36 121 88 1 17 0 0
1525291162 10776 1598 16153 0 0 649 217 0 0 0 47 82 2 36 121 88 1 17 0 0
1525694884 10780 1598 16153 0 0 649 217 0 0 0 47 82 2 36 121 88 1 17 0 0
1525880995 10810 1598 16153 0 0 649 217 0 0 0 47 82 2 36 121 88 1 17 0 0
1525972772 10810 1598 16154 0 0 649 217 0 0 0 47 82 2 36 121 88 1 17 0 0
1526474723 10899 1598 16154 0 0 649 217 0 0 0 47 82 2 36 121 88 1 17 0 0
1526481704 11072 1598 16154 0 0 649 217 0 0 0 47 82 2 36 121 88 1 17 0 0
1526483281 11079 1598 16154 0 0 649 217 0 0 0 47 82 2 36 121 88 1 17 0 0
1526485237 11106 1598 16154 0 0 649 217 0 0 0 47 82 2 36 121 88 1 17 0 0
1526556358 11176 1598 16154 0 0 649 217 0 0 0 47 82 2 36 121 88 1 17 0 0
1526556797 11532 1598 16154 0 0 649 217 0 0 0 47 82 2 36 121 88 1 17 0 0
1526560189 11536 1598 16154 0 0 649 217 0 0 0 47 82 2 36 121 88 1 17 0 0
1526560281 11715 1598 16154 0 0 649 217 0 0 0 47 82 2 36 121 88 1 17 0 0
1526564279 11725 1598 16154 0 0 649 217 0 0 0 47 82 2 36 121 88 1 17 0 0
1526566729 11731 1598 16154 0 0 649 217 0 0 0 47 82 2 36 121 88 1 17 0 0
1527163543 11830 1598 16154 0 0 649 217 0 0 0 47 82 2 36 121 88 1 17 0 0
1527775859 11830 1598 16154 0 0 649 217 0 0 0 47 82 2 36 121 88 1 46 0 0
1528136721 11916 1598 16154 0 0 649 217 0 0 0 47 82 2 36 121 88 1 46 0 0
1528199349 11916 1598 16154 0 0 649 217 0 0 0 47 82 2 36 121 88 1 90 0 0
1528208352 11930 1598 16154 0 0 649 217 0 0 0 47 82 2 36 121 88 1 90 0 0
1528273775 11930 1598 16154 0 0 649 217 0 0 0 47 82 2 36 121 88 1 90 0 0
1528448569 11930 1598 16154 0 0 649 217 0 0 0 47 82 2 36 121 88 1 90 0 155
1528741650 11930 1598 17576 0 0 649 217 0 0 0 47 82 2 36 121 88 1 90 0 155
1528881771 11930 1704 17576 0 0 649 217 0 0 0 47 82 2 36 121 88 1 90 0 155
1528911203 11950 1704 17576 0 0 649 217 0 0 0 47 82 2 36 121 88 1 90 0 155
1529068864 11950 1730 17576 0 0 649 217 0 0 0 47 82 2 36 121 88 1 90 0 155
1529086852 11950 1753 17576 0 0 649 217 0 0 0 47 82 2 36 121 88 1 90 0 155
1529334560 12158 1753 17576 0 0 649 217 0 0 0 47 82 2 36 121 88 1 90 0 155
1530531570 12281 1753 17576 0 0 649 217 0 0 0 47 82 2 36 121 88 1 90 0 155
1530802080 12281 1753 17576 0 0 649 217 106 0 0 47 82 2 36 121 88 1 90 0 155
1531241731 12281 1753 17576 0 0 649 217 106 0 0 47 82 2 36 121 88 1 90 0 155
1531317676 12332 1753 17576 0 0 649 217 106 0 0 47 82 2 36 121 88 1 90 0 155
1532011388 12332 1753 17576 0 0 649 217 269 0 0 47 82 2 36 121 88 1 90 0 155
1532356987 12446 1753 17576 0 0 649 217 269 0 0 47 82 2 36 121 88 1 90 0 155
1532951395 12446 1753 17576 0 0 649 217 269 0 0 47 82 2 36 121 88 1 90 0 155
1532961820 12454 1753 17576 0 0 649 217 269 0 0 47 82 2 36 121 88 1 90 0 155
1533233436 12454 1753 17576 0 0 649 217 269 0 0 47 82 2 36 121 88 1 90 0 155
1534158040 12454 1753 17576 0 0 649 217 269 0 0 47 82 4 36 121 88 1 90 0 155
1534498449 12454 1769 17576 0 0 649 217 269 0 0 47 82 4 36 121 88 1 90 0 155
1534509681 12454 1821 17576 0 0 649 217 269 0 0 47 82 4 36 121 88 1 90 0 155
1534871291 12454 1821 17576 0 0 649 217 269 0 0 47 82 4 36 121 88 1 90 0 155
1535045190 12454 1821 17576 0 0 649 217 269 0 0 47 82 4 36 121 88 1 90 0 155
1535391774 12454 1821 17576 0 0 649 217 269 0 0 47 82 4 36 121 88 1 90 0 155
1535463275 12454 1821 17577 0 0 649 217 269 0 0 47 82 4 36 121 88 1 90 0 155
1535487744 12462 1821 17577 0 0 649 217 269 0 0 47 82 4 36 121 88 1 90 0 155
1535557340 12529 1821 17577 0 0 649 217 269 0 0 47 82 4 36 121 88 1 90 0 155
1535559830 12530 1821 17577 0 0 649 217 269 0 0 47 82 4 36 121 88 1 90 0 155
1535561867 12561 1821 17577 0 0 649 217 269 0 0 47 82 4 36 121 88 1 90 0 155
1535707013 12561 1821 17577 0 0 649 217 269 0 0 47 82 5 36 121 88 1 90 0 155
1535707028 12561 1821 17577 0 0 649 217 269 0 0 47 82 5 36 121 88 1 90 0 155
1535732305 12589 1821 17577 0 0 649 217 269 0 0 47 82 5 36 121 88 1 90 0 155
1536571362 12727 1821 17577 0 0 649 217 269 0 0 47 82 5 36 121 88 1 90 0 155
1536572704 12730 1821 17577 0 0 649 217 269 0 0 47 82 5 36 121 88 1 90 0 155
1536671036 12730 1821 17577 0 0 649 217 269 0 0 47 82 5 36 121 88 1 90 0 155
1536677793 12732 1821 17577 0 0 649 217 269 0 0 47 82 5 36 121 88 1 90 0 155
1537534502 12732 1821 17577 0 0 649 217 269 0 0 47 82 5 36 121 88 1 90 0 155
1537985230 12732 1821 17577 0 0 649 217 269 0 0 47 82 5 36 121 88 1 90 0 155
1538151371 12732 1821 17577 0 0 649 217 269 0 0 47 82 5 36 121 88 1 90 0 167
1538662287 12732 1821 17577 0 2 649 217 269 0 0 47 82 5 36 121 88 1 90 0 167
1538691002 12732 1821 17577 0 2 649 217 269 0 0 47 82 5 36 121 88 1 90 7 167
1539022278 13009 1821 17577 0 2 649 217 269 0 0 47 82 5 36 121 88 1 90 7 167
1539090345 13024 1821 17577 0 2 649 217 269 0 0 47 82 5 36 121 88 1 90 7 167
1539108371 14782 1821 17577 0 2 649 217 269 0 0 47 82 5 36 121 88 1 90 7 167
1539298404 14800 1821 17577 0 2 649 217 269 0 0 47 82 5 36 121 88 1 90 7 167
1539783249 14806 1821 17577 0 2 649 217 269 0 0 47 82 5 36 121 88 1 90 7 167
1539898521 14806 1821 17577 0 2 649 217 269 0 0 47 82 5 36 121 88 1 215 7 167
1540283585 14851 1821 17577 0 2 649 217 269 0 0 47 82 5 36 121 88 1 215 7 167
1540334358 14851 1821 17577 0 2 649 217 269 0 0 47 82 5 36 121 88 1 215 7 177
1540561922 14937 1821 17577 0 2 649 217 269 0 0 47 82 5 36 121 88 1 215 7 177
1540822651 14956 1821 17577 0 2 649 217 269 0 0 47 82 5 36 121 88 1 215 7 177
1540918038 15033 1821 17577 0 2 649 217 269 0 0 47 82 5 36 121 88 1 215 7 177
1540921203 15104 1821 17577 0 2 649 217 269 0 0 47 82 5 36 121 88 1 215 7 177
1540922807 15150 1821 17577 0 2 649 217 269 0 0 47 82 5 36 121 88 1 215 7 177
1540989223 15157 1821 17577 0 2 649 217 269 0 0 47 82 5 36 121 88 1 215 7 177
1540992838 15336 1821 17577 0 2 649 217 269 0 0 47 82 5 36 121 88 1 215 7 177
1541013003 15354 1821 17577 0 2 649 217 269 0 0 47 82 5 36 121 88 1 215 7 177
1541176890 15397 1821 17577 0 2 649 217 269 0 0 47 82 5 36 121 88 1 215 7 177
1541417660 15416 1821 17577 0 2 649 217 269 0 0 47 82 5 36 121 88 1 215 7 177
1541423342 15418 1821 17577 0 2 649 217 269 0 0 47 82 5 36 121 88 1 215 7 177
1541690514 15419 1821 17577 0 2 649 217 269 0 0 47 82 5 36 121 88 1 215 7 177
1541697951 15882 1821 17577 0 2 649 217 269 0 0 47 82 5 36 121 88 1 215 7 177
1541768769 15949 1821 17577 0 2 649 217 269 0 0 47 82 5 36 121 88 1 215 7 177
1541782363 16051 1821 17577 0 2 649 217 269 0 0 47 82 5 36 121 88 1 215 7 177
1541785663 16153 1821 17577 0 2 649 217 269 0 0 47 82 5 36 121 88 1 215 7 177
1541792867 16207 1821 17577 0 2 649 217 269 0 0 47 82 5 36 121 88 1 215 7 177
1542034716 16209 1821 17577 0 2 649 217 269 0 0 47 82 5 36 121 88 1 215 7 177
1542036943 16434 1821 17577 0 2 649 217 269 0 0 47 82 5 36 121 88 1 215 7 177
1542037597 16541 1821 17577 0 2 649 217 269 0 0 47 82 5 36 121 88 1 215 7 177
1542044148 16638 1821 17577 0 2 649 217 269 0 0 47 82 5 36 121 88 1 215 7 177
1542045404 16800 1821 17577 0 2 649 217 269 0 0 47 82 5 36 121 88 1 215 7 177
1542047831 16814 1821 17577 0 2 649 217 269 0 0 47 82 5 36 121 88 1 215 7 177
1542048133 16814 1821 17577 0 2 649 217 269 0 0 47 82 5 36 121 88 1 215 7 177
1542215092 16858 1821 17577 0 2 649 217 269 0 0 47 82 5 36 121 88 1 215 7 177
1542227968 16965 1821 17577 0 2 649 217 269 0 0 47 82 5 36 121 88 1 215 7 177
1542228773 16965 1821 17578 0 2 649 217 269 0 0 47 82 5 36 121 88 1 215 7 177
1542285805 16965 1821 17578 0 2 649 217 269 0 0 47 82 5 36 121 88 1 215 7 177
1542295711 17001 1821 17578 0 2 649 217 269 0 0 47 82 5 36 121 88 1 215 7 177
1542296172 17001 1821 17578 0 2 649 217 269 0 0 47 82 5 36 121 88 1 215 7 177
1542301652 17001 1821 17578 109 2 649 217 269 0 0 47 82 5 36 121 88 1 215 7 177
1542313757 17191 1821 17578 109 2 649 217 269 0 0 47 82 5 36 121 88 1 215 7 177
1542374615 17241 1821 17578 109 2 649 217 269 0 0 47 82 5 36 121 88 1 215 7 177
1542374966 17251 1821 17578 109 2 649 217 269 0 0 47 82 5 36 121 88 1 215 7 177
1542375513 17335 1821 17578 109 2 649 217 269 0 0 47 82 5 36 121 88 1 215 7 177
1542536257 17335 1821 17578 134 2 649 217 269 0 0 47 82 5 36 121 88 1 215 7 177
1542728377 17335 1821 17922 134 2 649 217 269 0 0 47 82 5 36 121 88 1 215 7 177
1542732593 17335 1821 17954 134 2 649 217 269 0 0 47 82 5 36 121 88 1 215 7 177
1542790659 17335 1821 17954 134 3 649 217 269 0 0 47 82 5 36 121 88 1 215 7 177
1542892458 17335 1821 17954 246 3 649 217 269 0 0 47 82 5 36 121 88 1 215 7 177
1542894141 17335 1821 17954 246 10 649 217 269 0 0 47 82 5 36 121 88 1 215 7 177
1542901383 17682 1821 17954 246 10 649 217 269 0 0 47 82 5 36 121 88 1 215 7 177
1542973589 17816 1821 17954 246 10 649 217 269 0 0 47 82 5 36 121 88 1 215 7 177
1542976362 17858 1821 17954 246 10 649 217 269 0 0 47 82 5 36 121 88 1 215 7 177
1542990182 17862 1821 17954 246 10 649 217 269 0 0 47 82 5 36 121 88 1 215 7 177
1543238070 17862 1821 17954 246 10 649 217 269 0 0 47 82 5 36 121 88 1 215 7 177
1543239004 17862 1821 17954 246 20 649 217 269 0 0 47 82 5 36 121 88 1 215 7 177
1543260180 17903 1821 17954 246 20 649 217 269 0 0 47 82 5 36 121 88 1 215 7 177
1543323846 17903 1821 17954 246 20 649 217 269 0 0 47 82 5 36 121 88 1 215 7 177
1543407362 17903 1821 17954 254 20 649 217 269 0 0 47 82 5 36 121 88 1 215 7 177
1543408083 17903 1821 17954 254 21 649 217 269 0 0 47 82 5 36 121 88 1 215 7 177
1543408666 17903 1821 17954 268 21 649 217 269 0 0 47 82 5 36 121 88 1 215 7 177
1543434774 17903 1821 17954 268 39 649 217 269 0 0 47 82 5 36 121 88 1 215 7 177
1543441366 17903 1821 17954 269 39 649 217 269 0 0 47 82 5 36 121 88 1 215 7 177
1543503523 17903 1833 17954 269 39 649 217 269 0 0 47 82 5 36 121 88 1 215 7 177
1543579176 17903 1833 17954 278 39 649 217 269 0 0 47 82 5 36 121 88 1 215 7 177
1543861546 17903 1833 17954 490 39 649 217 269 0 0 47 82 5 36 121 88 1 215 7 177
1544112922 17903 1833 17954 515 39 649 217 269 0 0 47 82 5 36 121 88 1 215 7 177
1544116549 17903 1833 17954 548 39 649 217 269 0 0 47 82 5 36 121 88 1 215 7 177
1544546114 17903 1833 17968 548 39 649 217 269 0 0 47 82 5 36 121 88 1 215 7 177
1544627927 17903 1833 17968 548 39 649 217 269 0 0 47 82 5 36 121 88 1 215 7 177
1544648449 17903 1833 17968 553 39 649 217 269 0 0 47 82 5 36 121 88 1 215 7 177
1545302795 17903 1833 17968 568 39 649 217 269 0 0 47 82 5 36 121 88 1 215 7 177
1545319310 17903 1833 17968 568 39 649 217 269 0 0 47 82 5 36 121 88 1 215 7 177
1545320802 17903 1833 17968 571 39 649 217 269 0 0 47 82 5 36 121 88 1 215 7 177
1545401669 17903 1833 17968 571 39 649 217 269 0 0 47 82 5 36 121 88 1 215 7 177
1545405408 17903 1833 17968 571 39 649 217 269 0 0 47 82 5 36 121 88 1 215 7 177
1546519305 17903 1833 17968 571 39 649 217 275 0 0 47 82 5 36 121 88 1 215 7 177
1546604961 17903 1833 17968 571 42 649 217 275 0 0 47 82 5 36 121 88 1 215 7 177
1546611706 17907 1833 17968 571 42 649 217 275 0 0 47 82 5 36 121 88 1 215 7 177
1546621411 17927 1833 17968 571 42 649 217 275 0 0 47 82 5 36 121 88 1 215 7 177
1547042670 18038 1833 17968 571 42 649 217 275 0 0 47 82 5 36 121 88 1 215 7 177
1547043651 18038 1833 17968 615 42 649 217 275 0 0 47 82 5 36 121 88 1 215 7 177
1547055327 18040 1833 17968 615 42 649 217 275 0 0 47 82 5 36 121 88 1 215 7 177
1547131535 18040 1833 17968 615 42 649 217 275 0 0 47 82 5 36 121 88 1 215 7 177
1547211652 18102 1833 17968 615 42 649 217 275 0 0 47 82 5 36 121 88 1 215 7 177
1547218736 18167 1833 17968 615 42 649 217 275 0 0 47 82 5 36 121 88 1 215 7 177
1547224115 18171 1833 17968 615 42 649 217 275 0 0 47 82 5 36 121 88 1 215 7 177
1547225545 18174 1833 17968 615 42 649 217 275 0 0 47 82 5 36 121 88 1 215 7 177
1547468777 18175 1833 17968 615 42 649 217 275 0 0 47 82 5 36 121 88 1 215 7 177
1547573297 18395 1833 17968 615 42 649 217 275 0 0 47 82 5 36 121 88 1 215 7 177
1547582226 18538 1833 17968 615 42 649 217 275 0 0 47 82 5 36 121 88 1 215 7 177
1547652117 18673 1833 17968 615 42 649 217 275 0 0 47 82 5 36 121 88 1 215 7 177
1547652242 18673 1833 17968 615 42 649 217 326 0 0 47 82 5 36 121 88 1 215 7 177
1547671366 21951 1833 17968 615 42 649 217 326 0 0 47 82 5 36 121 88 1 215 7 177
1547729258 22071 1833 17968 615 42 649 217 326 0 0 47 82 5 36 121 88 1 215 7 177
1547731971 22071 1833 17968 615 42 649 217 340 0 0 47 82 5 36 121 88 1 215 7 177
1548177933 22466 1833 17968 615 42 649 217 340 0 0 47 82 5 36 121 88 1 215 7 177
1548258079 22475 1833 17968 615 42 649 217 340 0 0 47 82 5 36 121 88 1 215 7 177
1548258956 22475 1833 17968 615 42 649 217 340 0 0 47 82 5 36 121 88 1 215 14 177
1548672466 22922 1833 17968 615 42 649 217 340 0 0 47 82 5 36 121 88 1 215 14 177
1548796649 22922 1833 17968 615 42 649 217 344 0 0 47 82 5 36 121 88 1 215 14 177
1548796843 22922 1833 17968 615 42 649 217 345 0 0 47 82 5 36 121 88 1 215 14 177
1548874279 22922 1833 17968 615 42 649 217 345 0 0 47 82 5 36 121 88 1 215 14 177
1548878090 22922 1833 17968 615 42 649 217 345 0 0 47 82 5 36 121 88 1 215 14 177
1549067279 22941 1833 17968 615 42 649 217 345 0 0 47 82 5 36 121 88 1 215 14 177
1549457598 22941 1833 17968 615 42 649 217 345 0 0 47 82 5 36 121 88 1 215 14 177
1549457760 22941 1833 17968 615 42 649 217 355 0 0 47 82 5 36 121 88 1 215 14 177
1549539246 23509 1833 17968 615 42 649 217 355 0 0 47 82 5 36 121 88 1 215 14 177
1549563051 23705 1833 17968 615 42 649 217 355 0 0 47 82 5 36 121 88 1 215 14 177
1549624662 23865 1833 17968 615 42 649 217 355 0 0 47 82 5 36 121 88 1 215 14 177
1549632233 23871 1833 17968 615 42 649 217 355 0 0 47 82 5 36 121 88 1 215 14 177
1549632482 23902 1833 17968 615 42 649 217 355 0 0 47 82 5 36 121 88 1 215 14 177
1549905784 23948 1833 17968 615 42 649 217 355 0 0 47 82 5 36 121 88 1 215 14 177
1549996080 24008 1833 17968 615 42 649 217 355 0 0 47 82 5 36 121 88 1 215 14 177
1550063474 24024 1833 17968 615 42 649 217 355 0 0 47 82 5 36 121 88 1 215 14 177
1550236928 24117 1833 17968 615 42 649 217 355 0 0 47 82 5 36 121 88 1 215 14 177
1550240894 24140 1833 17968 615 42 649 217 355 0 0 47 82 5 36 121 88 1 215 14 177
1550242014 24141 1833 17968 615 42 649 217 355 0 0 47 82 5 36 121 88 1 215 14 177
1550487617 24229 1833 17968 615 42 649 217 355 0 0 47 82 5 36 121 88 1 215 14 177
1550498301 24239 1833 17968 615 42 649 217 355 0 0 47 82 5 36 121 88 1 215 14 177
1550693468 24239 1833 17968 615 50 649 217 355 0 0 47 82 5 36 121 88 1 215 14 177
1551192278 24243 1833 17968 615 50 649 217 355 0 0 47 82 5 36 121 88 1 215 14 177
1551198128 24262 1833 17968 615 50 649 217 355 0 0 47 82 5 36 121 88 1 215 14 177
1551202439 24449 1833 17968 615 50 649 217 355 0 0 47 82 5 36 121 88 1 215 14 177
1551290162 25273 1833 17968 615 50 649 217 355 0 0 47 82 5 36 121 88 1 215 14 177
1551290277 25592 1833 17968 615 50 649 217 355 0 0 47 82 5 36 121 88 1 215 14 177
1551358776 25596 1833 17968 615 50 649 217 355 0 0 47 82 5 36 121 88 1 215 14 177
1552317983 25596 1833 17968 615 52 649 217 355 0 0 47 82 5 36 121 88 1 215 14 177
1552318337 25638 1833 17968 615 52 649 217 355 0 0 47 82 5 36 121 88 1 215 14 177
1552649866 25638 1833 17968 615 52 649 217 355 0 0 47 82 5 36 121 88 1 215 14 177
1552921159 25742 1833 17968 615 52 649 217 355 0 0 47 82 5 36 121 88 1 215 14 177
1553514666 25742 1833 17968 615 52 649 217 355 0 0 47 82 5 36 121 88 1 215 14 177
1553516291 25742 1833 17968 615 52 649 217 355 0 0 47 82 5 36 121 88 1 215 14 177
1553521349 25745 1833 17968 615 52 649 217 355 0 0 47 82 5 36 121 88 1 215 14 177
1553526843 25750 1833 17968 615 52 649 217 355 0 0 47 82 5 36 121 88 1 215 14 177
1553608858 25792 1833 17968 615 52 649 217 355 0 0 47 82 5 36 121 88 1 215 14 177
1553786717 25918 1833 17968 615 52 649 217 355 0 0 47 82 5 36 121 88 1 215 14 177
1553792801 25967 1833 17968 615 52 649 217 355 0 0 47 82 5 36 121 88 1 215 14 177
1553876634 25969 1833 17968 615 52 649 217 355 0 0 47 82 5 36 121 88 1 215 14 177
1554206195 26006 1833 17968 615 52 649 217 355 0 0 47 82 5 36 121 88 1 215 14 177
1554208392 26014 1833 17968 615 52 649 217 355 0 0 47 82 5 36 121 88 1 215 14 177
1554210238 26021 1833 17968 615 52 649 217 355 0 0 47 82 5 36 121 88 1 215 14 177
1554214411 26378 1833 17968 615 52 649 217 355 0 0 47 82 5 36 121 88 1 215 14 177
1554385404 26431 1833 17968 615 52 649 217 355 0 0 47 82 5 36 121 88 1 215 14 177
1554387009 26510 1833 17968 615 52 649 217 355 0 0 47 82 5 36 121 88 1 215 14 177
1554387532 26625 1833 17968 615 52 649 217 355 0 0 47 82 5 36 121 88 1 215 14 177
1554392377 26640 1833 17968 615 52 649 217 355 0 0 47 82 5 36 121 88 1 215 14 177
1554460555 26641 1833 17968 615 52 649 217 355 0 0 47 82 5 36 121 88 1 215 14 177
1554817873 26723 1833 17968 615 52 649 217 355 0 0 47 82 5 36 121 88 1 215 14 177
1554819228 26725 1833 17968 615 52 649 217 355 0 0 47 82 5 36 121 88 1 215 14 177
1554822556 26733 1833 17968 615 52 649 217 355 0 0 47 82 5 36 121 88 1 215 14 177
1554896948 26745 1833 17968 615 52 649 217 355 0 0 47 82 5 36 121 88 1 215 14 177
1555085238 26769 1833 17968 615 52 649 217 355 0 0 47 82 5 36 121 88 1 215 14 177
1555423932 26769 1833 17968 615 52 649 217 355 0 0 47 82 5 36 121 88 1 215 14 177
1555602182 26775 1833 17968 615 52 649 217 355 0 0 47 82 5 36 121 88 1 215 14 177
1556028041 26775 1833 17968 615 52 649 217 355 0 0 47 82 7 36 121 88 1 215 14 177
1556224399 26775 1833 17968 615 52 649 217 355 0 0 47 82 7 36 121 88 1 215 14 177
1556631592 26775 1833 17968 615 52 649 217 355 0 0 47 82 7 36 121 88 1 215 14 177
1556796215 26832 1833 17968 615 52 649 217 355 0 0 47 82 7 36 121 88 1 215 14 177
1556802967 27275 1833 17968 615 52 649 217 355 0 0 47 82 7 36 121 88 1 215 14 177
1556825286 27295 1833 17968 615 52 649 217 355 0 0 47 82 7 36 121 88 1 215 14 177
1556903379 27299 1833 17968 615 52 649 217 355 0 0 47 82 7 36 121 88 1 215 14 177
1556966878 27324 1833 17968 615 52 649 217 355 0 0 47 82 7 36 121 88 1 215 14 177
1556967206 27324 1833 17968 615 52 649 217 355 0 0 47 82 7 36 121 88 1 215 14 177
1557149512 27340 1833 17968 615 52 649 217 355 0 0 47 82 7 36 121 88 1 215 14 177
1557246725 27348 1833 17968 615 52 649 217 355 0 0 47 82 7 36 121 88 1 215 14 177
1557928663 27373 1833 17968 615 52 649 217 355 0 0 47 82 7 36 121 88 1 215 14 177
1557932971 27375 1833 17968 615 52 649 217 355 0 0 47 82 7 36 121 88 1 215 14 177
1558015873 27375 1833 17968 615 52 649 217 355 0 0 47 82 7 36 121 88 1 215 14 177
1558018681 27450 1833 17968 615 52 649 217 355 0 0 47 82 7 36 121 88 1 215 14 177
1558029640 27573 1833 17968 615 52 649 217 355 0 0 47 82 7 36 121 88 1 215 14 177
1558091538 27573 1833 17968 615 52 649 217 355 0 0 47 82 7 36 121 88 1 215 14 177
1558458107 27573 1833 17968 615 52 649 217 355 0 0 47 82 7 36 121 88 1 215 14 177
1558458641 27681 1833 17968 615 52 649 217 355 0 0 47 82 7 36 121 88 1 215 14 177
1558458938 27682 1833 17968 615 52 649 217 355 0 0 47 82 7 36 121 88 1 215 14 177
1558476265 27689 1833 17968 615 52 649 217 355 0 0 47 82 7 36 121 88 1 215 14 177
1558618632 27692 1833 17968 615 52 649 217 355 0 0 47 82 7 36 121 88 1 215 14 177
1559147752 27692 1833 17968 615 52 649 217 355 0 0 47 82 7 36 121 88 1 215 14 177
1559821206 27693 1833 17968 615 52 649 217 355 0 0 47 82 7 36 121 88 1 215 14 177
1560343587 27935 1833 17968 615 52 649 217 355 0 0 47 82 7 36 121 88 1 215 14 177
1560427339 28030 1833 17968 615 52 649 217 355 0 0 47 82 7 36 121 88 1 215 14 177
1560512312 28085 1833 17968 615 52 649 217 355 0 0 47 82 7 36 121 88 1 215 14 177
1560774440 28176 1833 17968 615 52 649 217 355 0 0 47 82 7 36 121 88 1 215 14 177
1560944901 28284 1833 17968 615 52 649 217 355 0 0 47 82 7 36 121 88 1 215 14 177
1560946021 28658 1833 17968 615 52 649 217 355 0 0 47 82 7 36 121 88 1 215 14 177
1560950250 28686 1833 17968 615 52 649 217 355 0 0 47 82 7 36 121 88 1 215 14 177
1560970573 29012 1833 17968 615 52 649 217 355 0 0 47 82 7 36 121 88 1 215 14 177
1561121766 29082 1833 17968 615 52 649 217 355 0 0 47 82 7 36 121 88 1 215 14 177
1562767385 29189 1833 17968 615 52 649 217 355 0 0 47 82 7 36 121 88 1 215 14 177
1562866247 29213 1833 17968 615 52 649 217 355 0 0 47 82 7 36 121 88 1 215 14 177
1562866520 29213 1833 17968 615 52 649 217 355 0 0 47 82 7 36 121 88 1 215 14 177
1562930059 29262 1833 17968 615 52 649 217 355 0 0 47 82 7 36 121 88 1 215 14 177
1563370280 29262 1833 17968 615 52 649 217 355 0 0 47 82 7 36 121 88 1 215 14 177
1563370421 29758 1833 17968 615 52 649 217 355 0 0 47 82 7 36 121 88 1 215 14 177
1563370617 29758 1833 17968 615 52 649 217 355 0 0 47 82 7 36 121 88 1 215 14 177
1563370827 29761 1833 17968 615 52 649 217 355 0 0 47 82 7 36 121 88 1 215 14 177
1563789397 29761 1833 17968 615 52 649 217 355 0 0 47 82 7 36 121 88 1 215 14 177
1563815614 29761 1833 17968 615 52 649 217 355 0 0 47 82 7 36 121 88 1 215 14 177
1563890407 29761 1833 17968 615 52 649 217 355 0 161 47 82 7 36 121 88 1 215 14 177
1564065050 29777 1833 17968 615 52 649 217 355 0 161 47 82 7 36 121 88 1 215 14 177
1564127498 29777 1833 17968 615 52 649 217 355 0 161 47 82 7 36 121 88 1 215 14 177
1564405569 29875 1833 17968 615 52 649 217 355 0 161 47 82 7 36 121 88 1 215 14 177
1564407266 29887 1833 17968 615 52 649 217 355 0 161 47 82 7 36 121 88 1 215 14 177
1564420579 29888 1833 17968 615 52 649 217 355 0 161 47 82 7 36 121 88 1 215 14 177
1564485359 29892 1833 17968 615 52 649 217 355 0 161 47 82 7 36 121 88 1 215 14 177
1564486154 29893 1833 17968 615 52 649 217 355 0 161 47 82 7 36 121 88 1 215 14 177
1564493079 29897 1833 17968 615 52 649 217 355 0 161 47 82 7 36 121 88 1 215 14 177
1564516823 29897 1833 17968 615 53 649 217 355 0 161 47 82 7 36 121 88 1 215 14 177
1564571472 29897 1833 17968 615 53 649 217 355 0 161 47 82 7 36 121 88 1 215 14 177
1565004409 29905 1833 17968 615 53 649 217 355 0 161 47 82 7 36 121 88 1 215 14 177
1565096294 29905 1833 17968 615 53 649 217 355 0 161 47 82 7 36 121 88 1 215 14 177
1565269539 30217 1833 17968 615 53 649 217 355 0 161 47 82 7 36 121 88 1 215 14 177
1565276405 30386 1833 17968 615 53 649 217 355 0 161 47 82 7 36 121 88 1 215 14 177
1565346219 30390 1833 17968 615 53 649 217 355 0 161 47 82 7 36 121 88 1 215 14 177
1565350716 30398 1833 17968 615 53 649 217 355 0 161 47 82 7 36 121 88 1 215 14 177
1565366678 30442 1833 17968 615 53 649 217 355 0 161 47 82 7 36 121 88 1 215 14 177
1565737676 30459 1833 17968 615 53 649 217 355 0 161 47 82 7 36 121 88 1 215 14 177
1565810073 30482 1833 17968 615 53 649 217 355 0 161 47 82 7 36 121 88 1 215 14 177
1567015074 30482 1843 17968 615 53 649 217 355 0 161 47 82 7 36 121 88 1 215 14 177
1567583046 30482 1843 17968 615 53 649 217 355 0 161 47 82 7 36 121 88 1 215 14 177
1567598512 30482 1843 17968 615 53 649 217 355 0 161 47 82 7 36 121 88 1 215 14 177
1567612499 30482 1843 17968 615 53 649 217 355 0 161 47 82 7 36 121 88 1 215 14 177
1567692329 30489 1843 17968 615 53 649 217 355 0 161 47 82 7 36 121 88 1 215 14 177
1567692718 30623 1843 17968 615 53 649 217 355 0 161 47 82 7 36 121 88 1 215 14 177
1567694682 30687 1843 17968 615 53 649 217 355 0 161 47 82 7 36 121 88 1 215 14 177
1567703489 30691 1843 17968 615 53 649 217 355 0 161 47 82 7 36 121 88 1 215 14 177
1567707685 30692 1843 17968 615 53 649 217 355 0 161 47 82 7 36 121 88 1 215 14 177
1567769290 30698 1843 17968 615 53 649 217 355 0 161 47 82 7 36 121 88 1 215 14 177
1568030193 30698 1843 17968 615 53 649 217 355 0 161 47 82 7 36 121 88 1 215 14 177
1568229367 30698 1843 17968 615 54 649 217 355 0 161 47 82 7 36 121 88 1 215 14 177
1568734750 30714 1843 17968 615 54 649 217 355 0 161 47 82 7 36 121 88 1 215 14 177
1568747805 30716 1843 17968 615 54 649 217 355 0 161 47 82 7 36 121 88 1 215 14 177
1570020935 30716 1843 17968 615 54 649 217 355 0 161 47 82 7 36 121 88 1 215 14 177
1570049473 30720 1843 17968 615 54 649 217 355 0 161 47 82 7 36 121 88 1 215 14 177
1570654820 30720 1843 17968 615 54 649 217 355 0 161 47 82 7 36 121 88 1 215 14 177
1570730915 30720 1843 17968 615 54 649 217 355 0 161 47 82 7 36 121 88 1 215 14 177
1571141270 30720 1843 17968 615 54 649 217 355 0 161 47 82 7 36 121 88 1 215 14 177
1571161126 30732 1843 17968 615 54 649 217 355 0 161 47 82 7 36 121 88 1 215 14 177
1571404972 30744 1843 17968 615 54 649 217 355 0 161 47 82 7 36 121 88 1 215 14 177
1571939816 30769 1843 17968 615 54 649 217 355 0 161 47 82 7 36 121 88 1 215 14 177
1573049241 30795 1843 17968 615 54 649 217 355 0 161 47 82 7 36 121 88 1 215 14 177
1573135983 30795 1843 17968 615 54 649 217 355 0 161 47 82 7 36 121 88 1 215 14 177
1573741618 30795 1843 17968 615 54 649 217 355 0 161 47 82 7 36 121 88 1 215 14 177
1574080092 30868 1843 17968 615 54 649 217 355 0 161 47 82 7 36 121 88 1 215 14 177
1574963978 30902 1843 17968 615 54 649 217 355 0 161 47 82 7 36 121 88 1 215 14 177
1576680200 30902 1843 17968 615 54 649 217 355 0 161 47 82 7 36 121 88 1 215 14 177
1578492426 30902 1843 17968 615 54 649 217 355 0 161 47 82 7 36 121 88 1 215 14 177
1579269376 30993 1843 17968 615 54 649 217 355 0 161 47 82 7 36 121 88 1 215 14 177
1579333138 30993 1843 17973 615 54 649 217 355 0 161 47 82 7 36 121 88 1 215 14 177
1579333368 31030 1843 17973 615 54 649 217 355 0 161 47 82 7 36 121 88 1 215 14 177
1579461316 31034 1843 17973 615 54 649 217 355 0 161 47 82 7 36 121 88 1 215 14 177
1580135159 31049 1843 17973 615 54 649 217 355 0 161 47 82 7 36 121 88 1 215 14 177
1580139416 31091 1843 17973 615 54 649 217 355 0 161 47 82 7 36 121 88 1 215 14 177
1580141678 31127 1843 17973 615 54 649 217 355 0 161 47 82 7 36 121 88 1 215 14 177
1580315180 31129 1843 17973 615 54 649 217 355 0 161 47 82 7 36 121 88 1 215 14 177
1580753747 31173 1843 17973 615 54 649 217 355 0 161 47 82 7 36 121 88 1 215 14 177
1580754619 31215 1843 17973 615 54 649 217 355 0 161 47 82 7 36 121 88 1 215 14 177
1580819945 31221 1843 17973 615 54 649 217 355 0 161 47 82 7 36 121 88 1 215 14 177
1581010981 31221 1843 17973 615 54 649 217 355 0 275 47 82 7 36 121 88 1 215 14 177
1581084824 31221 1843 17973 615 54 649 217 355 0 279 47 82 7 36 121 88 1 215 14 177
1581330451 31228 1843 17973 615 54 649 217 355 0 279 47 82 7 36 121 88 1 215 14 177
1581353449 31574 1843 17973 615 54 649 217 355 0 279 47 82 7 36 121 88 1 215 14 177
1581353808 31574 1843 17973 615 54 649 217 355 0 377 47 82 7 36 121 88 1 215 14 177
1581456622 31673 1843 17973 615 54 649 217 355 0 377 47 82 7 36 121 88 1 215 14 177
1582035296 33434 1843 17973 615 54 649 217 355 0 377 47 82 7 36 121 88 1 215 14 177
1582035785 33434 1843 17973 615 54 649 217 355 0 377 47 82 7 36 121 88 221 215 14 177
1582206973 33497 1843 17973 615 54 649 217 355 0 377 47 82 7 36 121 88 221 215 14 177
1582285323 33565 1843 17973 615 54 649 217 355 0 377 47 82 7 36 121 88 221 215 14 177
1582546497 33571 1843 17973 615 54 649 217 355 0 377 47 82 7 36 121 88 221 215 14 177
1582546985 33587 1843 17973 615 54 649 217 355 0 377 47 82 7 36 121 88 221 215 14 177
1582907506 33599 1843 17973 615 54 649 217 355 0 377 47 82 7 36 121 88 221 215 14 177
1582910968 33599 1843 17973 615 54 649 217 355 7 377 47 82 7 36 121 88 221 215 14 177
1583415526 33675 1843 17973 615 54 649 217 355 7 377 47 82 7 36 121 88 221 215 14 177
1583853497 33675 1843 17973 615 54 649 217 355 7 377 47 82 7 36 121 88 330 215 14 177
1583853610 33720 1843 17973 615 54 649 217 355 7 377 47 82 7 36 121 88 330 215 14 177
1583879293 33720 1843 17973 615 54 649 217 355 7 377 47 82 7 36 121 88 426 215 14 177
1584709382 34054 1843 17973 615 54 649 217 355 7 377 47 82 7 36 121 88 426 215 14 177
1585561823 34054 1843 17973 615 54 649 217 355 7 377 47 82 7 36 121 88 426 215 14 177
1586362831 34054 1843 17973 615 54 649 217 355 7 377 47 82 7 36 121 88 426 215 14 177
1586959086 34115 1843 17973 615 54 649 217 355 7 377 47 82 7 36 121 88 426 215 14 177
1586967556 34819 1843 17973 615 54 649 217 355 7 377 47 82 7 36 121 88 426 215 14 177
1587057023 34819 1843 17973 615 54 649 217 355 7 377 47 82 7 36 121 88 426 215 14 177
1587127584 34999 1843 17973 615 54 649 217 355 7 377 47 82 7 36 121 88 426 215 14 177
1587142208 35040 1843 17973 615 54 649 217 355 7 377 47 82 7 36 121 88 426 215 14 177
1588153528 35078 1843 17973 615 54 649 217 355 7 377 47 82 7 36 121 88 426 215 14 177
1588693201 35098 1843 17973 615 54 649 217 355 7 377 47 82 7 36 121 88 426 215 14 177
1588693533 35112 1843 17973 615 54 649 217 355 7 377 47 82 7 36 121 88 426 215 14 177
1588695128 35129 1843 17973 615 54 649 217 355 7 377 47 82 7 36 121 88 426 215 14 177
1588697867 35170 1843 17973 615 54 649 217 355 7 377 47 82 7 36 121 88 426 215 14 177
1589412958 35170 1843 17973 615 54 649 217 355 7 377 47 82 7 36 121 88 426 215 14 177
1589907051 35170 1843 17973 615 54 649 217 355 7 377 47 82 7 36 121 88 426 215 14 177
1590337477 35519 1843 17973 615 54 649 217 355 7 377 47 82 7 36 121 88 426 215 14 177
1590579367 35519 1843 17973 615 54 649 217 355 7 377 47 82 7 36 121 88 426 215 14 177
1590625653 35519 1843 17973 615 54 649 217 355 7 377 47 82 7 36 121 88 426 215 14 177
1590629852 35519 1843 17973 615 54 649 217 355 7 377 47 82 7 36 121 88 426 215 14 177
1590672270 35520 1843 17973 615 54 649 217 355 7 377 47 82 7 36 121 88 426 215 14 177
1590677091 35522 1843 17973 615 54 649 217 355 7 377 47 82 7 36 121 88 426 215 14 177
1590684907 35523 1843 17973 615 54 649 217 355 7 377 47 82 7 36 121 88 426 215 14 177
1590688315 35587 1843 17973 615 54 649 217 355 7 377 47 82 7 36 121 88 426 215 14 177
1590703679 35588 1843 17973 615 54 649 217 355 7 377 47 82 7 36 121 88 426 215 14 177
1590764122 35589 1843 17973 615 54 649 217 355 7 377 47 82 7 36 121 88 426 215 14 177
1590928829 35589 1843 17973 615 54 649 217 355 7 377 47 82 7 36 121 88 426 215 14 177
1591123044 35589 1843 17973 615 54 649 217 355 7 377 47 82 7 36 121 88 426 215 14 177
1591288278 35765 1843 17973 615 54 649 217 355 7 377 47 82 7 36 121 88 426 215 14 177
1591291877 35806 1843 17973 615 54 649 217 355 7 377 47 82 7 36 121 88 426 215 14 177
1591351002 35975 1843 17973 615 54 649 217 355 7 377 47 82 7 36 121 88 426 215 14 177
1591367152 35980 1843 17973 615 54 649 217 355 7 377 47 82 7 36 121 88 426 215 14 177
1591395341 36207 1843 17973 615 54 649 217 355 7 377 47 82 7 36 121 88 426 215 14 177
1591663928 36253 1843 17973 615 54 649 217 355 7 377 47 82 7 36 121 88 426 215 14 177
1591709923 36402 1843 17973 615 54 649 217 355 7 377 47 82 7 36 121 88 426 215 14 177
1591878955 36409 1843 17973 615 54 649 217 355 7 377 47 82 7 36 121 88 426 215 14 177
1591879186 36451 1843 17973 615 54 649 217 355 7 377 47 82 7 36 121 88 426 215 14 177
1591879895 36454 1843 17973 615 54 649 217 355 7 377 47 82 7 36 121 88 426 215 14 177
1591982324 36478 1843 17973 615 54 649 217 355 7 377 47 82 7 36 121 88 426 215 14 177
1592950320 36530 1843 17973 615 54 649 217 355 7 377 47 82 7 36 121 88 426 215 14 177
1592950450 36533 1843 17973 615 54 649 217 355 7 377 47 82 7 36 121 88 426 215 14 177
1592950548 36551 1843 17973 615 54 649 217 355 7 377 47 82 7 36 121 88 426 215 14 177
1592951021 36551 1843 17973 615 54 649 217 355 7 377 47 82 7 36 121 88 426 215 14 177
1594744522 36557 1843 17973 615 54 649 217 355 7 377 47 82 7 36 121 88 426 215 14 177
1595088171 36791 1843 17973 615 54 649 217 355 7 377 47 82 7 36 121 88 426 215 14 177
1595613717 36791 1938 17973 615 54 649 217 355 7 377 47 82 7 36 121 88 426 215 14 177
1596629959 36791 1938 17973 615 54 649 217 355 7 377 47 82 7 36 121 88 426 215 14 177
1597679906 36791 2052 17973 615 54 649 217 355 7 377 47 82 7 36 121 88 426 215 14 177
1597875167 37820 2052 17973 615 54 649 217 355 7 377 47 82 7 36 121 88 426 215 14 177
1598435855 37820 2052 17973 615 54 649 217 355 7 377 47 82 7 36 121 88 426 215 14 177
1598454525 37820 2093 17973 615 54 649 217 355 7 377 47 82 7 36 121 88 426 215 14 177
1598535600 37820 2093 17973 615 54 649 217 355 7 377 47 82 7 36 121 88 426 215 14 177
1599148681 37842 2093 17973 615 54 649 217 355 7 377 47 82 7 36 121 88 426 215 14 177
1599152422 37883 2093 17973 615 54 649 217 355 7 377 47 82 7 36 121 88 426 215 14 177
1599589828 38039 2093 17973 615 54 649 217 355 7 377 47 82 7 36 121 88 426 215 14 177
1599746999 38043 2093 17973 615 54 649 217 355 7 377 47 82 7 36 121 88 426 215 14 177
1599747425 38350 2093 17973 615 54 649 217 355 7 377 47 82 7 36 121 88 426 215 14 177
1599751637 38458 2093 17973 615 54 649 217 355 7 377 47 82 7 36 121 88 426 215 14 177
1599756943 38476 2093 17973 615 54 649 217 355 7 377 47 82 7 36 121 88 426 215 14 177
1599829562 38480 2093 17973 615 54 649 217 355 7 377 47 82 7 36 121 88 426 215 14 177
1599833747 38505 2093 17973 615 54 649 217 355 7 377 47 82 7 36 121 88 426 215 14 177
1599917107 38668 2093 17973 615 54 649 217 355 7 377 47 82 7 36 121 88 426 215 14 177
1600779397 38728 2093 17973 615 54 649 217 355 7 377 47 82 7 36 121 88 426 215 14 177
1600794345 38790 2093 17973 615 54 649 217 355 7 377 47 82 7 36 121 88 426 215 14 177
1601045843 38790 2094 17973 615 54 649 217 355 7 377 47 82 7 36 121 88 426 215 14 177
1603463095 38790 2094 17973 615 54 649 217 355 7 377 47 82 7 36 121 88 426 215 14 177
1603895432 38793 2094 17973 615 54 649 217 355 7 377 47 82 7 36 121 88 426 215 14 177
1603899683 38794 2094 17973 615 54 649 217 355 7 377 47 82 7 36 121 88 426 215 14 177
1604329466 43505 2094 17973 615 54 649 217 355 7 377 47 82 7 36 121 88 426 215 14 177
1607452981 43505 2094 17973 615 54 649 217 355 7 377 47 82 7 36 121 88 426 215 14 177
1607453236 43505 2094 17973 615 54 649 217 355 7 377 47 82 7 36 121 88 426 215 14 177
1607538199 43505 2094 17973 615 54 649 217 355 260 377 47 82 7 36 121 88 426 215 14 177
1607540097 43506 2094 17973 615 54 649 217 355 260 377 47 82 7 36 121 88 426 215 14 177
1607612795 43506 2094 17973 615 54 649 217 355 260 377 47 82 7 36 121 88 426 215 14 177
1607624151 43544 2094 17973 615 54 649 217 355 260 377 47 82 7 36 121 88 426 215 14 177
1607707860 43544 2094 17973 615 54 649 217 355 261 377 47 82 7 36 121 88 426 215 14 177
1607739535 43545 2094 17973 615 54 649 217 355 261 377 47 82 7 36 121 88 426 215 14 177
1607783055 43548 2094 17973 615 54 649 217 355 261 377 47 82 7 36 121 88 426 215 14 177
1607975103 43591 2094 17973 615 54 649 217 355 261 377 47 82 7 36 121 88 426 215 14 177
1610380549 43591 2094 17973 615 54 649 217 355 261 377 47 82 7 36 121 88 426 215 14 177
1610555788 43595 2094 17973 615 54 649 217 355 261 377 47 82 7 36 121 88 426 215 14 177
1610569508 43603 2094 17973 615 54 649 217 355 261 377 47 82 7 36 121 88 426 215 14 177
1611842537 44970 2094 17973 615 54 649 217 355 261 377 47 82 7 36 121 88 426 215 14 177
1611872272 44970 2094 17973 615 54 649 217 355 261 377 47 82 7 36 121 88 426 215 14 177
1612180408 45034 2094 17973 615 54 649 217 355 261 377 47 82 7 36 121 88 426 215 14 177
1612205767 45039 2094 17973 615 54 649 217 355 261 377 47 82 7 36 121 88 426 215 14 177
1612271938 45046 2094 17973 615 54 649 217 355 261 377 47 82 7 36 121 88 426 215 14 177
1612277475 45053 2094 17973 615 54 649 217 355 261 377 47 82 7 36 121 88 426 215 14 177
1612351509 45053 2094 17973 615 54 649 217 355 261 377 47 82 7 36 121 88 426 215 14 177
1612351674 45107 2094 17973 615 54 649 217 355 261 377 47 82 7 36 121 88 426 215 14 177
1612351790 45851 2094 17973 615 54 649 217 355 261 377 47 82 7 36 121 88 426 215 14 177
1612358363 45884 2094 17973 615 54 649 217 355 261 377 47 82 7 36 121 88 426 215 14 177
1612527915 45903 2094 17973 615 54 649 217 355 261 377 47 82 7 36 121 88 426 215 14 177
1612788602 45939 2094 17973 615 54 649 217 355 261 377 47 82 7 36 121 88 426 215 14 177
1613485299 45939 2094 17973 615 54 649 217 355 261 377 47 82 7 36 121 88 426 215 14 177
1613737121 45939 2094 17973 615 54 649 217 355 261 377 47 82 7 36 121 88 426 215 14 177
1614190382 45946 2094 17973 615 54 649 217 355 261 377 47 82 7 36 121 88 426 215 14 177
1614266248 45979 2094 17973 615 54 649 217 355 261 377 47 82 7 36 121 88 426 215 14 177
1614341851 45988 2094 17973 615 54 649 217 355 261 377 47 82 7 36 121 88 426 215 14 177
1614432247 45988 2094 18058 615 54 649 217 355 261 377 47 82 7 36 121 88 426 215 14 177
1617760848 45988 2094 18058 615 54 649 217 355 261 377 47 82 7 36 121 88 426 215 14 177
1617877383 46024 2094 18058 615 54 649 217 355 261 377 47 82 7 36 121 88 426 215 14 177
1620653972 46024 2094 18058 615 54 649 217 355 262 377 47 82 7 36 121 88 426 215 14 177
1620655679 46024 2094 18058 615 54 649 217 355 262 377 47 82 7 36 121 88 426 215 14 177
1622041689 46028 2094 18058 615 54 649 217 355 262 377 47 82 7 36 121 88 426 215 14 177
1627984089 46028 2094 18058 615 54 649 217 355 262 377 47 82 7 36 121 88 426 215 14 177
1628074838 46028 2094 18058 615 54 649 217 355 262 377 47 82 7 36 121 88 426 215 14 177
1628093716 46028 2094 18058 615 54 649 217 355 262 377 47 82 7 36 121 88 426 215 14 177
1629397937 46028 2094 18058 615 54 649 217 355 262 377 47 82 7 36 121 88 426 215 14 177
1629761337 46028 2094 18058 615 54 649 217 355 262 377 47 82 7 36 121 88 426 215 14 177
1629815597 46028 2094 18058 615 54 649 217 355 262 377 47 82 7 36 121 88 426 215 14 177
1630684511 46028 2094 18058 615 54 649 217 355 262 377 47 82 7 36 121 88 426 215 14 177
1630684729 46028 2094 18058 615 54 649 217 355 262 377 47 82 7 36 121 88 426 215 14 177
1630930920 46032 2094 18058 615 54 649 217 355 262 377 47 82 7 36 121 88 426 215 14 177
1630938260 46032 2094 18058 615 54 649 217 355 262 377 47 82 7 36 121 88 426 215 14 177
1631324297 46032 2094 18058 615 54 649 217 355 262 377 47 82 7 36 121 88 432 215 14 177
1632152258 46032 2094 18058 615 54 649 217 355 262 377 47 82 7 36 121 88 432 215 14 177
1633442019 46032 2094 18058 615 54 649 217 355 262 377 47 82 7 36 121 88 432 215 14 177
1633442316 46032 2094 18058 615 54 649 217 355 262 377 47 82 7 36 121 88 432 215 14 177
1633442463 46032 2094 18058 615 54 649 217 355 282 377 47 82 7 36 121 88 432 215 14 177
1633531201 46125 2094 18058 615 54 649 217 355 282 377 47 82 7 36 121 88 432 215 14 177
1633621602 46125 2094 18058 615 54 649 217 355 282 377 47 82 7 36 121 88 432 215 14 177
1634655964 46129 2094 18058 615 54 649 217 355 282 377 47 82 7 36 121 88 432 215 14 177
1634991249 46129 2094 18058 615 54 649 217 355 282 377 47 82 7 36 121 88 432 215 14 177
1635256999 46129 2094 18058 615 54 649 217 355 282 377 47 82 7 36 121 88 432 215 14 177
1638186091 46129 2094 18058 615 54 649 217 355 282 377 47 82 7 36 121 88 432 215 14 177
1638193472 46162 2094 18058 615 54 649 217 355 282 377 47 82 7 36 121 88 432 215 14 177
1638193917 46165 2094 18058 615 54 649 217 355 282 377 47 82 7 36 121 88 432 215 14 177
1641903220 46165 2094 18058 615 54 649 217 355 282 377 47 82 7 36 121 88 432 215 14 177
1641907573 46195 2094 18058 615 54 649 217 355 282 377 47 82 7 36 121 88 432 215 14 177
1642077053 46195 2094 18058 615 54 649 217 355 282 377 47 82 7 36 121 88 432 215 14 177
1643807106 46195 2094 18058 615 54 649 217 355 292 377 47 82 7 36 121 88 432 215 14 177
1643807983 46290 2094 18058 615 54 649 217 355 292 377 47 82 7 36 121 88 432 215 14 177
1643814186 46413 2094 18058 615 54 649 217 355 292 377 47 82 7 36 121 88 432 215 14 177
1643819224 46541 2094 18058 615 54 649 217 355 292 377 47 82 7 36 121 88 432 215 14 177
1643821039 46541 2094 18058 615 54 649 217 355 292 377 47 82 7 36 121 88 432 215 14 177
1644335862 47066 2094 18058 615 54 649 217 355 292 377 47 82 7 36 121 88 432 215 14 177
1644340437 47150 2094 18058 615 54 649 217 355 292 377 47 82 7 36 121 88 432 215 14 177
1644342254 47150 2094 18058 615 54 649 217 355 292 377 47 82 7 36 121 88 432 215 14 177
1644495514 47150 2094 18058 615 54 649 217 355 292 377 47 82 7 36 121 88 432 215 14 177
1644579355 47242 2094 18058 615 54 649 217 355 292 377 47 82 7 36 121 88 432 215 14 177
1644919747 47257 2094 18058 615 54 649 217 355 292 377 47 82 7 36 121 88 432 215 14 177
1645714984 47257 2094 18058 615 54 649 217 355 292 377 47 82 7 36 121 88 432 215 14 177
1645715603 47257 2094 18058 615 54 649 217 355 292 377 47 82 7 36 121 88 432 215 14 177
1645716327 47257 2094 18058 615 54 649 217 355 292 377 47 82 7 36 121 88 432 215 14 177
1646845518 47257 2094 18058 615 54 649 217 355 292 430 47 82 7 36 121 88 432 215 14 177
1647874071 47257 2094 18058 615 54 649 217 355 292 430 47 82 7 36 121 88 432 215 14 177
1647964087 47300 2094 18058 615 54 649 217 355 292 430 47 82 7 36 121 88 432 215 14 177
1648043084 47323 2094 18058 615 54 649 217 355 292 430 47 82 7 36 121 88 432 215 14 177
1649874899 47323 2094 18058 615 54 649 217 355 292 430 47 82 7 36 121 88 432 215 14 177
1649875139 47323 2094 18058 615 54 649 217 355 292 430 47 82 7 36 121 88 432 215 14 177
1649875431 47323 2094 18058 615 54 649 217 355 292 430 47 82 7 36 121 88 432 215 14 177
1649875637 47323 2094 18058 615 54 649 217 355 292 430 47 82 7 36 121 88 432 215 14 177
1649877303 47327 2094 18058 615 54 649 217 355 292 430 47 82 7 36 121 88 432 215 14 177
1651165730 47330 2094 18058 615 54 649 217 355 292 430 47 82 7 36 121 88 432 215 14 177
1651167853 47330 2094 18058 615 54 649 217 355 292 430 47 82 7 36 121 88 432 215 14 177
1651168096 47331 2094 18058 615 54 649 217 355 292 430 47 82 7 36 121 88 432 215 14 177
1652200327 47336 2094 18058 615 54 649 217 355 292 430 47 82 7 36 121 88 432 215 14 177
1653395446 47336 2094 18058 615 54 649 217 355 292 430 47 82 7 36 121 88 432 215 14 177
1653999919 47341 2094 18058 615 54 649 217 355 292 430 47 82 7 36 121 88 432 215 14 177
