1522077172 267
1522078371 1233
1522173596 0
1522780347 1233
1528131867 1233
1528138340 1298
1528140666 1295
1528141479 1292
1528144241 1559
1528815162 1377
1528985794 1377
1529440146 1383
1529441077 1401
1529441613 1425
1529512322 1462
1529513674 1550
1529516317 1540
1529517161 1545
1529517524 1559
1529519640 1565
1529520171 1573
1529526701 1573
1530728353 1616
1531058692 1669
1531060528 1669
1531149582 1679
1531512505 1684
1531757327 1689
1531831796 1724
1534255269 1724
1534707442 1731
1535638595 1731
1537293133 1731
1537881193 1784
1539716625 1787
1539717115 1785
1540222822 1788
1540403713 1809
1541528062 1810
1542379926 1810
1542890770 1814
1546553252 1816
1546891446 1823
1546902563 1826
1547072629 1849
1548084171 1854
1548688066 1854
1548859995 1855
1550005674 1866
1552923158 1975
1554967081 1976
1554967112 1987
1556886003 1987
1557241032 5528
1557353658 5528
1557430672 5533
1557496675 5653
1557749642 5654
1558448223 5668
1558549976 5672
1558633836 5707
1558707217 5852
1559069646 5852
1559594357 5859
1559594377 5865
1559810674 5869
1559838926 5978
1562635298 5990
1566312467 5992
1566575120 5995
1569588434 5996
1570545938 6222
1570559811 6257
1570664833 6257
1572805110 6245
1572876298 6323
1574173807 6399
1580119623 7880
1581430516 7880
1581430540 7880
1582513219 7880
1582513269 7880
1583517903 7880
1583518492 7883
1584046899 7885
1585970481 7886
1587023570 7890
1588581074 7890
1588584287 7910
1588590475 7946
1591825957 7951
1592643313 7959
1592988634 7961
1594238523 7966
1596124027 7967
1597139377 8372
1597139450 8380
1597139493 8380
1597140773 8392
1597185542 8393
1597230823 10021
1599228552 10022
1600119965 10027
1602949735 10061
1604085708 10067
1605282149 10072
1607551615 10127
1614612324 10141
1615300699 10142
1615304936 10216
1618416319 10217
1619117212 10223
1619800271 10338
1620238571 10356
1620770177 12943
1621526468 12944
1626637033 12944
1628701279 13011
1628780308 13017
1628793092 13028
1633373476 13130
1645636297 13131
1649769652 13155
1649885210 13155
1651082342 13181
1652128009 13184
1652205400 13201
1656946153 13203
1657635325 13314
