1534435725 3941
1534442769 3940
1535029644 4031
1536595989 4034
1538157603 4035
1540483604 4196
1540921396 4196
1541507957 4196
1544807919 4233
1548866032 4234
1550753560 4234
1555023209 4234
1557768298 4234
1559051782 4236
1559057458 4353
1559737646 5684
1559930041 5701
1560445559 5702
1561375239 5687
1561397520 5689
1561397665 8314
1561671946 8314
1562320179 8330
1563282600 8328
1563658493 8352
1563796281 8374
1563796307 8385
1563796370 8398
1563796553 8398
1564168726 8444
1564595922 8450
1564652567 8451
1564660666 8452
1564754339 8452
1565006643 8461
1565365341 8461
1565365415 8477
1566424622 8471
1570549245 8481
1572397178 8481
1589133626 8488
1590335844 8488
1595585010 8497
1595585043 8499
1595585116 8499
1600973744 8675
1601053484 8781
1601568330 8781
1602712352 8781
1603918375 8782
1605113970 8781
1605114006 8782
1605114050 8783
1605114065 8783
1605114082 8783
1605123890 8784
1605186458 8784
1605186483 8788
1605212587 8829
1605212611 8829
1605282456 8834
1605286438 8836
1605293876 8843
1605565661 9037
1606165326 9037
1606402350 9037
1606402619 9039
1606402748 9039
1606745588 9042
1606778331 9042
1607697774 9042
1607699083 9067
1607705625 9145
1611096199 9145
1611353697 9147
1611599049 9155
1613069310 9300
1613165034 9358
1613166689 9372
1613420537 9372
1613422409 9368
1614107564 9370
1625206131 9370
1625885664 9388
1626103912 9388
1626284147 9390
1644961707 9390
1644962258 9424
1644962618 9424
1644963439 9434
1644965275 9433
1645011171 9442
1646783810 9442
1646947222 9445
1654621104 9451
1656431727 9450
