1544279134 0 0 0 1 0 0 0 0 0 0 0 0 0 0 0 0 0
1544396526 0 0 0 2 0 0 0 0 0 0 0 0 0 0 0 0 0
1544458654 0 0 0 3 0 0 0 0 0 0 0 0 0 0 0 0 0
1544459777 0 0 0 4 0 0 0 0 0 0 0 0 0 0 0 0 0
1544460286 0 0 0 5 0 0 0 0 0 0 0 0 0 0 0 0 0
1544649064 0 0 0 5 0 0 1 0 0 0 0 0 0 0 0 0 0
1544743252 0 1 0 5 0 0 1 0 0 0 0 0 0 0 0 0 0
1544801733 0 2 0 5 0 0 1 0 0 0 0 0 0 0 0 0 0
1545171178 0 3 0 5 0 0 1 0 0 0 0 0 0 0 0 0 0
1545235176 0 4 0 5 0 0 1 0 0 0 0 0 0 0 0 0 0
1545250115 0 5 0 5 0 0 1 0 0 0 0 0 0 0 0 0 0
1545257050 0 5 0 6 0 0 1 0 0 0 0 0 0 0 0 0 0
1545337010 0 6 0 6 0 0 1 0 0 0 0 0 0 0 0 0 0
1545425636 0 6 0 6 0 0 2 0 0 0 0 0 0 0 0 0 0
1546466949 0 7 0 6 0 0 2 0 0 0 0 0 0 0 0 0 0
1546627244 0 7 0 7 0 0 2 0 0 0 0 0 0 0 0 0 0
1547146220 0 8 0 7 0 0 2 0 0 0 0 0 0 0 0 0 0
1547567790 0 9 0 7 0 0 2 0 0 0 0 0 0 0 0 0 0
1547582891 0 9 0 8 0 0 2 0 0 0 0 0 0 0 0 0 0
1547832997 0 10 0 8 0 0 2 0 0 0 0 0 0 0 0 0 0
1548173304 0 11 0 8 0 0 2 0 0 0 0 0 0 0 0 0 0
1548194904 0 12 0 8 0 0 2 0 0 0 0 0 0 0 0 0 0
1548253184 0 13 0 8 0 0 2 0 0 0 0 0 0 0 0 0 0
1548943447 0 13 0 8 0 0 2 0 0 0 0 0 0 0 1 0 0
1549299619 0 14 0 8 0 0 2 0 0 0 0 0 0 0 1 0 0
1549397218 0 15 0 8 0 0 2 0 0 0 0 0 0 0 1 0 0
1549477801 0 16 0 8 0 0 2 0 0 0 0 0 0 0 1 0 0
1549478234 0 17 0 8 0 0 2 0 0 0 0 0 0 0 1 0 0
1549481864 0 18 0 8 0 0 2 0 0 0 0 0 0 0 1 0 0
1549899143 0 19 0 8 0 0 2 0 0 0 0 0 0 0 1 0 0
1549899887 0 20 0 8 0 0 2 0 0 0 0 0 0 0 1 0 0
1549901843 0 21 0 8 0 0 2 0 0 0 0 0 0 0 1 0 0
1550177596 0 22 0 8 0 0 2 0 0 0 0 0 0 0 1 0 0
1550592496 0 23 0 8 0 0 2 0 0 0 0 0 0 0 1 0 0
1551291622 0 24 0 8 0 0 2 0 0 0 0 0 0 0 1 0 0
1551716019 0 25 0 8 0 0 2 0 0 0 0 0 0 0 1 0 0
1551973726 0 25 0 8 0 0 2 0 0 0 0 0 1 0 1 0 0
1552084729 0 26 0 8 0 0 2 0 0 0 0 0 1 0 1 0 0
1553878883 0 26 0 8 1 0 2 0 0 0 0 0 1 0 1 0 0
1554145301 0 26 0 9 1 0 2 0 0 0 0 0 1 0 1 0 0
1554228530 0 27 0 9 1 0 2 0 0 0 0 0 1 0 1 0 0
1554389584 1 27 0 9 1 0 2 0 0 0 0 0 1 0 1 0 0
1554390487 2 27 0 9 1 0 2 0 0 0 0 0 1 0 1 0 0
1554398700 2 27 0 9 2 0 2 0 0 0 0 0 1 0 1 0 0
1554410191 3 27 0 9 2 0 2 0 0 0 0 0 1 0 1 0 0
1555612662 4 27 0 9 2 0 2 0 0 0 0 0 1 0 1 0 0
1557327810 5 27 0 9 2 0 2 0 0 0 0 0 1 0 1 0 0
1557328466 6 27 0 9 2 0 2 0 0 0 0 0 1 0 1 0 0
1557329194 7 27 0 9 2 0 2 0 0 0 0 0 1 0 1 0 0
1560187413 8 27 0 9 2 0 2 0 0 0 0 0 1 0 1 0 0
1564500193 9 27 0 9 2 0 2 0 0 0 0 0 1 0 1 0 0
1565021987 10 27 0 9 2 0 2 0 0 0 0 0 1 0 1 0 0
1565095248 10 27 0 9 3 0 2 0 0 0 0 0 1 0 1 0 0
1565374628 11 27 0 9 3 0 2 0 0 0 0 0 1 0 1 0 0
1570646583 11 27 0 9 3 0 2 0 0 1 0 0 1 0 1 0 0
1570721003 11 27 0 9 4 0 2 0 0 1 0 0 1 0 1 0 0
1570831064 11 27 0 9 4 0 2 0 0 2 0 0 1 0 1 0 0
1577483810 11 27 0 9 5 0 2 0 0 2 0 0 1 0 1 0 0
1577729606 12 27 0 9 5 0 2 0 0 2 0 0 1 0 1 0 0
1594307570 13 27 0 9 5 0 2 0 0 2 0 0 1 0 1 0 0
1594407132 14 27 0 9 5 0 2 0 0 2 0 0 1 0 1 0 0
1594938172 15 27 0 9 5 0 2 0 0 2 0 0 1 0 1 0 0
1596813511 16 27 0 9 5 0 2 0 0 2 0 0 1 0 1 0 0
1596839122 16 27 1 9 5 0 2 0 0 2 0 0 1 0 1 0 0
1597343712 16 27 2 9 5 0 2 0 0 2 0 0 1 0 1 0 0
1599764944 16 27 2 9 5 0 2 0 0 2 1 0 1 0 1 0 0
1600359063 16 27 2 9 5 0 2 0 0 2 2 0 1 0 1 0 0
1604505537 16 27 3 9 5 0 2 0 0 2 2 0 1 0 1 0 0
1604515999 16 27 4 9 5 0 2 0 0 2 2 0 1 0 1 0 0
1604529912 16 27 5 9 5 0 2 0 0 2 2 0 1 0 1 0 0
1610468432 16 27 5 9 5 0 2 1 0 2 2 0 1 0 1 0 0
1612290156 16 27 5 9 5 0 2 1 0 2 2 1 1 0 1 0 0
1613668925 16 27 5 9 6 0 2 1 0 2 2 1 1 0 1 0 0
1615572633 16 27 6 9 6 0 2 1 0 2 2 1 1 0 1 0 0
1617119710 21 27 6 9 6 0 2 1 0 2 2 1 1 0 1 0 0
1617123109 22 27 6 9 6 0 2 1 0 2 2 1 1 0 1 0 0
1617123399 23 27 6 9 6 0 2 1 0 2 2 1 1 0 1 0 0
1617123436 24 27 6 9 6 0 2 1 0 2 2 1 1 0 1 0 0
1617241569 26 27 6 9 6 0 2 1 0 2 2 1 1 0 1 0 0
1617751986 26 27 7 9 6 0 2 1 0 2 2 1 1 0 1 0 0
1617754133 26 27 8 9 6 0 2 1 0 2 2 1 1 0 1 0 0
1618852521 26 27 9 9 6 0 2 1 0 2 2 1 1 0 1 0 0
1620915668 26 27 9 9 6 0 2 2 0 2 2 1 1 0 1 0 0
1621728827 26 27 10 9 6 0 2 2 0 2 2 1 1 0 1 0 0
1623437459 26 27 11 9 6 0 2 2 0 2 2 1 1 0 1 0 0
1637200184 28 27 11 9 6 0 2 2 1 2 2 1 1 0 1 1 0
1639437011 28 27 11 9 6 0 2 2 2 2 2 1 1 0 1 1 0
1642789592 28 27 11 9 6 1 2 2 2 2 2 1 1 0 1 1 0
1642813333 28 27 12 9 6 1 2 2 2 2 2 1 1 0 1 1 0
1642813803 28 27 13 9 6 1 2 2 2 2 2 1 1 0 1 1 0
1642813811 28 27 14 9 6 1 2 2 2 2 2 1 1 0 1 1 0
1642814459 28 27 15 9 6 1 2 2 2 2 2 1 1 0 1 1 0
1642814738 28 27 16 9 6 1 2 2 2 2 2 1 1 0 1 1 0
1642816475 28 27 17 9 6 1 2 2 2 2 2 1 1 0 1 1 0
1643754189 28 27 17 9 6 1 2 2 2 2 2 1 1 0 1 1 1
1643760740 28 27 19 9 6 1 2 2 2 2 2 1 1 0 1 1 1
1643918806 28 27 20 9 6 1 2 2 2 2 2 1 1 0 1 1 1
1643918952 28 27 21 9 6 1 2 2 2 2 2 1 1 0 1 1 1
1645226226 29 27 22 9 6 1 2 2 2 2 2 1 1 0 1 1 1
1647543154 29 27 22 9 6 1 2 2 2 2 2 1 1 1 1 1 1
1649974331 30 27 22 9 6 1 2 2 2 2 2 1 1 1 1 1 1
1651269316 30 27 23 9 6 1 2 2 2 2 2 1 1 1 1 1 1
1651575658 31 27 23 9 6 2 2 2 2 2 2 1 1 1 1 1 1
1652194366 32 27 23 9 6 2 2 2 2 2 2 1 1 1 1 1 1
1655505173 32 27 24 9 6 2 2 2 2 2 2 1 1 1 1 1 1
1657094449 32 27 24 9 6 3 2 2 2 2 2 1 1 1 1 1 1
1657295920 32 27 25 9 6 3 2 2 2 2 2 1 1 1 1 1 1
1657296528 32 27 26 9 6 3 2 2 2 2 2 1 1 1 1 1 1
1657296822 32 27 27 9 6 3 2 2 2 2 2 1 1 1 1 1 1
