1544279134 1170
1544396526 1170
1544458654 1212
1544459777 1211
1544460286 1213
1544649064 1217
1544743252 1228
1544801733 1233
1545171178 1244
1545235176 1244
1545250115 1487
1545257050 1487
1545337010 1487
1545425636 1494
1546466949 1494
1546627244 1493
1547146220 1493
1547567790 1498
1547582891 1672
1547832997 1672
1548173304 1687
1548194904 1706
1548253184 1707
1548943447 1708
1549299619 1710
1549397218 1717
1549477801 1733
1549478234 2238
1549481864 2244
1549899143 2244
1549899887 2245
1549901843 2245
1550177596 2246
1550592496 2233
1551291622 2246
1551716019 2170
1551973726 2170
1552084729 2009
1553878883 2037
1554145301 2039
1554228530 2070
1554389584 2069
1554390487 2075
1554398700 2075
1554410191 2107
1555612662 2107
1557327810 2108
1557328466 2154
1557329194 2154
1560187413 2152
1564500193 2149
1565021987 2149
1565095248 2150
1565374628 2150
1570646583 2150
1570721003 2122
1570831064 2078
1577483810 2091
1577729606 2107
1594307570 2122
1594407132 2133
1594938172 2150
1596813511 2197
1596839122 2194
1597343712 2180
1599764944 2196
1600359063 2391
1604505537 2395
1604515999 2381
1604529912 2381
1610468432 2382
1612290156 2408
1613668925 2413
1615572633 2413
1616596190 2395
1616616424 2389
1616661435 2396
1616661489 2398
1617119710 2402
1617123109 2314
1617123298 2365
1617123399 2303
1617123436 2305
1617241569 2302
1617751986 2365
1617754133 2365
1618852521 2365
1620915668 2439
1621728827 2439
1623437459 2439
1635779938 2804
1636386673 2804
1637199230 2756
1637200184 2743
1639437011 2804
1642530128 2941
1642789592 2812
1642813333 2812
1642813803 2831
1642813811 2849
1642814459 2932
1642814738 2932
1642816475 2932
1643133646 2934
1643754189 2933
1643760740 2934
1643918806 2934
1643918952 2934
1645226226 2941
1647543154 2941
1649974331 2943
1651163653 2947
1651269316 2948
1651575658 2944
1652194366 2896
1655505173 2896
1657094449 2896
1657295920 3050
1657296528 3050
1657296822 3050
