1455134542 1 0 0 0 0 0 0 0 0 0 0 0 0 0 0 0 0 0 0 0
1455158959 2 0 0 0 0 0 0 0 0 0 0 0 0 0 0 0 0 0 0 0
1455165449 3 0 0 0 0 0 0 0 0 0 0 0 0 0 0 0 0 0 0 0
1455165607 4 0 0 0 0 0 0 0 0 0 0 0 0 0 0 0 0 0 0 0
1455208276 5 0 0 0 0 0 0 0 0 0 0 0 0 0 0 0 0 0 0 0
1455208417 6 0 0 0 0 0 0 0 0 0 0 0 0 0 0 0 0 0 0 0
1455208469 7 0 0 0 0 0 0 0 0 0 0 0 0 0 0 0 0 0 0 0
1455211664 8 0 0 0 0 0 0 0 0 0 0 0 0 0 0 0 0 0 0 0
1455211737 9 0 0 0 0 0 0 0 0 0 0 0 0 0 0 0 0 0 0 0
1455224234 10 0 0 0 0 0 0 0 0 0 0 0 0 0 0 0 0 0 0 0
1455292294 11 0 0 0 0 0 0 0 0 0 0 0 0 0 0 0 0 0 0 0
1455296450 12 0 0 0 0 0 0 0 0 0 0 0 0 0 0 0 0 0 0 0
1455297248 13 0 0 0 0 0 0 0 0 0 0 0 0 0 0 0 0 0 0 0
1455312779 13 0 1 0 0 0 0 0 0 0 0 0 0 0 0 0 0 0 0 0
1455317259 14 0 1 0 0 0 0 0 0 0 0 0 0 0 0 0 0 0 0 0
1455379445 15 0 1 0 0 0 0 0 0 0 0 0 0 0 0 0 0 0 0 0
1455383895 16 0 1 0 0 0 0 0 0 0 0 0 0 0 0 0 0 0 0 0
1455412887 17 0 1 0 0 0 0 0 0 0 0 0 0 0 0 0 0 0 0 0
1455413647 18 0 1 0 0 0 0 0 0 0 0 0 0 0 0 0 0 0 0 0
1455681212 19 0 1 0 0 0 0 0 0 0 0 0 0 0 0 0 0 0 0 0
1455895963 20 0 1 0 0 0 0 0 0 0 0 0 0 0 0 0 0 0 0 0
1455896232 21 0 1 0 0 0 0 0 0 0 0 0 0 0 0 0 0 0 0 0
1455896401 22 0 1 0 0 0 0 0 0 0 0 0 0 0 0 0 0 0 0 0
1455896492 23 0 1 0 0 0 0 0 0 0 0 0 0 0 0 0 0 0 0 0
1455896729 24 0 1 0 0 0 0 0 0 0 0 0 0 0 0 0 0 0 0 0
1455896801 25 0 1 0 0 0 0 0 0 0 0 0 0 0 0 0 0 0 0 0
1455896907 26 0 1 0 0 0 0 0 0 0 0 0 0 0 0 0 0 0 0 0
1455898141 27 0 1 0 0 0 0 0 0 0 0 0 0 0 0 0 0 0 0 0
1455909740 28 0 1 0 0 0 0 0 0 0 0 0 0 0 0 0 0 0 0 0
1455910498 29 0 1 0 0 0 0 0 0 0 0 0 0 0 0 0 0 0 0 0
1455916494 30 0 1 0 0 0 0 0 0 0 0 0 0 0 0 0 0 0 0 0
1455916561 31 0 1 0 0 0 0 0 0 0 0 0 0 0 0 0 0 0 0 0
1455921248 32 0 1 0 0 0 0 0 0 0 0 0 0 0 0 0 0 0 0 0
1455923144 33 0 1 0 0 0 0 0 0 0 0 0 0 0 0 0 0 0 0 0
1455923911 34 0 1 0 0 0 0 0 0 0 0 0 0 0 0 0 0 0 0 0
1455985847 35 0 1 0 0 0 0 0 0 0 0 0 0 0 0 0 0 0 0 0
1455985902 36 0 1 0 0 0 0 0 0 0 0 0 0 0 0 0 0 0 0 0
1455986010 37 0 1 0 0 0 0 0 0 0 0 0 0 0 0 0 0 0 0 0
1456018171 38 0 1 0 0 0 0 0 0 0 0 0 0 0 0 0 0 0 0 0
1456018340 39 0 1 0 0 0 0 0 0 0 0 0 0 0 0 0 0 0 0 0
1456153279 40 0 1 0 0 0 0 0 0 0 0 0 0 0 0 0 0 0 0 0
1456156133 41 0 1 0 0 0 0 0 0 0 0 0 0 0 0 0 0 0 0 0
1456174186 42 0 1 0 0 0 0 0 0 0 0 0 0 0 0 0 0 0 0 0
1456180117 43 0 1 0 0 0 0 0 0 0 0 0 0 0 0 0 0 0 0 0
1456255250 44 0 1 0 0 0 0 0 0 0 0 0 0 0 0 0 0 0 0 0
1456257582 45 0 1 0 0 0 0 0 0 0 0 0 0 0 0 0 0 0 0 0
1456260485 46 0 1 0 0 0 0 0 0 0 0 0 0 0 0 0 0 0 0 0
1456266262 47 0 1 0 0 0 0 0 0 0 0 0 0 0 0 0 0 0 0 0
1456284167 48 0 1 0 0 0 0 0 0 0 0 0 0 0 0 0 0 0 0 0
1456284210 49 0 1 0 0 0 0 0 0 0 0 0 0 0 0 0 0 0 0 0
1456284305 50 0 1 0 0 0 0 0 0 0 0 0 0 0 0 0 0 0 0 0
1456285837 51 0 1 0 0 0 0 0 0 0 0 0 0 0 0 0 0 0 0 0
1456289134 52 0 1 0 0 0 0 0 0 0 0 0 0 0 0 0 0 0 0 0
1456330834 53 0 1 0 0 0 0 0 0 0 0 0 0 0 0 0 0 0 0 0
1456330907 54 0 1 0 0 0 0 0 0 0 0 0 0 0 0 0 0 0 0 0
1456336992 55 0 1 0 0 0 0 0 0 0 0 0 0 0 0 0 0 0 0 0
1456338879 56 0 1 0 0 0 0 0 0 0 0 0 0 0 0 0 0 0 0 0
1456340007 57 0 1 0 0 0 0 0 0 0 0 0 0 0 0 0 0 0 0 0
1456374192 58 0 1 0 0 0 0 0 0 0 0 0 0 0 0 0 0 0 0 0
1456374269 59 0 1 0 0 0 0 0 0 0 0 0 0 0 0 0 0 0 0 0
1456513900 60 0 1 0 0 0 0 0 0 0 0 0 0 0 0 0 0 0 0 0
1456520891 61 0 1 0 0 0 0 0 0 0 0 0 0 0 0 0 0 0 0 0
1456677077 62 0 1 0 0 0 0 0 0 0 0 0 0 0 0 0 0 0 0 0
1456677860 63 0 1 0 0 0 0 0 0 0 0 0 0 0 0 0 0 0 0 0
1456691336 64 0 1 0 0 0 0 0 0 0 0 0 0 0 0 0 0 0 0 0
1456757046 65 0 1 0 0 0 0 0 0 0 0 0 0 0 0 0 0 0 0 0
1456882033 66 0 1 0 0 0 0 0 0 0 0 0 0 0 0 0 0 0 0 0
1456958313 67 0 1 0 0 0 0 0 0 0 0 0 0 0 0 0 0 0 0 0
1457049022 68 0 1 0 0 0 0 0 0 0 0 0 0 0 0 0 0 0 0 0
1457300287 69 0 1 0 0 0 0 0 0 0 0 0 0 0 0 0 0 0 0 0
1457300470 70 0 1 0 0 0 0 0 0 0 0 0 0 0 0 0 0 0 0 0
1457363861 71 0 1 0 0 0 0 0 0 0 0 0 0 0 0 0 0 0 0 0
1457364734 72 0 1 0 0 0 0 0 0 0 0 0 0 0 0 0 0 0 0 0
1457371399 73 0 1 0 0 0 0 0 0 0 0 0 0 0 0 0 0 0 0 0
1457375047 73 0 2 0 0 0 0 0 0 0 0 0 0 0 0 0 0 0 0 0
1457411002 74 0 2 0 0 0 0 0 0 0 0 0 0 0 0 0 0 0 0 0
1457411050 75 0 2 0 0 0 0 0 0 0 0 0 0 0 0 0 0 0 0 0
1457633633 76 0 2 0 0 0 0 0 0 0 0 0 0 0 0 0 0 0 0 0
1457633822 77 0 2 0 0 0 0 0 0 0 0 0 0 0 0 0 0 0 0 0
1458667149 78 0 2 0 0 0 0 0 0 0 0 0 0 0 0 0 0 0 0 0
1458668297 79 0 2 0 0 0 0 0 0 0 0 0 0 0 0 0 0 0 0 0
1458680029 80 0 2 0 0 0 0 0 0 0 0 0 0 0 0 0 0 0 0 0
1458680158 81 0 2 0 0 0 0 0 0 0 0 0 0 0 0 0 0 0 0 0
1458683981 82 0 2 0 0 0 0 0 0 0 0 0 0 0 0 0 0 0 0 0
1458741140 83 0 2 0 0 0 0 0 0 0 0 0 0 0 0 0 0 0 0 0
1458833324 84 0 2 0 0 0 0 0 0 0 0 0 0 0 0 0 0 0 0 0
1458924787 85 0 2 0 0 0 0 0 0 0 0 0 0 0 0 0 0 0 0 0
1458924984 86 0 2 0 0 0 0 0 0 0 0 0 0 0 0 0 0 0 0 0
1458950812 87 0 2 0 0 0 0 0 0 0 0 0 0 0 0 0 0 0 0 0
1459194648 88 0 2 0 0 0 0 0 0 0 0 0 0 0 0 0 0 0 0 0
1459259942 89 0 2 0 0 0 0 0 0 0 0 0 0 0 0 0 0 0 0 0
1459261312 90 0 2 0 0 0 0 0 0 0 0 0 0 0 0 0 0 0 0 0
1459345826 91 0 2 0 0 0 0 0 0 0 0 0 0 0 0 0 0 0 0 0
1459354393 92 0 2 0 0 0 0 0 0 0 0 0 0 0 0 0 0 0 0 0
1459357401 93 0 2 0 0 0 0 0 0 0 0 0 0 0 0 0 0 0 0 0
1459358401 93 0 2 0 0 0 0 0 0 0 0 0 0 0 0 0 0 0 0 0
1459366939 94 0 2 0 0 0 0 0 0 0 0 0 0 0 0 0 0 0 0 0
1459434255 95 0 2 0 0 0 0 0 0 0 0 0 0 0 0 0 0 0 0 0
1459445604 96 0 2 0 0 0 0 0 0 0 0 0 0 0 0 0 0 0 0 0
1459451464 97 0 2 0 0 0 0 0 0 0 0 0 0 0 0 0 0 0 0 0
1459451569 98 0 2 0 0 0 0 0 0 0 0 0 0 0 0 0 0 0 0 0
1459527119 99 0 2 0 0 0 0 0 0 0 0 0 0 0 0 0 0 0 0 0
1459532412 100 0 2 0 0 0 0 0 0 0 0 0 0 0 0 0 0 0 0 0
1459536182 101 0 2 0 0 0 0 0 0 0 0 0 0 0 0 0 0 0 0 0
1459540119 102 0 2 0 0 0 0 0 0 0 0 0 0 0 0 0 0 0 0 0
1459541098 103 0 2 0 0 0 0 0 0 0 0 0 0 0 0 0 0 0 0 0
1459541197 104 0 2 0 0 0 0 0 0 0 0 0 0 0 0 0 0 0 0 0
1459793706 105 0 2 0 0 0 0 0 0 0 0 0 0 0 0 0 0 0 0 0
1459869205 106 0 2 0 0 0 0 0 0 0 0 0 0 0 0 0 0 0 0 0
1459871273 107 0 2 0 0 0 0 0 0 0 0 0 0 0 0 0 0 0 0 0
1459887223 108 0 2 0 0 0 0 0 0 0 0 0 0 0 0 0 0 0 0 0
1459968832 109 0 2 0 0 0 0 0 0 0 0 0 0 0 0 0 0 0 0 0
1459971092 110 0 2 0 0 0 0 0 0 0 0 0 0 0 0 0 0 0 0 0
1460036061 111 0 2 0 0 0 0 0 0 0 0 0 0 0 0 0 0 0 0 0
1460040849 112 0 2 0 0 0 0 0 0 0 0 0 0 0 0 0 0 0 0 0
1460122823 113 0 2 0 0 0 0 0 0 0 0 0 0 0 0 0 0 0 0 0
1460126842 114 0 2 0 0 0 0 0 0 0 0 0 0 0 0 0 0 0 0 0
1460129804 115 0 2 0 0 0 0 0 0 0 0 0 0 0 0 0 0 0 0 0
1460142264 116 0 2 0 0 0 0 0 0 0 0 0 0 0 0 0 0 0 0 0
1460470794 117 0 2 0 0 0 0 0 0 0 0 0 0 0 0 0 0 0 0 0
1460473640 118 0 2 0 0 0 0 0 0 0 0 0 0 0 0 0 0 0 0 0
1460473716 119 0 2 0 0 0 0 0 0 0 0 0 0 0 0 0 0 0 0 0
1460484046 120 0 2 0 0 0 0 0 0 0 0 0 0 0 0 0 0 0 0 0
1460554514 121 0 2 0 0 0 0 0 0 0 0 0 0 0 0 0 0 0 0 0
1460574806 122 0 2 0 0 0 0 0 0 0 0 0 0 0 0 0 0 0 0 0
1460576371 123 0 2 0 0 0 0 0 0 0 0 0 0 0 0 0 0 0 0 0
1460576418 124 0 2 0 0 0 0 0 0 0 0 0 0 0 0 0 0 0 0 0
1460650897 125 0 2 0 0 0 0 0 0 0 0 0 0 0 0 0 0 0 0 0
1460665180 126 0 2 0 0 0 0 0 0 0 0 0 0 0 0 0 0 0 0 0
1460665497 127 0 2 0 0 0 0 0 0 0 0 0 0 0 0 0 0 0 0 0
1460815460 128 0 2 0 0 0 0 0 0 0 0 0 0 0 0 0 0 0 0 0
1460816873 129 0 2 0 0 0 0 0 0 0 0 0 0 0 0 0 0 0 0 0
1460817032 130 0 2 0 0 0 0 0 0 0 0 0 0 0 0 0 0 0 0 0
1460995016 130 0 2 0 0 0 0 0 0 0 0 0 0 0 0 0 0 0 0 0
1460997400 131 0 2 0 0 0 0 0 0 0 0 0 0 0 0 0 0 0 0 0
1461003149 132 0 2 0 0 0 0 0 0 0 0 0 0 0 0 0 0 0 0 0
1461003319 133 0 2 0 0 0 0 0 0 0 0 0 0 0 0 0 0 0 0 0
1461004389 134 0 2 0 0 0 0 0 0 0 0 0 0 0 0 0 0 0 0 0
1461074339 135 0 2 0 0 0 0 0 0 0 0 0 0 0 0 0 0 0 0 0
1461080753 136 0 2 0 0 0 0 0 0 0 0 0 0 0 0 0 0 0 0 0
1461102149 137 0 2 0 0 0 0 0 0 0 0 0 0 0 0 0 0 0 0 0
1461161841 138 0 2 0 0 0 0 0 0 0 0 0 0 0 0 0 0 0 0 0
1461259517 139 0 2 0 0 0 0 0 0 0 0 0 0 0 0 0 0 0 0 0
1461338360 140 0 2 0 0 0 0 0 0 0 0 0 0 0 0 0 0 0 0 0
1461344942 141 0 2 0 0 0 0 0 0 0 0 0 0 0 0 0 0 0 0 0
1461345020 142 0 2 0 0 0 0 0 0 0 0 0 0 0 0 0 0 0 0 0
1461347790 143 0 2 0 0 0 0 0 0 0 0 0 0 0 0 0 0 0 0 0
1461351482 144 0 2 0 0 0 0 0 0 0 0 0 0 0 0 0 0 0 0 0
1461352485 145 0 2 0 0 0 0 0 0 0 0 0 0 0 0 0 0 0 0 0
1461605099 146 0 2 0 0 0 0 0 0 0 0 0 0 0 0 0 0 0 0 0
1461614859 147 0 2 0 0 0 0 0 0 0 0 0 0 0 0 0 0 0 0 0
1461615076 148 0 2 0 0 0 0 0 0 0 0 0 0 0 0 0 0 0 0 0
1461682963 149 0 2 0 0 0 0 0 0 0 0 0 0 0 0 0 0 0 0 0
1461712365 150 0 2 0 0 0 0 0 0 0 0 0 0 0 0 0 0 0 0 0
1461850862 151 0 2 0 0 0 0 0 0 0 0 0 0 0 0 0 0 0 0 0
1461855960 152 0 2 0 0 0 0 0 0 0 0 0 0 0 0 0 0 0 0 0
1461864584 153 0 2 0 0 0 0 0 0 0 0 0 0 0 0 0 0 0 0 0
1461864787 154 0 2 0 0 0 0 0 0 0 0 0 0 0 0 0 0 0 0 0
1461876940 155 0 2 0 0 0 0 0 0 0 0 0 0 0 0 0 0 0 0 0
1461965681 156 0 2 0 0 0 0 0 0 0 0 0 0 0 0 0 0 0 0 0
1461968251 157 0 2 0 0 0 0 0 0 0 0 0 0 0 0 0 0 0 0 0
1462200201 158 0 2 0 0 0 0 0 0 0 0 0 0 0 0 0 0 0 0 0
1462204097 158 0 2 0 0 0 0 0 0 0 0 0 0 0 0 0 0 0 1 0
1462218124 159 0 2 0 0 0 0 0 0 0 0 0 0 0 0 0 0 0 1 0
1462218206 160 0 2 0 0 0 0 0 0 0 0 0 0 0 0 0 0 0 1 0
1462223032 161 0 2 0 0 0 0 0 0 0 0 0 0 0 0 0 0 0 1 0
1462290312 162 0 2 0 0 0 0 0 0 0 0 0 0 0 0 0 0 0 1 0
1463579122 163 0 2 0 0 0 0 0 0 0 0 0 0 0 0 0 0 0 1 0
1463579415 164 0 2 0 0 0 0 0 0 0 0 0 0 0 0 0 0 0 1 0
1463579539 165 0 2 0 0 0 0 0 0 0 0 0 0 0 0 0 0 0 1 0
1463579745 166 0 2 0 0 0 0 0 0 0 0 0 0 0 0 0 0 0 1 0
1463579924 167 0 2 0 0 0 0 0 0 0 0 0 0 0 0 0 0 0 1 0
1463581486 168 0 2 0 0 0 0 0 0 0 0 0 0 0 0 0 0 0 1 0
1464107697 169 0 2 0 0 0 0 0 0 0 0 0 0 0 0 0 0 0 1 0
1464111070 170 0 2 0 0 0 0 0 0 0 0 0 0 0 0 0 0 0 1 0
1464114763 171 0 2 0 0 0 0 0 0 0 0 0 0 0 0 0 0 0 1 0
1464276395 172 0 2 0 0 0 0 0 0 0 0 0 0 0 0 0 0 0 1 0
1464280569 173 0 2 0 0 0 0 0 0 0 0 0 0 0 0 0 0 0 1 0
1464286853 174 0 2 0 0 0 0 0 0 0 0 0 0 0 0 0 0 0 1 0
1464290542 175 0 2 0 0 0 0 0 0 0 0 0 0 0 0 0 0 0 1 0
1464294761 176 0 2 0 0 0 0 0 0 0 0 0 0 0 0 0 0 0 1 0
1464297779 177 0 2 0 0 0 0 0 0 0 0 0 0 0 0 0 0 0 1 0
1464359188 177 0 2 0 0 0 0 0 0 0 0 0 0 0 0 0 0 0 2 0
1464362455 177 0 2 0 0 0 0 0 0 0 0 0 0 0 0 0 0 0 3 0
1464364995 177 0 2 0 0 0 0 0 0 0 0 0 0 0 0 0 0 0 4 0
1464375104 178 0 2 0 0 0 0 0 0 0 0 0 0 0 0 0 0 0 4 0
1464442086 179 0 2 0 0 0 0 0 0 0 0 0 0 0 0 0 0 0 4 0
1464442188 180 0 2 0 0 0 0 0 0 0 0 0 0 0 0 0 0 0 4 0
1464667978 181 0 2 0 0 0 0 0 0 0 0 0 0 0 0 0 0 0 4 0
1464706080 182 0 2 0 0 0 0 0 0 0 0 0 0 0 0 0 0 0 4 0
1464712398 183 0 2 0 0 0 0 0 0 0 0 0 0 0 0 0 0 0 4 0
1464712636 184 0 2 0 0 0 0 0 0 0 0 0 0 0 0 0 0 0 4 0
1464716329 185 0 2 0 0 0 0 0 0 0 0 0 0 0 0 0 0 0 4 0
1464716695 186 0 2 0 0 0 0 0 0 0 0 0 0 0 0 0 0 0 4 0
1464730251 187 0 2 0 0 0 0 0 0 0 0 0 0 0 0 0 0 0 4 0
1464793516 188 0 2 0 0 0 0 0 0 0 0 0 0 0 0 0 0 0 4 0
1464873972 189 0 2 0 0 0 0 0 0 0 0 0 0 0 0 0 0 0 4 0
1464880114 190 0 2 0 0 0 0 0 0 0 0 0 0 0 0 0 0 0 4 0
1464881919 191 0 2 0 0 0 0 0 0 0 0 0 0 0 0 0 0 0 4 0
1464886283 192 0 2 0 0 0 0 0 0 0 0 0 0 0 0 0 0 0 4 0
1464964430 193 0 2 0 0 0 0 0 0 0 0 0 0 0 0 0 0 0 4 0
1464964895 194 0 2 0 0 0 0 0 0 0 0 0 0 0 0 0 0 0 4 0
1464965081 195 0 2 0 0 0 0 0 0 0 0 0 0 0 0 0 0 0 4 0
1464969549 196 0 2 0 0 0 0 0 0 0 0 0 0 0 0 0 0 0 4 0
1465220202 197 0 2 0 0 0 0 0 0 0 0 0 0 0 0 0 0 0 4 0
1465231542 197 0 3 0 0 0 0 0 0 0 0 0 0 0 0 0 0 0 4 0
1465238674 198 0 3 0 0 0 0 0 0 0 0 0 0 0 0 0 0 0 4 0
1465248238 199 0 3 0 0 0 0 0 0 0 0 0 0 0 0 0 0 0 4 0
1465324634 200 0 3 0 0 0 0 0 0 0 0 0 0 0 0 0 0 0 4 0
1465332212 201 0 3 0 0 0 0 0 0 0 0 0 0 0 0 0 0 0 4 0
1465344780 202 0 3 0 0 0 0 0 0 0 0 0 0 0 0 0 0 0 4 0
1465403575 203 0 3 0 0 0 0 0 0 0 0 0 0 0 0 0 0 0 4 0
1465418404 204 0 3 0 0 0 0 0 0 0 0 0 0 0 0 0 0 0 4 0
1465422401 205 0 3 0 0 0 0 0 0 0 0 0 0 0 0 0 0 0 4 0
1465492472 205 0 4 0 0 0 0 0 0 0 0 0 0 0 0 0 0 0 4 0
1465655249 206 0 4 0 0 0 0 0 0 0 0 0 0 0 0 0 0 0 4 0
1465832022 207 0 4 0 0 0 0 0 0 0 0 0 0 0 0 0 0 0 4 0
1465836550 208 0 4 0 0 0 0 0 0 0 0 0 0 0 0 0 0 0 4 0
1465842170 209 0 4 0 0 0 0 0 0 0 0 0 0 0 0 0 0 0 4 0
1465842541 210 0 4 0 0 0 0 0 0 0 0 0 0 0 0 0 0 0 4 0
1465914103 211 0 4 0 0 0 0 0 0 0 0 0 0 0 0 0 0 0 4 0
1465915638 212 0 4 0 0 0 0 0 0 0 0 0 0 0 0 0 0 0 4 0
1465940017 213 0 4 0 0 0 0 0 0 0 0 0 0 0 0 0 0 0 4 0
1465943278 214 0 4 0 0 0 0 0 0 0 0 0 0 0 0 0 0 0 4 0
1465962546 215 0 4 0 0 0 0 0 0 0 0 0 0 0 0 0 0 0 4 0
1466000582 216 0 4 0 0 0 0 0 0 0 0 0 0 0 0 0 0 0 4 0
1466001372 217 0 4 0 0 0 0 0 0 0 0 0 0 0 0 0 0 0 4 0
1466002068 218 0 4 0 0 0 0 0 0 0 0 0 0 0 0 0 0 0 4 0
1466002185 219 0 4 0 0 0 0 0 0 0 0 0 0 0 0 0 0 0 4 0
1466015412 220 0 4 0 0 0 0 0 0 0 0 0 0 0 0 0 0 0 4 0
1466024592 221 0 4 0 0 0 0 0 0 0 0 0 0 0 0 0 0 0 4 0
1466024904 222 0 4 0 0 0 0 0 0 0 0 0 0 0 0 0 0 0 4 0
1466090552 223 0 4 0 0 0 0 0 0 0 0 0 0 0 0 0 0 0 4 0
1466090885 224 0 4 0 0 0 0 0 0 0 0 0 0 0 0 0 0 0 4 0
1466102216 225 0 4 0 0 0 0 0 0 0 0 0 0 0 0 0 0 0 4 0
1466105199 225 0 5 0 0 0 0 0 0 0 0 0 0 0 0 0 0 0 4 0
1466132427 226 0 5 0 0 0 0 0 0 0 0 0 0 0 0 0 0 0 4 0
1466134030 227 0 5 0 0 0 0 0 0 0 0 0 0 0 0 0 0 0 4 0
1466175046 228 0 5 0 0 0 0 0 0 0 0 0 0 0 0 0 0 0 4 0
1466187981 229 0 5 0 0 0 0 0 0 0 0 0 0 0 0 0 0 0 4 0
1466188689 230 0 5 0 0 0 0 0 0 0 0 0 0 0 0 0 0 0 4 0
1466431864 231 0 5 0 0 0 0 0 0 0 0 0 0 0 0 0 0 0 4 0
1466432334 232 0 5 0 0 0 0 0 0 0 0 0 0 0 0 0 0 0 4 0
1466452103 233 0 5 0 0 0 0 0 0 0 0 0 0 0 0 0 0 0 4 0
1466531905 234 0 5 0 0 0 0 0 0 0 0 0 0 0 0 0 0 0 4 0
1466621257 235 0 5 0 0 0 0 0 0 0 0 0 0 0 0 0 0 0 4 0
1466701653 236 0 5 0 0 0 0 0 0 0 0 0 0 0 0 0 0 0 4 0
1466701998 237 0 5 0 0 0 0 0 0 0 0 0 0 0 0 0 0 0 4 0
1466705420 238 0 5 0 0 0 0 0 0 0 0 0 0 0 0 0 0 0 4 0
1466775428 239 0 5 0 0 0 0 0 0 0 0 0 0 0 0 0 0 0 4 0
1466783807 240 0 5 0 0 0 0 0 0 0 0 0 0 0 0 0 0 0 4 0
1467056256 241 0 5 0 0 0 0 0 0 0 0 0 0 0 0 0 0 0 4 0
1467062382 242 0 5 0 0 0 0 0 0 0 0 0 0 0 0 0 0 0 4 0
1467147059 243 0 5 0 0 0 0 0 0 0 0 0 0 0 0 0 0 0 4 0
1467293141 244 0 5 0 0 0 0 0 0 0 0 0 0 0 0 0 0 0 4 0
1467297967 245 0 5 0 0 0 0 0 0 0 0 0 0 0 0 0 0 0 4 0
1467301119 246 0 5 0 0 0 0 0 0 0 0 0 0 0 0 0 0 0 4 0
1467386667 247 0 5 0 0 0 0 0 0 0 0 0 0 0 0 0 0 0 4 0
1467816188 248 0 5 0 0 0 0 0 0 0 0 0 0 0 0 0 0 0 4 0
1467820493 249 0 5 0 0 0 0 0 0 0 0 0 0 0 0 0 0 0 4 0
1467824393 250 0 5 0 0 0 0 0 0 0 0 0 0 0 0 0 0 0 4 0
1467904981 251 0 5 0 0 0 0 0 0 0 0 0 0 0 0 0 0 0 4 0
1467908661 252 0 5 0 0 0 0 0 0 0 0 0 0 0 0 0 0 0 4 0
1467989372 253 0 5 0 0 0 0 0 0 0 0 0 0 0 0 0 0 0 4 0
1468248437 254 0 5 0 0 0 0 0 0 0 0 0 0 0 0 0 0 0 4 0
1468248540 255 0 5 0 0 0 0 0 0 0 0 0 0 0 0 0 0 0 4 0
1468430813 256 0 5 0 0 0 0 0 0 0 0 0 0 0 0 0 0 0 4 0
1468433595 257 0 5 0 0 0 0 0 0 0 0 0 0 0 0 0 0 0 4 0
1468438667 258 0 5 0 0 0 0 0 0 0 0 0 0 0 0 0 0 0 4 0
1468524705 259 0 5 0 0 0 0 0 0 0 0 0 0 0 0 0 0 0 4 0
1468527055 260 0 5 0 0 0 0 0 0 0 0 0 0 0 0 0 0 0 4 0
1468601719 261 0 5 0 0 0 0 0 0 0 0 0 0 0 0 0 0 0 4 0
1468603729 262 0 5 0 0 0 0 0 0 0 0 0 0 0 0 0 0 0 4 0
1468604661 263 0 5 0 0 0 0 0 0 0 0 0 0 0 0 0 0 0 4 0
1468610589 264 0 5 0 0 0 0 0 0 0 0 0 0 0 0 0 0 0 4 0
1468613101 265 0 5 0 0 0 0 0 0 0 0 0 0 0 0 0 0 0 4 0
1468850260 266 0 5 0 0 0 0 0 0 0 0 0 0 0 0 0 0 0 4 0
1468860800 267 0 5 0 0 0 0 0 0 0 0 0 0 0 0 0 0 0 4 0
1468953150 268 0 5 0 0 0 0 0 0 0 0 0 0 0 0 0 0 0 4 0
1468959579 269 0 5 0 0 0 0 0 0 0 0 0 0 0 0 0 0 0 4 0
1469031763 270 0 5 0 0 0 0 0 0 0 0 0 0 0 0 0 0 0 4 0
1469049169 270 0 6 0 0 0 0 0 0 0 0 0 0 0 0 0 0 0 4 0
1469205780 271 0 6 0 0 0 0 0 0 0 0 0 0 0 0 0 0 0 4 0
1469468114 272 0 6 0 0 0 0 0 0 0 0 0 0 0 0 0 0 0 4 0
1469468553 273 0 6 0 0 0 0 0 0 0 0 0 0 0 0 0 0 0 4 0
1469473227 274 0 6 0 0 0 0 0 0 0 0 0 0 0 0 0 0 0 4 0
1469486377 275 0 6 0 0 0 0 0 0 0 0 0 0 0 0 0 0 0 4 0
1469539820 276 0 6 0 0 0 0 0 0 0 0 0 0 0 0 0 0 0 4 0
1469550428 277 0 6 0 0 0 0 0 0 0 0 0 0 0 0 0 0 0 4 0
1469564531 278 0 6 0 0 0 0 0 0 0 0 0 0 0 0 0 0 0 4 0
1469567844 279 0 6 0 0 0 0 0 0 0 0 0 0 0 0 0 0 0 4 0
1469569018 280 0 6 0 0 0 0 0 0 0 0 0 0 0 0 0 0 0 4 0
1469644981 281 0 6 0 0 0 0 0 0 0 0 0 0 0 0 0 0 0 4 0
1470249506 282 0 6 0 0 0 0 0 0 0 0 0 0 0 0 0 0 0 4 0
1470250700 283 0 6 0 0 0 0 0 0 0 0 0 0 0 0 0 0 0 4 0
1470320459 284 0 6 0 0 0 0 0 0 0 0 0 0 0 0 0 0 0 4 0
1470322426 285 0 6 0 0 0 0 0 0 0 0 0 0 0 0 0 0 0 4 0
1470406659 286 0 6 0 0 0 0 0 0 0 0 0 0 0 0 0 0 0 4 0
1470679883 287 0 6 0 0 0 0 0 0 0 0 0 0 0 0 0 0 0 4 0
1470682221 288 0 6 0 0 0 0 0 0 0 0 0 0 0 0 0 0 0 4 0
1470688564 289 0 6 0 0 0 0 0 0 0 0 0 0 0 0 0 0 0 4 0
1470690329 290 0 6 0 0 0 0 0 0 0 0 0 0 0 0 0 0 0 4 0
1470693213 291 0 6 0 0 0 0 0 0 0 0 0 0 0 0 0 0 0 4 0
1470768076 292 0 6 0 0 0 0 0 0 0 0 0 0 0 0 0 0 0 4 0
1470841973 293 0 6 0 0 0 0 0 0 0 0 0 0 0 0 0 0 0 4 0
1470842265 294 0 6 0 0 0 0 0 0 0 0 0 0 0 0 0 0 0 4 0
1470869097 295 0 6 0 0 0 0 0 0 0 0 0 0 0 0 0 0 0 4 0
1470926552 296 0 6 0 0 0 0 0 0 0 0 0 0 0 0 0 0 0 4 0
1470931297 297 0 6 0 0 0 0 0 0 0 0 0 0 0 0 0 0 0 4 0
1470949251 298 0 6 0 0 0 0 0 0 0 0 0 0 0 0 0 0 0 4 0
1471268612 299 0 6 0 0 0 0 0 0 0 0 0 0 0 0 0 0 0 4 0
1471302086 300 0 6 0 0 0 0 0 0 0 0 0 0 0 0 0 0 0 4 0
1471358544 301 0 6 0 0 0 0 0 0 0 0 0 0 0 0 0 0 0 4 0
1471363160 302 0 6 0 0 0 0 0 0 0 0 0 0 0 0 0 0 0 4 0
1471544927 302 0 6 0 0 0 0 0 0 0 0 0 0 0 0 0 0 0 4 0
1471959890 303 0 6 0 0 0 0 0 0 0 0 0 0 0 0 0 0 0 4 0
1471964258 304 0 6 0 0 0 0 0 0 0 0 0 0 0 0 0 0 0 4 0
1471974390 305 0 6 0 0 0 0 0 0 0 0 0 0 0 0 0 0 0 4 0
1471987948 306 0 6 0 0 0 0 0 0 0 0 0 0 0 0 0 0 0 4 0
1471988079 307 0 6 0 0 0 0 0 0 0 0 0 0 0 0 0 0 0 4 0
1472056809 308 0 6 0 0 0 0 0 0 0 0 0 0 0 0 0 0 0 4 0
1472057381 309 0 6 0 0 0 0 0 0 0 0 0 0 0 0 0 0 0 4 0
1472059489 310 0 6 0 0 0 0 0 0 0 0 0 0 0 0 0 0 0 4 0
1472132913 311 0 6 0 0 0 0 0 0 0 0 0 0 0 0 0 0 0 4 0
1472243355 311 0 7 0 0 0 0 0 0 0 0 0 0 0 0 0 0 0 4 0
1472245407 311 0 8 0 0 0 0 0 0 0 0 0 0 0 0 0 0 0 4 0
1472254117 312 0 8 0 0 0 0 0 0 0 0 0 0 0 0 0 0 0 4 0
1472482438 313 0 8 0 0 0 0 0 0 0 0 0 0 0 0 0 0 0 4 0
1472494502 314 0 8 0 0 0 0 0 0 0 0 0 0 0 0 0 0 0 4 0
1472504437 315 0 8 0 0 0 0 0 0 0 0 0 0 0 0 0 0 0 4 0
1472520465 316 0 8 0 0 0 0 0 0 0 0 0 0 0 0 0 0 0 4 0
1472653167 317 0 8 0 0 0 0 0 0 0 0 0 0 0 0 0 0 0 4 0
1472667460 317 0 9 0 0 0 0 0 0 0 0 0 0 0 0 0 0 0 4 0
1472679314 318 0 9 0 0 0 0 0 0 0 0 0 0 0 0 0 0 0 4 0
1472749464 319 0 9 0 0 0 0 0 0 0 0 0 0 0 0 0 0 0 4 0
1472831667 320 0 9 0 0 0 0 0 0 0 0 0 0 0 0 0 0 0 4 0
1472845482 321 0 9 0 0 0 0 0 0 0 0 0 0 0 0 0 0 0 4 0
1473184911 322 0 9 0 0 0 0 0 0 0 0 0 0 0 0 0 0 0 4 0
1473186931 323 0 9 0 0 0 0 0 0 0 0 0 0 0 0 0 0 0 4 0
1473257240 324 0 9 0 0 0 0 0 0 0 0 0 0 0 0 0 0 0 4 0
1473262692 325 0 9 0 0 0 0 0 0 0 0 0 0 0 0 0 0 0 4 0
1473270130 326 0 9 0 0 0 0 0 0 0 0 0 0 0 0 0 0 0 4 0
1473271503 327 0 9 0 0 0 0 0 0 0 0 0 0 0 0 0 0 0 4 0
1473435205 328 0 9 0 0 0 0 0 0 0 0 0 0 0 0 0 0 0 4 0
1473777306 329 0 9 0 0 0 0 0 0 0 0 0 0 0 0 0 0 0 4 0
1473777657 330 0 9 0 0 0 0 0 0 0 0 0 0 0 0 0 0 0 4 0
1473779105 331 0 9 0 0 0 0 0 0 0 0 0 0 0 0 0 0 0 4 0
1473783019 332 0 9 0 0 0 0 0 0 0 0 0 0 0 0 0 0 0 4 0
1473793450 333 0 9 0 0 0 0 0 0 0 0 0 0 0 0 0 0 0 4 0
1473794350 334 0 9 0 0 0 0 0 0 0 0 0 0 0 0 0 0 0 4 0
1474470404 334 0 10 0 0 0 0 0 0 0 0 0 0 0 0 0 0 0 4 0
1474471561 335 0 10 0 0 0 0 0 0 0 0 0 0 0 0 0 0 0 4 0
1474484560 336 0 10 0 0 0 0 0 0 0 0 0 0 0 0 0 0 0 4 0
1474484828 337 0 10 0 0 0 0 0 0 0 0 0 0 0 0 0 0 0 4 0
1474485661 338 0 10 0 0 0 0 0 0 0 0 0 0 0 0 0 0 0 4 0
1474558194 339 0 10 0 0 0 0 0 0 0 0 0 0 0 0 0 0 0 4 0
1474575779 340 0 10 0 0 0 0 0 0 0 0 0 0 0 0 0 0 0 4 0
1474998299 340 0 11 0 0 0 0 0 0 0 0 0 0 0 0 0 0 0 4 0
1475167107 341 0 11 0 0 0 0 0 0 0 0 0 0 0 0 0 0 0 4 0
1475186145 341 0 12 0 0 0 0 0 0 0 0 0 0 0 0 0 0 0 4 0
1475254490 342 0 12 0 0 0 0 0 0 0 0 0 0 0 0 0 0 0 4 0
1475254996 343 0 12 0 0 0 0 0 0 0 0 0 0 0 0 0 0 0 4 0
1475255732 344 0 12 0 0 0 0 0 0 0 0 0 0 0 0 0 0 0 4 0
1475258403 345 0 12 0 0 0 0 0 0 0 0 0 0 0 0 0 0 0 4 0
1475267878 346 0 12 0 0 0 0 0 0 0 0 0 0 0 0 0 0 0 4 0
1475503439 347 0 12 0 0 0 0 0 0 0 0 0 0 0 0 0 0 0 4 0
1475676513 348 0 12 0 0 0 0 0 0 0 0 0 0 0 0 0 0 0 4 0
1475680439 349 0 12 0 0 0 0 0 0 0 0 0 0 0 0 0 0 0 4 0
1475699108 350 0 12 0 0 0 0 0 0 0 0 0 0 0 0 0 0 0 4 0
1475761562 351 0 12 0 0 0 0 0 0 0 0 0 0 0 0 0 0 0 4 0
1475761953 352 0 12 0 0 0 0 0 0 0 0 0 0 0 0 0 0 0 4 0
1475797255 353 0 12 0 0 0 0 0 0 0 0 0 0 0 0 0 0 0 4 0
1475798275 354 0 12 0 0 0 0 0 0 0 0 0 0 0 0 0 0 0 4 0
1475821008 355 0 12 0 0 0 0 0 0 0 0 0 0 0 0 0 0 0 4 0
1475848772 356 0 12 0 0 0 0 0 0 0 0 0 0 0 0 0 0 0 4 0
1475855957 357 0 12 0 0 0 0 0 0 0 0 0 0 0 0 0 0 0 4 0
1476121369 358 0 12 0 0 0 0 0 0 0 0 0 0 0 0 0 0 0 4 0
1476121809 359 0 12 0 0 0 0 0 0 0 0 0 0 0 0 0 0 0 4 0
1476193841 360 0 12 0 0 0 0 0 0 0 0 0 0 0 0 0 0 0 4 0
1476210532 361 0 12 0 0 0 0 0 0 0 0 0 0 0 0 0 0 0 4 0
1476210849 362 0 12 0 0 0 0 0 0 0 0 0 0 0 0 0 0 0 4 0
1476456809 363 0 12 0 0 0 0 0 0 0 0 0 0 0 0 0 0 0 4 0
1476460632 363 0 13 0 0 0 0 0 0 0 0 0 0 0 0 0 0 0 4 0
1476749952 363 0 13 0 0 0 0 0 0 0 0 0 0 0 0 0 0 0 5 0
1476803393 364 0 13 0 0 0 0 0 0 0 0 0 0 0 0 0 0 0 5 0
1477008907 364 0 14 0 0 0 0 0 0 0 0 0 0 0 0 0 0 0 5 0
1477067128 365 0 14 0 0 0 0 0 0 0 0 0 0 0 0 0 0 0 5 0
1477069947 366 0 14 0 0 0 0 0 0 0 0 0 0 0 0 0 0 0 5 0
1477513276 367 0 14 0 0 0 0 0 0 0 0 0 0 0 0 0 0 0 5 0
1477513711 367 0 15 0 0 0 0 0 0 0 0 0 0 0 0 0 0 0 5 0
1477667464 367 0 16 0 0 0 0 0 0 0 0 0 0 0 0 0 0 0 5 0
1477668232 368 0 16 0 0 0 0 0 0 0 0 0 0 0 0 0 0 0 5 0
1477676079 369 0 16 0 0 0 0 0 0 0 0 0 0 0 0 0 0 0 5 0
1477685739 370 0 16 0 0 0 0 0 0 0 0 0 0 0 0 0 0 0 5 0
1477686341 371 0 16 0 0 0 0 0 0 0 0 0 0 0 0 0 0 0 5 0
1477688555 371 0 17 0 0 0 0 0 0 0 0 0 0 0 0 0 0 0 5 0
1477925501 372 0 17 0 0 0 0 0 0 0 0 0 0 0 0 0 0 0 5 0
1477956918 372 0 18 0 0 0 0 0 0 0 0 0 0 0 0 0 0 0 5 0
1477957929 372 0 19 0 0 0 0 0 0 0 0 0 0 0 0 0 0 0 5 0
1478113273 373 0 19 0 0 0 0 0 0 0 0 0 0 0 0 0 0 0 5 0
1478142326 374 0 19 0 0 0 0 0 0 0 0 0 0 0 0 0 0 0 5 0
1478185100 375 0 19 0 0 0 0 0 0 0 0 0 0 0 0 0 0 0 5 0
1478568365 375 0 20 0 0 0 0 0 0 0 0 0 0 0 0 0 0 0 5 0
1478617018 376 0 20 0 0 0 0 0 0 0 0 0 0 0 0 0 0 0 5 0
1478642283 377 0 20 0 0 0 0 0 0 0 0 0 0 0 0 0 0 0 5 0
1478642652 378 0 20 0 0 0 0 0 0 0 0 0 0 0 0 0 0 0 5 0
1478706822 379 0 20 0 0 0 0 0 0 0 0 0 0 0 0 0 0 0 5 0
1478709471 380 0 20 0 0 0 0 0 0 0 0 0 0 0 0 0 0 0 5 0
1478797029 381 0 20 0 0 0 0 0 0 0 0 0 0 0 0 0 0 0 5 0
1479406207 382 0 20 0 0 0 0 0 0 0 0 0 0 0 0 0 0 0 5 0
1479763288 383 0 20 0 0 0 0 0 0 0 0 0 0 0 0 0 0 0 5 0
1479828061 384 0 20 0 0 0 0 0 0 0 0 0 0 0 0 0 0 0 5 0
1479829918 385 0 20 0 0 0 0 0 0 0 0 0 0 0 0 0 0 0 5 0
1479844699 386 0 20 0 0 0 0 0 0 0 0 0 0 0 0 0 0 0 5 0
1480353209 387 0 20 0 0 0 0 0 0 0 0 0 0 0 0 0 0 0 5 0
1480353810 388 0 20 0 0 0 0 0 0 0 0 0 0 0 0 0 0 0 5 0
1480456837 388 0 21 0 0 0 0 0 0 0 0 0 0 0 0 0 0 0 5 0
1480458267 388 0 22 0 0 0 0 0 0 0 0 0 0 0 0 0 0 0 5 0
1480605352 388 0 23 0 0 0 0 0 0 0 0 0 0 0 0 0 0 0 5 0
1480606857 388 0 24 0 0 0 0 0 0 0 0 0 0 0 0 0 0 0 5 0
1480609344 389 0 24 0 0 0 0 0 0 0 0 0 0 0 0 0 0 0 5 0
1480688880 390 0 24 0 0 0 0 0 0 0 0 0 0 0 0 0 0 0 5 0
1480703473 391 0 24 0 0 0 0 0 0 0 0 0 0 0 0 0 0 0 5 0
1480705048 392 0 24 0 0 0 0 0 0 0 0 0 0 0 0 0 0 0 5 0
1480950082 393 0 24 0 0 0 0 0 0 0 0 0 0 0 0 0 0 0 5 0
1480952528 394 0 24 0 0 0 0 0 0 0 0 0 0 0 0 0 0 0 5 0
1480963566 395 0 24 0 0 0 0 0 0 0 0 0 0 0 0 0 0 0 5 0
1481124702 396 0 24 0 0 0 0 0 0 0 0 0 0 0 0 0 0 0 5 0
1481561182 397 0 24 0 0 0 0 0 0 0 0 0 0 0 0 0 0 0 5 0
1481581084 398 0 24 0 0 0 0 0 0 0 0 0 0 0 0 0 0 0 5 0
1481651768 399 0 24 0 0 0 0 0 0 0 0 0 0 0 0 0 0 0 5 0
1481653615 400 0 24 0 0 0 0 0 0 0 0 0 0 0 0 0 0 0 5 0
1481901364 401 0 24 0 0 0 0 0 0 0 0 0 0 0 0 0 0 0 5 0
1481918319 401 0 25 0 0 0 0 0 0 0 0 0 0 0 0 0 0 0 5 0
1482162957 402 0 25 0 0 0 0 0 0 0 0 0 0 0 0 0 0 0 5 0
1483030698 403 0 25 0 0 0 0 0 0 0 0 0 0 0 0 0 0 0 5 0
1483040340 403 0 26 0 0 0 0 0 0 0 0 0 0 0 0 0 0 0 5 0
1483453217 404 0 26 0 0 0 0 0 0 0 0 0 0 0 0 0 0 0 5 0
1483983431 404 0 27 0 0 0 0 0 0 0 0 0 0 0 0 0 0 0 5 0
1484075539 404 0 28 0 0 0 0 0 0 0 0 0 0 0 0 0 0 0 5 0
1484161898 404 0 29 0 0 0 0 0 0 0 0 0 0 0 0 0 0 0 5 0
1484162630 405 0 29 0 0 0 0 0 0 0 0 0 0 0 0 0 0 0 5 0
1484929906 406 0 29 0 0 0 0 0 0 0 0 0 0 0 0 0 0 0 5 0
1484943988 406 0 30 0 0 0 0 0 0 0 0 0 0 0 0 0 0 0 5 0
1484944658 406 0 31 0 0 0 0 0 0 0 0 0 0 0 0 0 0 0 5 0
1484947875 407 0 31 0 0 0 0 0 0 0 0 0 0 0 0 0 0 0 5 0
1485196363 407 0 32 0 0 0 0 0 0 0 0 0 0 0 0 0 0 0 5 0
1485989989 407 0 33 0 0 0 0 0 0 0 0 0 0 0 0 0 0 0 5 0
1486068914 407 0 34 0 0 0 0 0 0 0 0 0 0 0 0 0 0 0 5 0
1486151576 407 0 35 0 0 0 0 0 0 0 0 0 0 0 0 0 0 0 5 0
1486394072 407 0 36 0 0 0 0 0 0 0 0 0 0 0 0 0 0 0 5 0
1486404923 407 0 37 0 0 0 0 0 0 0 0 0 0 0 0 0 0 0 5 0
1486405828 407 0 38 0 0 0 0 0 0 0 0 0 0 0 0 0 0 0 5 0
1486412729 407 0 38 0 0 0 0 0 0 0 0 0 0 0 0 0 0 0 5 0
1486424013 407 0 39 0 0 0 0 0 0 0 0 0 0 0 0 0 0 0 5 0
1486509816 407 0 40 0 0 0 0 0 0 0 0 0 0 0 0 0 0 0 5 0
1486510211 407 0 41 0 0 0 0 0 0 0 0 0 0 0 0 0 0 0 5 0
1486595219 407 0 42 0 0 0 0 0 0 0 0 0 0 0 0 0 0 0 5 0
1486737920 407 0 43 0 0 0 0 0 0 0 0 0 0 0 0 0 0 0 5 0
1486762347 407 0 44 0 0 0 0 0 0 0 0 0 0 0 0 0 0 0 5 0
1487002904 407 0 45 0 0 0 0 0 0 0 0 0 0 0 0 0 0 0 5 0
1487113676 407 0 46 0 0 0 0 0 0 0 0 0 0 0 0 0 0 0 5 0
1487201324 407 0 47 0 0 0 0 0 0 0 0 0 0 0 0 0 0 0 5 0
1487202943 407 0 48 0 0 0 0 0 0 0 0 0 0 0 0 0 0 0 5 0
1487701134 407 0 49 0 0 0 0 0 0 0 0 0 0 0 0 0 0 0 5 0
1487705151 407 0 50 0 0 0 0 0 0 0 0 0 0 0 0 0 0 0 5 0
1487711459 407 0 51 0 0 0 0 0 0 0 0 0 0 0 0 0 0 0 5 0
1487716579 407 0 52 0 0 0 0 0 0 0 0 0 0 0 0 0 0 0 5 0
1487775338 407 0 53 0 0 0 0 0 0 0 0 0 0 0 0 0 0 0 5 0
1487787241 407 0 54 0 0 0 0 0 0 0 0 0 0 0 0 0 0 0 5 0
1487872736 407 0 55 0 0 0 0 0 0 0 0 0 0 0 0 0 0 0 5 0
1487888085 407 0 56 0 0 0 0 0 0 0 0 0 0 0 0 0 0 0 5 0
1487889081 407 0 57 0 0 0 0 0 0 0 0 0 0 0 0 0 0 0 5 0
1487889580 407 0 58 0 0 0 0 0 0 0 0 0 0 0 0 0 0 0 5 0
1487890705 407 0 59 0 0 0 0 0 0 0 0 0 0 0 0 0 0 0 5 0
1488489740 407 0 60 0 0 0 0 0 0 0 0 0 0 0 0 0 0 0 5 0
1488524216 407 0 61 0 0 0 0 0 0 0 0 0 0 0 0 0 0 0 5 0
1488825150 407 0 62 0 0 0 0 0 0 0 0 0 0 0 0 0 0 0 5 0
1488898867 407 0 63 0 0 0 0 0 0 0 0 0 0 0 0 0 0 0 5 0
1489178512 407 0 64 0 0 0 0 0 0 0 0 0 0 0 0 0 0 0 5 0
1489183183 407 0 65 0 0 0 0 0 0 0 0 0 0 0 0 0 0 0 5 0
1489517286 407 0 65 0 0 0 0 0 0 0 0 0 0 0 0 0 0 0 5 1
1489677431 407 0 65 0 1 0 0 0 0 0 0 0 0 0 0 0 0 0 5 1
1489678023 407 0 65 0 2 0 0 0 0 0 0 0 0 0 0 0 0 0 5 1
1489693684 407 0 65 0 3 0 0 0 0 0 0 0 0 0 0 0 0 0 5 1
1489760931 407 0 65 0 4 0 0 0 0 0 0 0 0 0 0 0 0 0 5 1
1489764066 407 0 65 0 4 0 0 0 0 0 0 0 0 0 0 0 0 0 5 2
1489773685 407 0 65 0 4 0 0 0 0 0 0 0 0 0 0 1 0 0 5 2
1490025347 407 0 65 0 5 0 0 0 0 0 0 0 0 0 0 1 0 0 5 2
1490104165 408 0 65 0 5 0 0 0 0 0 0 0 0 0 0 1 0 0 5 2
1490191549 409 0 65 0 5 0 0 0 0 0 0 0 0 0 0 1 0 0 5 2
1490200646 409 0 65 0 5 0 0 0 0 0 0 0 0 0 0 1 0 0 5 3
1490287733 409 0 65 0 5 0 0 0 0 0 0 0 0 0 0 1 0 0 5 4
1490370640 409 0 65 0 5 0 0 0 0 0 0 0 0 0 0 1 0 0 5 5
1490383736 409 0 65 0 6 0 0 0 0 0 0 0 0 0 0 1 0 0 5 5
1490387979 409 0 65 0 7 0 0 0 0 0 0 0 0 0 0 1 0 0 5 5
1490644655 409 0 65 0 8 0 0 0 0 0 0 0 0 0 0 1 0 0 5 5
1490715411 409 0 65 0 9 0 0 0 0 0 0 0 0 0 0 1 0 0 5 5
1490737211 409 0 65 0 10 0 0 0 0 0 0 0 0 0 0 1 0 0 5 5
1490902501 409 0 65 0 10 0 0 0 0 0 0 0 0 0 0 1 0 0 5 5
1491941589 409 0 65 0 11 0 0 0 0 0 0 0 0 0 0 1 0 0 5 5
1492034286 409 0 65 0 12 0 0 0 0 0 0 0 0 0 0 1 0 0 5 5
1492035012 409 0 65 0 13 0 0 0 0 0 0 0 0 0 0 1 0 0 5 5
1492039078 409 0 65 0 14 0 0 0 0 0 0 0 0 0 0 1 0 0 5 5
1492099097 409 0 65 0 15 0 0 0 0 0 0 0 0 0 0 1 0 0 5 5
1492121296 409 0 65 0 16 0 0 0 0 0 0 0 0 0 0 1 0 0 5 5
1492464070 409 0 65 0 16 0 0 0 0 0 0 0 0 0 0 1 0 0 5 5
1492616355 409 0 65 0 16 0 0 0 0 0 0 0 1 0 0 1 0 0 5 5
1492626711 409 0 65 0 17 0 0 0 0 0 0 0 1 0 0 1 0 0 5 5
1492627446 409 0 65 0 17 0 0 0 0 0 0 0 1 0 0 2 0 0 5 5
1492630646 409 0 65 0 17 0 0 0 0 0 0 0 1 0 0 3 0 0 5 5
1493158085 409 0 65 0 18 0 0 0 0 0 0 0 1 0 0 3 0 0 5 5
1493160329 409 0 65 0 19 0 0 0 0 0 0 0 1 0 0 3 0 0 5 5
1493160498 409 0 65 0 19 0 0 0 0 0 0 0 2 0 0 3 0 0 5 5
1493220005 409 0 65 0 19 0 0 0 0 0 0 0 2 0 0 4 0 0 5 5
1493673583 409 0 65 0 19 0 0 0 0 0 0 0 2 0 0 5 0 0 5 5
1493839161 409 0 65 0 20 0 0 0 0 0 0 0 2 0 0 5 0 0 5 5
1494265899 409 0 65 0 21 0 0 0 0 0 0 0 2 0 0 5 0 0 5 5
1494368701 409 0 65 0 22 0 0 0 0 0 0 0 2 0 0 5 0 0 5 5
1494441069 409 0 65 0 23 0 0 0 0 0 0 0 2 0 0 5 0 0 5 5
1494871399 409 0 65 0 23 0 0 0 0 0 0 0 3 0 0 5 0 0 5 5
1494881013 409 0 65 0 24 0 0 0 0 0 0 0 3 0 0 5 0 0 5 5
1494957776 409 0 65 0 24 0 0 0 0 0 0 0 4 0 0 5 0 0 5 5
1495045090 409 0 65 0 24 0 0 0 0 0 0 0 4 0 0 6 0 0 5 5
1495229766 409 0 65 0 25 0 0 0 0 0 0 0 4 0 0 6 0 0 5 5
1495235503 409 0 65 0 26 0 0 0 0 0 0 0 4 0 0 6 0 0 5 5
1495238223 409 0 65 0 27 0 0 0 0 0 0 0 4 0 0 6 0 0 5 5
1495578577 409 0 65 0 28 0 0 0 0 0 0 0 4 0 0 6 0 0 5 5
1495647308 409 0 65 0 28 0 0 0 0 0 0 0 4 0 0 7 0 0 5 5
1495827015 409 0 65 0 28 0 0 0 0 0 0 0 4 0 0 7 0 0 5 5
1496162225 409 0 65 0 29 0 0 0 0 0 0 0 4 0 0 7 0 0 5 5
1496244313 409 0 65 0 30 0 0 0 0 0 0 0 4 0 0 7 0 0 5 5
1496251331 409 0 65 0 31 0 0 0 0 0 0 0 4 0 0 7 0 0 5 5
1496439858 409 0 65 0 32 0 0 0 0 0 0 0 4 0 0 7 0 0 5 5
1496676935 409 0 65 0 33 0 0 0 0 0 0 0 4 0 0 7 0 0 5 5
1496767496 409 0 66 0 33 0 0 0 0 0 0 0 4 0 0 7 0 0 5 5
1496789095 409 0 66 0 34 0 0 0 0 0 0 0 4 0 0 7 0 0 5 5
1496854064 409 0 66 0 34 0 0 0 0 0 0 0 4 0 0 8 0 0 5 5
1496952956 409 0 66 0 34 0 0 0 0 0 0 0 4 0 0 9 0 0 5 5
1497016999 409 0 67 0 34 0 0 0 0 0 0 0 4 0 0 9 0 0 5 5
1497460381 409 0 67 0 35 0 0 0 0 0 0 0 4 0 0 9 0 0 5 5
1497902103 409 0 67 0 36 0 0 0 0 0 0 0 4 0 0 9 0 0 5 5
1498066786 409 0 67 0 37 0 0 0 0 0 0 0 4 0 0 9 0 0 5 5
1498067663 409 0 67 0 37 0 0 0 0 0 0 0 5 0 0 9 0 0 5 5
1498249703 409 0 68 0 37 0 0 0 0 0 0 0 5 0 0 9 0 0 5 5
1498258969 409 0 68 0 38 0 0 0 0 0 0 0 5 0 0 9 0 0 5 5
1498729008 409 0 68 0 38 0 0 0 0 0 0 0 5 0 0 10 0 0 5 5
1499798093 409 0 68 0 39 0 0 0 0 0 0 0 5 0 0 10 0 0 5 5
1499810151 409 0 68 0 40 0 0 0 0 0 0 0 5 0 0 10 0 0 5 5
1499883270 409 0 68 0 41 0 0 0 0 0 0 0 5 0 0 10 0 0 5 5
1499889713 409 0 68 0 41 0 0 0 0 0 0 0 6 0 0 10 0 0 5 5
1499893854 409 0 68 0 42 0 0 0 0 0 0 0 6 0 0 10 0 0 5 5
1499896311 409 0 68 0 42 0 0 0 0 0 0 0 7 0 0 10 0 0 5 5
1499984160 409 0 68 0 43 0 0 0 0 0 0 0 7 0 0 10 0 0 5 5
1500050258 409 0 68 0 44 0 0 0 0 0 0 0 7 0 0 10 0 0 5 5
1500051445 409 0 68 0 45 0 0 0 0 0 0 0 7 0 0 10 0 0 5 5
1500063462 409 0 68 0 46 0 0 0 0 0 0 0 7 0 0 10 0 0 5 5
1500068147 409 0 68 0 47 0 0 0 0 0 0 0 7 0 0 10 0 0 5 5
1500071010 409 0 68 0 48 0 0 0 0 0 0 0 7 0 0 10 0 0 5 5
1500071379 409 0 68 0 49 0 0 0 0 0 0 0 7 0 0 10 0 0 5 5
1500073083 409 0 68 0 50 0 0 0 0 0 0 0 7 0 0 10 0 0 5 5
1500134861 409 0 68 0 51 0 0 0 0 0 0 0 7 0 0 10 0 0 5 5
1500245997 409 0 69 0 51 0 0 0 0 0 0 0 7 0 0 10 0 0 5 5
1500315533 409 0 69 0 51 0 0 1 0 0 0 0 7 0 0 10 0 0 5 5
1500318355 409 0 69 0 52 0 0 1 0 0 0 0 7 0 0 10 0 0 5 5
1500324887 409 0 69 0 52 0 0 2 0 0 0 0 7 0 0 10 0 0 5 5
1500327603 409 0 69 0 53 0 0 2 0 0 0 0 7 0 0 10 0 0 5 5
1500389235 409 0 69 0 53 0 0 3 0 0 0 0 7 0 0 10 0 0 5 5
1500398729 409 0 69 0 54 0 0 3 0 0 0 0 7 0 0 10 0 0 5 5
1500407745 409 0 69 0 55 0 0 3 0 0 0 0 7 0 0 10 0 0 5 5
1500473835 409 0 69 0 55 0 0 4 0 0 0 0 7 0 0 10 0 0 5 5
1500477252 409 0 69 0 55 0 0 4 0 0 0 0 8 0 0 10 0 0 5 5
1500913372 409 0 69 0 55 0 0 5 0 0 0 0 8 0 0 10 0 0 5 5
1500913907 409 0 69 0 55 0 0 6 0 0 0 0 8 0 0 10 0 0 5 5
1501003578 409 0 69 0 55 0 0 6 0 0 0 0 9 0 0 10 0 0 5 5
1501009662 409 0 69 0 55 0 0 6 0 0 0 0 10 0 0 10 0 0 5 5
1501099402 409 0 69 0 55 0 0 6 0 0 0 0 10 0 0 10 0 0 5 5
1501101311 409 0 69 0 56 0 0 6 0 0 0 0 10 0 0 10 0 0 5 5
1501108361 409 0 69 0 57 0 0 6 0 0 0 0 10 0 0 10 0 0 5 5
1501268353 409 0 69 0 57 0 0 6 0 0 0 0 10 0 0 10 0 0 5 5
1501272136 409 0 69 0 57 0 0 7 0 0 0 0 10 0 0 10 0 0 5 5
1501274295 409 0 69 0 57 0 0 8 0 0 0 0 10 0 0 10 0 0 5 5
1501699893 409 0 69 0 57 0 0 8 0 0 0 0 10 0 0 11 0 0 5 5
1501711373 409 0 69 0 58 0 0 8 0 0 0 0 10 0 0 11 0 0 5 5
1501782975 409 0 69 0 59 0 0 8 0 0 0 0 10 0 0 11 0 0 5 5
1502132509 409 0 69 0 59 0 0 9 0 0 0 0 10 0 0 11 0 0 5 5
1502133344 409 0 69 0 60 0 0 9 0 0 0 0 10 0 0 11 0 0 5 5
1502209599 409 0 69 0 61 0 0 9 0 0 0 0 10 0 0 11 0 0 5 5
1502300769 409 0 69 0 61 0 0 10 0 0 0 0 10 0 0 11 0 0 5 5
1502307230 409 0 69 0 62 0 0 10 0 0 0 0 10 0 0 11 0 0 5 5
1502309933 409 0 69 0 62 0 0 11 0 0 0 0 10 0 0 11 0 0 5 5
1502484377 409 0 69 0 62 0 0 12 0 0 0 0 10 0 0 11 0 0 5 5
1502732449 409 0 69 0 62 0 0 13 0 0 0 0 10 0 0 11 0 0 5 5
1502733046 409 0 69 0 63 0 0 13 0 0 0 0 10 0 0 11 0 0 5 5
1502739470 409 0 69 0 64 0 0 13 0 0 0 0 10 0 0 11 0 0 5 5
1502764128 409 0 69 0 65 0 0 13 0 0 0 0 10 0 0 11 0 0 5 5
1502906695 409 0 69 0 65 0 0 13 0 0 0 0 11 0 0 11 0 0 5 5
1502916999 409 0 69 0 65 0 0 14 0 0 0 0 11 0 0 11 0 0 5 5
1503008092 409 0 69 0 66 0 0 14 0 0 0 0 11 0 0 11 0 0 5 5
1503089792 409 0 69 0 67 0 0 14 0 0 0 0 11 0 0 11 0 0 5 5
1503090751 409 0 70 0 67 0 0 14 0 0 0 0 11 0 0 11 0 0 5 5
1503325614 409 0 71 0 67 0 0 14 0 0 0 0 11 0 0 11 0 0 5 5
1503406839 409 0 71 0 68 0 0 14 0 0 0 0 11 0 0 11 0 0 5 5
1503497052 409 0 71 0 68 0 0 15 0 0 0 0 11 0 0 11 0 0 5 5
1503499588 409 0 71 0 68 0 0 16 0 0 0 0 11 0 0 11 0 0 5 5
1503510586 409 0 71 0 68 0 0 17 0 0 0 0 11 0 0 11 0 0 5 5
1503511428 409 0 71 0 68 0 0 18 0 0 0 0 11 0 0 11 0 0 5 5
1504015581 409 0 71 0 68 0 0 19 0 0 0 0 11 0 0 11 0 0 5 5
1504030902 409 0 72 0 68 0 0 19 0 0 0 0 11 0 0 11 0 0 5 5
1504039481 409 0 72 0 68 0 0 19 0 0 0 0 11 0 0 11 0 0 6 5
1504099207 409 0 72 0 68 0 0 19 0 0 0 0 11 0 0 11 0 0 7 5
1504104837 409 0 72 0 69 0 0 19 0 0 0 0 11 0 0 11 0 0 7 5
1504105031 409 0 72 0 69 0 0 20 0 0 0 0 11 0 0 11 0 0 7 5
1504108300 409 0 72 0 69 0 0 21 0 0 0 0 11 0 0 11 0 0 7 5
1504110462 409 0 73 0 69 0 0 21 0 0 0 0 11 0 0 11 0 0 7 5
1504113412 409 0 74 0 69 0 0 21 0 0 0 0 11 0 0 11 0 0 7 5
1504114025 409 0 74 0 69 0 0 22 0 0 0 0 11 0 0 11 0 0 7 5
1504120591 409 0 74 0 69 0 0 22 0 0 0 0 11 0 0 12 0 0 7 5
1504182464 409 0 74 0 69 0 0 22 1 0 0 0 11 0 0 12 0 0 7 5
1504203510 409 0 74 0 69 0 0 22 2 0 0 0 11 0 0 12 0 0 7 5
1504274639 409 0 74 0 70 0 0 22 2 0 0 0 11 0 0 12 0 0 7 5
1504283030 409 0 74 0 70 0 0 22 3 0 0 0 11 0 0 12 0 0 7 5
1504286004 409 0 74 0 70 0 0 22 4 0 0 0 11 0 0 12 0 0 7 5
1504291139 409 0 74 0 70 0 0 22 5 0 0 0 11 0 0 12 0 0 7 5
1504631926 409 0 74 0 70 0 0 22 6 0 0 0 11 0 0 12 0 0 7 5
1504711216 409 0 74 0 70 0 0 23 6 0 0 0 11 0 0 12 0 0 7 5
1504717388 409 0 74 0 70 0 0 23 7 0 0 0 11 0 0 12 0 0 7 5
1504721148 409 0 74 0 70 0 0 23 7 0 0 0 11 0 0 12 0 0 7 5
1504813563 409 0 74 0 70 0 0 24 7 0 0 0 11 0 0 12 0 0 7 5
1504830613 409 0 74 0 70 0 0 25 7 0 0 0 11 0 0 12 0 0 7 5
1504889712 409 0 74 0 70 0 0 25 8 0 0 0 11 0 0 12 0 0 7 5
1505170379 409 0 74 0 70 0 0 25 9 0 0 0 11 0 0 12 0 0 7 5
1505235293 409 0 74 0 70 0 0 25 9 0 0 0 12 0 0 12 0 0 7 5
1505255496 409 0 74 0 70 0 0 25 9 0 0 0 13 0 0 12 0 0 7 5
1505339494 409 0 74 0 70 0 0 26 9 0 0 0 13 0 0 12 0 0 7 5
1505342206 409 0 74 0 70 0 0 26 10 0 0 0 13 0 0 12 0 0 7 5
1505345427 409 0 74 0 70 0 0 26 11 0 0 0 13 0 0 12 0 0 7 5
1505416489 409 0 74 0 70 0 0 26 11 0 0 0 14 0 0 12 0 0 7 5
1505428075 409 0 74 0 70 0 0 27 11 0 0 0 14 0 0 12 0 0 7 5
1505495239 409 0 74 0 70 0 0 28 11 0 0 0 14 0 0 12 0 0 7 5
1505496418 409 0 74 0 70 0 0 28 12 0 0 0 14 0 0 12 0 0 7 5
1505758815 409 0 74 0 70 0 0 28 13 0 0 0 14 0 0 12 0 0 7 5
1505759884 409 0 74 0 70 0 0 29 13 0 0 0 14 0 0 12 0 0 7 5
1505762997 409 0 74 0 70 0 0 30 13 0 0 0 14 0 0 12 0 0 7 5
1505772656 409 0 74 0 70 0 0 30 14 0 0 0 14 0 0 12 0 0 7 5
1505849972 409 0 74 0 70 0 0 30 15 0 0 0 14 0 0 12 0 0 7 5
1505857558 409 0 74 0 70 0 0 30 16 0 0 0 14 0 0 12 0 0 7 5
1505933488 409 0 74 0 70 0 0 30 17 0 0 0 14 0 0 12 0 0 7 5
1505948239 409 0 74 0 70 0 0 31 17 0 0 0 14 0 0 12 0 0 7 5
1506016403 409 0 74 0 70 0 0 32 17 0 0 0 14 0 0 12 0 0 7 5
1506345676 409 0 74 0 70 0 0 32 17 0 0 0 15 0 0 12 0 0 7 5
1506359282 409 0 74 0 70 0 0 33 17 0 0 0 15 0 0 12 0 0 7 5
1506444463 409 0 74 0 70 0 0 34 17 0 0 0 15 0 0 12 0 0 7 5
1506452544 409 0 74 0 70 0 0 34 18 0 0 0 15 0 0 12 0 0 7 5
1506542855 409 0 74 0 70 0 0 34 19 0 0 0 15 0 0 12 0 0 7 5
1506548991 409 0 74 0 71 0 0 34 19 0 0 0 15 0 0 12 0 0 7 5
1506638392 409 0 74 0 71 0 0 34 20 0 0 0 15 0 0 12 0 0 7 5
1506638787 409 0 74 0 71 0 0 34 21 0 0 0 15 0 0 12 0 0 7 5
1506648507 409 0 74 0 71 0 0 34 22 0 0 0 15 0 0 12 0 0 7 5
1506716272 409 0 74 0 72 0 0 34 22 0 0 0 15 0 0 12 0 0 7 5
1506990908 409 0 74 0 73 0 0 34 22 0 0 0 15 0 0 12 0 0 7 5
1507054105 409 0 75 0 73 0 0 34 22 0 0 0 15 0 0 12 0 0 7 5
1507060592 409 0 75 0 74 0 0 34 22 0 0 0 15 0 0 12 0 0 7 5
1507070080 409 0 75 0 75 0 0 34 22 0 0 0 15 0 0 12 0 0 7 5
1507072026 409 0 75 0 75 0 0 34 23 0 0 0 15 0 0 12 0 0 7 5
1507072180 409 0 75 0 75 0 0 34 24 0 0 0 15 0 0 12 0 0 7 5
1507147480 409 0 76 0 75 0 0 34 24 0 0 0 15 0 0 12 0 0 7 5
1507149397 409 0 76 0 76 0 0 34 24 0 0 0 15 0 0 12 0 0 7 5
1507189804 409 0 77 0 76 0 0 34 24 0 0 0 15 0 0 12 0 0 7 5
1507228863 409 0 77 0 76 0 0 34 25 0 0 0 15 0 0 12 0 0 7 5
1507310038 409 0 77 0 76 0 0 34 26 0 0 0 15 0 0 12 0 0 7 5
1507340213 409 0 77 0 76 0 0 34 27 0 0 0 15 0 0 12 0 0 7 5
1507561575 409 0 77 0 76 0 0 35 27 0 0 0 15 0 0 12 0 0 7 5
1507567918 409 0 77 0 76 0 0 36 27 0 0 0 15 0 0 12 0 0 7 5
1507573456 409 0 77 0 77 0 0 36 27 0 0 0 15 0 0 12 0 0 7 5
1507660300 409 0 77 0 77 0 0 36 28 0 0 0 15 0 0 12 0 0 7 5
1507666517 409 0 77 0 77 0 0 37 28 0 0 0 15 0 0 12 0 0 7 5
1507731777 409 0 77 0 77 0 0 38 28 0 0 0 15 0 0 12 0 0 7 5
1507757861 409 0 77 0 77 0 0 39 28 0 0 0 15 0 0 12 0 0 7 5
1507926301 409 0 77 0 78 0 0 39 28 0 0 0 15 0 0 12 0 0 7 5
1507984205 409 0 77 0 78 0 0 39 28 0 0 0 16 0 0 12 0 0 7 5
1508197556 409 0 77 0 79 0 0 39 28 0 0 0 16 0 0 12 0 0 7 5
1508339758 409 0 77 0 79 0 0 40 28 0 0 0 16 0 0 12 0 0 7 5
1508434380 409 0 77 0 79 0 0 41 28 0 0 0 16 0 0 12 0 0 7 5
1508438035 409 0 77 0 79 0 0 42 28 0 0 0 16 0 0 12 0 0 7 5
1508781178 409 0 77 0 79 0 0 43 28 0 0 0 16 0 0 12 0 0 7 5
1508977879 409 0 77 0 80 0 0 43 28 0 0 0 16 0 0 12 0 0 7 5
1509030641 409 0 77 0 80 0 0 44 28 0 0 0 16 0 0 12 0 0 7 5
1509066576 409 0 77 0 81 0 0 44 28 0 0 0 16 0 0 12 0 0 7 5
1509384406 409 0 78 0 81 0 0 44 28 0 0 0 16 0 0 12 0 0 7 5
1509390041 409 0 78 0 82 0 0 44 28 0 0 0 16 0 0 12 0 0 7 5
1509404377 409 0 78 0 82 0 0 44 29 0 0 0 16 0 0 12 0 0 7 5
1509478295 409 0 78 0 82 0 0 45 29 0 0 0 16 0 0 12 0 0 7 5
1509568021 409 0 78 0 82 0 0 45 30 0 0 0 16 0 0 12 0 0 7 5
1510169386 409 0 78 0 82 0 0 45 31 0 0 0 16 0 0 12 0 0 7 5
1510615608 409 0 78 0 82 0 0 45 32 0 0 0 16 0 0 12 0 0 7 5
1510672317 409 0 78 0 82 0 0 45 33 0 0 0 16 0 0 12 0 0 7 5
1510790527 409 0 78 0 83 0 0 45 33 0 0 0 16 0 0 12 0 0 7 5
1510860731 409 0 78 0 83 0 0 45 34 0 0 0 16 0 0 12 0 0 7 5
1510870750 409 0 78 0 83 0 0 45 35 0 0 0 16 0 0 12 0 0 7 5
1510948425 409 0 78 0 83 0 0 46 35 0 0 0 16 0 0 12 0 0 7 5
1510959601 409 0 78 0 83 0 0 46 36 0 0 0 16 0 0 12 0 0 7 5
1511210145 409 0 78 0 83 0 0 46 37 0 0 0 16 0 0 12 0 0 7 5
1511211752 409 0 78 0 83 0 0 46 38 0 0 0 16 0 0 12 0 0 7 5
1511295428 409 0 78 0 84 0 0 46 38 0 0 0 16 0 0 12 0 0 7 5
1511295842 409 0 78 0 84 0 0 46 39 0 0 0 16 0 0 12 0 0 7 5
1511297330 409 0 78 0 85 0 0 46 39 0 0 0 16 0 0 12 0 0 7 5
1511371268 409 0 78 0 86 0 0 46 39 0 0 0 16 0 0 12 0 0 7 5
1511376540 409 0 78 0 87 0 0 46 39 0 0 0 16 0 0 12 0 0 7 5
1511377191 409 0 78 0 88 0 0 46 39 0 0 0 16 0 0 12 0 0 7 5
1511388105 409 0 78 0 88 0 0 46 40 0 0 0 16 0 0 12 0 0 7 5
1511399668 409 0 78 0 88 0 0 47 40 0 0 0 16 0 0 12 0 0 7 5
1511975431 409 0 78 0 88 0 0 48 40 0 0 0 16 0 0 12 0 0 7 5
1511980697 409 0 78 0 88 0 0 48 41 0 0 0 16 0 0 12 0 0 7 5
1512065696 409 0 78 0 88 0 0 48 42 0 0 0 16 0 0 12 0 0 7 5
1512068206 409 0 78 0 88 0 0 48 43 0 0 0 16 0 0 12 0 0 7 5
1512069611 409 0 78 0 88 0 0 48 44 0 0 0 16 0 0 12 0 0 7 5
1512080228 409 0 78 0 88 0 0 48 44 0 0 0 17 0 0 12 0 0 7 5
1512409966 409 0 78 0 88 0 0 48 45 0 0 0 17 0 0 12 0 0 7 5
1512496026 409 0 78 0 88 0 0 48 46 0 0 0 17 0 0 12 0 0 7 5
1512512887 409 0 78 0 88 0 0 49 46 0 0 0 17 0 0 12 0 0 7 5
1512585116 409 0 78 0 88 0 0 50 46 0 0 0 17 0 0 12 0 0 7 5
1512591993 409 0 78 0 88 0 0 51 46 0 0 0 17 0 0 12 0 0 7 5
1512660226 409 0 78 0 88 0 0 52 46 0 0 0 17 0 0 12 0 0 7 5
1512671338 409 0 78 0 88 0 0 53 46 0 0 0 17 0 0 12 0 0 7 5
1512677068 409 0 78 0 88 0 0 54 46 0 0 0 17 0 0 12 0 0 7 5
1512678294 409 0 78 0 88 0 0 55 46 0 0 0 17 0 0 12 0 0 7 5
1512759352 409 0 78 0 88 0 0 56 46 0 0 0 17 0 0 12 0 0 7 5
1512769314 409 0 78 0 88 0 0 57 46 0 0 0 17 0 0 12 0 0 7 5
1513033032 409 0 78 0 88 0 0 57 46 0 0 0 18 0 0 12 0 0 7 5
1513039991 409 0 78 0 89 0 0 57 46 0 0 0 18 0 0 12 0 0 7 5
1513100133 409 0 78 0 90 0 0 57 46 0 0 0 18 0 0 12 0 0 7 5
1513104313 409 0 78 0 90 0 0 58 46 0 0 0 18 0 0 12 0 0 7 5
1513111497 409 0 78 0 91 0 0 58 46 0 0 0 18 0 0 12 0 0 7 5
1513117510 409 0 78 0 91 0 0 59 46 0 0 0 18 0 0 12 0 0 7 5
1513188665 409 0 78 0 92 0 0 59 46 0 0 0 18 0 0 12 0 0 7 5
1513290911 409 0 78 0 92 0 0 60 46 0 0 0 18 0 0 12 0 0 7 5
1513802904 409 0 78 0 92 0 0 60 47 0 0 0 18 0 0 12 0 0 7 5
1513806036 409 0 78 0 93 0 0 60 47 0 0 0 18 0 0 12 0 0 7 5
1513891409 409 0 78 0 93 0 0 60 47 0 0 0 19 0 0 12 0 0 7 5
1514913380 409 0 78 0 93 0 0 60 48 0 0 0 19 0 0 12 0 0 7 5
1514920184 409 0 78 0 93 0 0 61 48 0 0 0 19 0 0 12 0 0 7 5
1515009293 409 0 78 0 93 0 0 62 48 0 0 0 19 0 0 12 0 0 7 5
1515012397 409 0 79 0 93 0 0 62 48 0 0 0 19 0 0 12 0 0 7 5
1515013025 409 0 79 0 93 0 0 62 49 0 0 0 19 0 0 12 0 0 7 5
1515023735 409 0 79 0 93 0 0 62 49 0 0 0 19 0 0 12 0 0 7 5
1515100723 409 1 79 0 93 0 0 62 49 0 0 0 19 0 0 12 0 0 7 5
1515179924 409 1 79 0 93 1 0 62 49 0 0 0 19 0 0 12 0 0 7 5
1515183625 409 1 79 0 93 2 0 62 49 0 0 0 19 0 0 12 0 0 7 5
1515191268 409 2 79 0 93 2 0 62 49 0 0 0 19 0 0 12 0 0 7 5
1515191303 409 2 79 0 93 3 0 62 49 0 0 0 19 0 0 12 0 0 7 5
1515425468 409 2 79 0 93 4 0 62 49 0 0 0 19 0 0 12 0 0 7 5
1515429692 409 3 79 0 93 4 0 62 49 0 0 0 19 0 0 12 0 0 7 5
1515436380 409 3 79 0 93 5 0 62 49 0 0 0 19 0 0 12 0 0 7 5
1515436440 409 3 79 0 93 6 0 62 49 0 0 0 19 0 0 12 0 0 7 5
1515437394 409 3 79 0 93 7 0 62 49 0 0 0 19 0 0 12 0 0 7 5
1515453506 409 3 79 0 93 8 0 64 57 0 0 0 19 0 0 12 0 0 7 5
1515522985 409 4 79 0 93 8 0 64 57 0 0 0 19 0 0 12 0 0 7 5
1515603547 409 4 79 0 93 9 0 64 57 0 0 0 19 0 0 12 0 0 7 5
1515608296 409 4 79 0 93 10 0 64 57 0 0 0 19 0 0 12 0 0 7 5
1515631127 409 4 79 0 93 11 0 64 57 0 0 0 19 0 0 12 0 0 7 5
1515692262 409 4 79 0 93 12 0 64 57 0 0 0 19 0 0 12 0 0 7 5
1515702658 409 4 79 0 93 13 0 64 57 0 0 0 19 0 0 12 0 0 7 5
1515778261 409 4 79 0 93 14 0 64 57 0 0 0 19 0 0 12 0 0 7 5
1515790908 409 5 79 0 93 14 0 64 57 0 0 0 19 0 0 12 0 0 7 5
1516127743 409 5 79 0 93 15 0 64 57 0 0 0 19 0 0 12 0 0 7 5
1516133539 409 5 79 0 93 16 0 64 57 0 0 0 19 0 0 12 0 0 7 5
1516207698 409 5 79 0 93 17 0 64 57 0 0 0 19 0 0 12 0 0 7 5
1516221214 409 5 79 0 93 18 0 64 57 0 0 0 19 0 0 12 0 0 7 5
1516223592 409 6 79 0 93 18 0 64 57 0 0 0 19 0 0 12 0 0 7 5
1516223825 409 7 79 0 93 18 0 64 57 0 0 0 19 0 0 12 0 0 7 5
1516226082 409 7 79 0 93 18 0 64 57 0 0 0 19 0 1 12 0 0 7 5
1516226724 409 7 79 0 93 19 0 64 57 0 0 0 19 0 1 12 0 0 7 5
1516227132 409 7 79 0 93 20 0 64 57 0 0 0 19 0 1 12 0 0 7 5
1516296732 409 7 79 0 93 21 0 64 57 0 0 0 19 0 1 12 0 0 7 5
1516317888 409 7 79 0 93 22 0 64 57 0 0 0 19 0 1 12 0 0 7 5
1516641488 409 7 79 0 93 23 0 64 57 0 0 0 19 0 1 12 0 0 7 5
1516642038 409 7 79 0 93 24 0 64 57 0 0 0 19 0 1 12 0 0 7 5
1516642784 409 8 79 0 93 24 0 64 57 0 0 0 19 0 1 12 0 0 7 5
1516727837 409 9 79 0 93 24 0 64 57 0 0 0 19 0 1 12 0 0 7 5
1516747879 409 9 79 0 93 25 0 64 57 0 0 0 19 0 1 12 0 0 7 5
1516815361 409 10 79 0 93 25 0 64 57 0 0 0 19 0 1 12 0 0 7 5
1516821484 409 10 79 0 93 25 0 64 57 1 0 0 19 0 1 12 0 0 7 5
1516824601 409 10 79 0 93 25 0 64 57 2 0 0 19 0 1 12 0 0 7 5
1516836309 409 10 79 0 93 25 1 64 57 2 0 0 19 0 1 12 0 0 7 5
1517253073 409 10 79 0 93 25 1 64 57 3 0 0 19 0 1 12 0 0 7 5
1517269476 409 10 79 0 93 25 1 64 57 3 0 0 19 0 1 12 0 0 7 5
1517353514 409 10 79 0 93 26 1 64 57 3 0 0 19 0 1 12 0 0 7 5
1517425044 409 11 79 0 93 26 1 64 57 3 0 0 19 0 1 12 0 0 7 5
1517428384 409 11 79 0 93 26 1 64 57 4 0 0 19 0 1 12 0 0 7 5
1517510685 409 11 79 0 93 26 2 64 57 4 0 0 19 0 1 12 0 0 7 5
1517528125 409 11 79 0 93 27 2 64 57 4 0 0 19 0 1 12 0 0 7 5
1517602393 409 11 79 0 93 28 2 64 57 4 0 0 19 0 1 12 0 0 7 5
1517603422 409 11 79 0 93 29 2 64 57 4 0 0 19 0 1 12 0 0 7 5
1517604022 409 11 79 0 93 30 2 64 57 4 0 0 19 0 1 12 0 0 7 5
1517615721 409 11 79 0 93 31 2 64 57 4 0 0 19 0 1 12 0 0 7 5
1517851992 409 11 79 0 93 32 2 64 57 4 0 0 19 0 1 12 0 0 7 5
1517856101 409 11 79 0 93 33 2 64 57 4 0 0 19 0 1 12 0 0 7 5
1517857669 409 11 79 0 93 34 2 64 57 4 0 0 19 0 1 12 0 0 7 5
1517867445 409 11 79 0 93 35 2 64 57 4 0 0 19 0 1 12 0 0 7 5
1518028761 409 11 79 0 93 36 2 64 57 4 0 0 19 0 1 12 0 0 7 5
1518041791 409 11 79 0 93 36 2 64 57 4 0 0 19 0 2 12 0 0 7 5
1518049400 409 11 79 0 93 36 3 64 57 4 0 0 19 0 2 12 0 0 7 5
1518203251 409 12 79 0 93 36 3 64 57 4 0 0 19 0 2 12 0 0 7 5
1518453645 409 13 79 0 93 36 3 64 57 4 0 0 19 0 2 12 0 0 7 5
1518463246 409 13 79 0 93 36 4 64 57 4 0 0 19 0 2 12 0 0 7 5
1518561535 409 14 79 0 93 36 4 64 57 4 0 0 19 0 2 12 0 0 7 5
1518566102 409 15 79 0 93 36 4 64 57 4 0 0 19 0 2 12 0 0 7 5
1518638631 409 16 79 0 93 36 4 64 57 4 0 0 19 0 2 12 0 0 7 5
1518641297 409 16 79 0 93 37 4 64 57 4 0 0 19 0 2 12 0 0 7 5
1518720252 409 16 79 0 93 38 4 64 57 4 0 0 19 0 2 12 0 0 7 5
1518730490 409 17 79 0 93 38 4 64 57 4 0 0 19 0 2 12 0 0 7 5
1518732520 409 18 79 0 93 38 4 64 57 4 0 0 19 0 2 12 0 0 7 5
1518737570 409 18 79 0 93 39 4 64 57 4 0 0 19 0 2 12 0 0 7 5
1518737958 409 19 79 0 93 39 4 64 57 4 0 0 19 0 2 12 0 0 7 5
1518741523 409 19 79 0 93 40 4 64 57 4 0 0 19 0 2 12 0 0 7 5
1518744462 409 19 79 0 93 41 4 64 57 4 0 0 19 0 2 12 0 0 7 5
1518801929 409 19 79 0 93 41 4 64 57 4 0 0 19 0 2 12 0 0 7 5
1518806481 409 19 79 0 93 42 4 64 57 4 0 0 19 0 2 12 0 0 7 5
1518808370 409 19 79 0 93 43 4 64 57 4 0 0 19 0 2 12 0 0 7 5
1518818568 409 19 80 0 93 43 4 64 57 4 0 0 19 0 2 12 0 0 7 5
1518823989 409 20 80 0 93 43 4 64 57 4 0 0 19 0 2 12 0 0 7 5
1519151886 409 20 80 0 93 44 4 64 57 4 0 0 19 0 2 12 0 0 7 5
1519156087 409 20 80 0 93 45 4 64 57 4 0 0 19 0 2 12 0 0 7 5
1519162871 409 20 80 0 93 46 4 64 57 4 0 0 19 0 2 12 0 0 7 5
1519168029 409 20 80 0 93 47 4 64 57 4 0 0 19 0 2 12 0 0 7 5
1519230702 409 21 80 0 93 47 4 64 57 4 0 0 19 0 2 12 0 0 7 5
1519241346 409 21 80 0 93 48 4 64 57 4 0 0 19 0 2 12 0 0 7 5
1519318119 409 22 80 0 93 48 4 64 57 4 0 0 19 0 2 12 0 0 7 5
1519321099 409 22 80 0 93 48 4 64 57 4 0 0 19 0 3 12 0 0 7 5
1519658392 409 22 80 0 93 49 4 64 57 4 0 0 19 0 3 12 0 0 7 5
1519681980 409 23 80 0 93 49 4 64 57 4 0 0 19 0 3 12 0 0 7 5
1519760518 409 23 80 0 93 49 5 64 57 4 0 0 19 0 3 12 0 0 7 5
1519841351 409 23 80 0 93 49 6 64 57 4 0 0 19 0 3 12 0 0 7 5
1519845147 409 23 80 0 93 49 7 64 57 4 0 0 19 0 3 12 0 0 7 5
1519858506 409 24 80 0 93 49 7 64 57 4 0 0 19 0 3 12 0 0 7 5
1519859685 409 25 80 0 93 49 7 64 57 4 0 0 19 0 3 12 0 0 7 5
1520026715 409 25 80 0 93 49 8 64 57 4 0 0 19 0 3 12 0 0 7 5
1520028483 409 25 80 0 93 50 8 64 57 4 0 0 19 0 3 12 0 0 7 5
1520359738 409 25 80 0 93 50 9 64 57 4 0 0 19 0 3 12 0 0 7 5
1520379345 409 26 80 0 93 50 9 64 57 4 0 0 19 0 3 12 0 0 7 5
1520443308 409 27 80 0 93 50 9 64 57 4 0 0 19 0 3 12 0 0 7 5
1520452426 409 27 80 0 93 50 9 64 57 5 0 0 19 0 3 12 0 0 7 5
1520531356 409 28 80 0 93 50 9 64 57 5 0 0 19 0 3 12 0 0 7 5
1520618801 409 29 80 0 93 50 9 64 57 5 0 0 19 0 3 12 0 0 7 5
1520621676 409 30 80 0 93 50 9 64 57 5 0 0 19 0 3 12 0 0 7 5
1520971592 409 30 80 0 93 51 9 64 57 5 0 0 19 0 3 12 0 0 7 5
1520976269 409 30 80 0 93 51 9 64 57 5 0 0 19 1 3 12 0 0 7 5
1520977052 409 30 80 0 93 52 9 64 57 5 0 0 19 1 3 12 0 0 7 5
1520979358 409 30 80 0 93 53 9 64 57 5 0 0 19 1 3 12 0 0 7 5
1521054763 409 31 80 0 93 53 9 64 57 5 0 0 19 1 3 12 0 0 7 5
1521056729 409 32 80 0 93 53 9 64 57 5 0 0 19 1 3 12 0 0 7 5
1521058388 409 33 80 0 93 53 9 64 57 5 0 0 19 1 3 12 0 0 7 5
1521062667 409 34 80 0 93 53 9 64 57 5 0 0 19 1 3 12 0 0 7 5
1521064746 409 34 80 0 93 54 9 64 57 5 0 0 19 1 3 12 0 0 7 5
1521131369 409 34 80 0 93 54 9 64 57 5 0 0 19 1 3 12 0 1 7 5
1521138967 409 34 80 0 93 54 10 64 57 5 0 0 19 1 3 12 0 1 7 5
1521142996 409 34 80 0 93 55 10 64 57 5 0 0 19 1 3 12 0 1 7 5
1521146697 409 34 80 0 93 55 10 64 57 6 0 0 19 1 3 12 0 1 7 5
1521149287 409 35 80 0 93 55 10 64 57 6 0 0 19 1 3 12 0 1 7 5
1521155938 409 35 80 0 93 56 10 64 57 6 0 0 19 1 3 12 0 1 7 5
1521655824 409 35 80 0 93 57 10 64 57 6 0 0 19 1 3 12 0 1 7 5
1521737348 409 35 80 0 93 57 11 64 57 6 0 0 19 1 3 12 0 1 7 5
1521748280 409 35 80 0 93 57 12 64 57 6 0 0 19 1 3 12 0 1 7 5
1521828891 409 35 80 0 93 57 13 64 57 6 0 0 19 1 3 12 0 1 7 5
1521837629 409 35 80 0 93 58 13 64 57 6 0 0 19 1 3 12 0 1 7 5
1522086687 409 36 80 0 93 58 13 64 57 6 0 0 19 1 3 12 0 1 7 5
1522096163 409 37 80 0 93 58 13 64 57 6 0 0 19 1 3 12 0 1 7 5
1522097040 409 38 80 0 93 58 13 64 57 6 0 0 19 1 3 12 0 1 7 5
1522268893 409 38 80 0 93 58 14 64 57 6 0 0 19 1 3 12 0 1 7 5
1522274383 409 38 80 0 93 59 14 64 57 6 0 0 19 1 3 12 0 1 7 5
1522285585 409 38 80 0 93 60 14 64 57 6 0 0 19 1 3 12 0 1 7 5
1522355091 409 38 80 0 93 61 14 64 57 6 0 0 19 1 3 12 0 1 7 5
1522366020 409 38 80 0 93 62 14 64 57 6 0 0 19 1 3 12 0 1 7 5
1522431325 409 38 80 0 93 62 15 64 57 6 0 0 19 1 3 12 0 1 7 5
1522437454 409 39 80 0 93 62 15 64 57 6 0 0 19 1 3 12 0 1 7 5
1522774870 409 39 80 0 93 63 15 64 57 6 0 0 19 1 3 12 0 1 7 5
1522789816 409 39 80 0 93 64 15 64 57 6 0 0 19 1 3 12 0 1 7 5
1522869011 409 40 80 0 93 64 15 64 57 6 0 0 19 1 3 12 0 1 7 5
1522949955 409 41 80 0 93 64 15 64 57 6 0 0 19 1 3 12 0 1 7 5
1522950828 409 41 80 0 93 65 15 64 57 6 0 0 19 1 3 12 0 1 7 5
1522951104 409 42 80 0 93 65 15 64 57 6 0 0 19 1 3 12 0 1 7 5
1522953176 409 42 80 0 93 65 15 64 57 6 0 0 19 1 4 12 0 1 7 5
1523052104 409 42 80 0 93 65 16 64 57 6 0 0 19 1 4 12 0 1 7 5
1523301969 409 42 80 0 93 66 16 64 57 6 0 0 19 1 4 12 0 1 7 5
1523305159 409 42 80 0 93 67 16 64 57 6 0 0 19 1 4 12 0 1 7 5
1523307237 409 43 80 0 93 67 16 64 57 6 0 0 19 1 4 12 0 1 7 5
1523309757 409 44 80 0 93 67 16 64 57 6 0 0 19 1 4 12 0 1 7 5
1523313686 409 44 80 0 93 68 16 64 57 6 0 0 19 1 4 12 0 1 7 5
1523370899 409 44 80 0 93 69 16 64 57 6 0 0 19 1 4 12 0 1 7 5
1523478976 409 45 80 0 93 69 16 64 57 6 0 0 19 1 4 12 0 1 7 5
1523481854 409 45 80 0 93 69 16 64 57 7 0 0 19 1 4 12 0 1 7 5
1523481965 409 45 80 0 93 70 16 64 57 7 0 0 19 1 4 12 0 1 7 5
1523482453 409 45 80 0 93 70 16 64 57 8 0 0 19 1 4 12 0 1 7 5
1523593414 409 45 80 0 93 71 16 64 57 8 0 0 19 1 4 12 0 1 7 5
1523642538 409 45 80 0 93 71 17 64 57 8 0 0 19 1 4 12 0 1 7 5
1523643407 409 45 80 0 93 72 17 64 57 8 0 0 19 1 4 12 0 1 7 5
1523650819 409 45 80 0 93 73 17 64 57 8 0 0 19 1 4 12 0 1 7 5
1524077241 409 45 80 0 93 73 18 64 57 8 0 0 19 1 4 12 0 1 7 5
1524086156 409 45 80 0 93 74 18 64 57 8 0 0 19 1 4 12 0 1 7 5
1524149302 409 45 80 0 93 74 19 64 57 8 0 0 19 1 4 12 0 1 7 5
1524677523 409 46 80 0 93 74 19 64 57 8 0 0 19 1 4 12 0 1 7 5
1524753425 409 46 80 0 93 75 19 64 57 8 0 0 19 1 4 12 0 1 7 5
1524764271 409 46 80 0 93 75 19 64 57 8 0 0 19 1 4 12 1 1 7 5
1524770041 409 47 80 0 93 75 19 64 57 8 0 0 19 1 4 12 1 1 7 5
1524848764 409 48 80 0 93 75 19 64 57 8 0 0 19 1 4 12 1 1 7 5
1524849292 409 48 80 0 93 75 20 64 57 8 0 0 19 1 4 12 1 1 7 5
1525127971 409 48 80 0 93 75 21 64 57 8 0 0 19 1 4 12 1 1 7 5
1525194479 409 48 80 0 93 76 21 64 57 8 0 0 19 1 4 12 1 1 7 5
1525196472 409 49 80 0 93 76 21 64 57 8 0 0 19 1 4 12 1 1 7 5
1525200072 409 49 80 0 93 76 22 64 57 8 0 0 19 1 4 12 1 1 7 5
1525206275 409 50 80 0 93 76 22 64 57 8 0 0 19 1 4 12 1 1 7 5
1525296232 409 50 80 0 93 76 23 64 57 8 0 0 19 1 4 12 1 1 7 5
1525299007 409 51 80 0 93 76 23 64 57 8 0 0 19 1 4 12 1 1 7 5
1525300483 409 51 80 0 93 76 24 64 57 8 0 0 19 1 4 12 1 1 7 5
1525368155 409 51 81 0 93 76 24 64 57 8 0 0 19 1 4 12 1 1 7 5
1525727316 409 52 81 0 93 76 24 64 57 8 0 0 19 1 4 12 1 1 7 5
1525798732 409 53 81 0 93 76 24 64 57 8 0 0 19 1 4 12 1 1 7 5
1525801928 409 53 81 0 93 76 25 64 57 8 0 0 19 1 4 12 1 1 7 5
1525817812 409 53 81 0 93 76 26 64 57 8 0 0 19 1 4 12 1 1 7 5
1525819501 409 53 81 0 93 76 27 64 57 8 0 0 19 1 4 12 1 1 7 5
1525891351 409 53 81 0 93 76 27 64 57 8 0 0 19 1 5 12 1 1 7 5
1526399210 409 54 81 0 93 76 27 64 57 8 0 0 19 1 5 12 1 1 7 5
1526406787 409 55 81 0 93 76 27 64 57 8 0 0 19 1 5 12 1 1 7 5
1526484771 409 56 81 0 93 76 27 64 57 8 0 0 19 1 5 12 1 1 7 5
1526496237 409 57 81 0 93 76 27 64 57 8 0 0 19 1 5 12 1 1 7 5
1526505630 409 58 81 0 93 76 27 64 57 8 0 0 19 1 5 12 1 1 7 5
1526658705 409 59 81 0 93 76 27 64 57 8 0 0 19 1 5 12 1 1 7 5
1527094537 409 59 81 0 93 76 27 64 57 8 0 0 19 1 6 12 1 1 7 5
1527279016 409 59 81 0 93 76 27 64 57 9 0 0 19 1 6 12 1 1 7 5
1527779667 409 59 81 0 93 76 28 64 57 9 0 0 19 1 6 12 1 1 7 5
1527787705 409 60 81 0 93 76 28 64 57 9 0 0 19 1 6 12 1 1 7 5
1527788273 409 60 81 0 93 76 29 64 57 9 0 0 19 1 6 12 1 1 7 5
1528124798 409 61 81 0 93 76 29 64 57 9 0 0 19 1 6 12 1 1 7 5
1528137935 409 62 81 0 93 76 29 64 57 9 0 0 19 1 6 12 1 1 7 5
1528211515 409 62 81 0 93 76 30 64 57 9 0 0 19 1 6 12 1 1 7 5
1528214075 409 63 81 0 93 76 30 64 57 9 0 0 19 1 6 12 1 1 7 5
1528232972 409 64 81 0 93 76 30 64 57 9 0 0 19 1 6 12 1 1 7 5
1528322188 409 64 81 0 93 76 30 64 57 9 0 0 19 2 6 12 1 1 7 5
1528403909 409 65 81 0 93 76 30 64 57 9 0 0 19 2 6 12 1 1 7 5
1528404476 409 65 82 0 93 76 30 64 57 9 0 0 19 2 6 12 1 1 7 5
1528735507 409 65 82 0 93 76 30 64 57 10 0 0 19 2 6 12 1 1 7 5
1528924411 409 66 82 0 93 76 30 64 57 10 0 0 19 2 6 12 1 1 7 5
1528947285 409 66 82 0 93 76 31 64 57 10 0 0 19 2 6 12 1 1 7 5
1529102119 409 67 82 0 93 76 31 64 57 10 0 0 19 2 6 12 1 1 7 5
1529104104 409 68 82 0 93 76 31 64 57 10 0 0 19 2 6 12 1 1 7 5
1529343323 409 68 83 0 93 76 31 64 57 10 0 0 19 2 6 12 1 1 7 5
1529345121 409 68 84 0 93 76 31 64 57 10 0 0 19 2 6 12 1 1 7 5
1529358356 409 69 84 0 93 76 31 64 57 10 0 0 19 2 6 12 1 1 7 5
1529418079 409 69 84 0 93 76 32 64 57 10 0 0 19 2 6 12 1 1 7 5
1529552779 409 69 84 0 93 76 32 64 57 10 0 0 19 2 7 12 1 1 7 5
1529939197 409 70 84 0 93 76 32 64 57 10 0 0 19 2 7 12 1 1 7 5
1530045626 409 70 84 0 93 76 33 64 57 10 0 0 19 2 7 12 1 1 7 5
1530125619 409 71 84 0 93 76 33 64 57 10 0 0 19 2 7 12 1 1 7 5
1530137138 409 71 84 0 93 76 34 64 57 10 0 0 19 2 7 12 1 1 7 5
1530198814 409 71 84 0 93 76 35 64 57 10 0 0 19 2 7 12 1 1 7 5
1530206037 409 71 84 1 93 76 35 64 57 10 0 0 19 2 7 12 1 1 7 5
1530208705 409 71 84 1 93 76 36 64 57 10 0 0 19 2 7 12 1 1 7 5
1530217140 409 71 84 1 93 76 36 64 57 10 0 0 19 2 7 12 1 1 7 5
1530571207 409 71 84 1 93 76 36 64 57 10 0 0 19 2 7 12 2 1 7 5
1530572086 409 71 84 1 93 76 36 64 57 10 0 0 19 2 7 12 3 1 7 5
1530789116 409 71 85 1 93 76 36 64 57 10 0 0 19 2 7 12 3 1 7 5
1531333742 409 71 85 1 93 76 37 64 57 10 0 0 19 2 7 12 3 1 7 5
1531416110 409 71 85 1 93 76 38 64 57 10 0 0 19 2 7 12 3 1 7 5
1531434429 409 71 85 1 93 76 38 64 58 10 0 0 19 2 7 12 3 1 7 5
1531772727 409 72 85 1 93 76 38 64 58 10 0 0 19 2 7 12 3 1 7 5
1531772798 409 73 85 1 93 76 38 64 58 10 0 0 19 2 7 12 3 1 7 5
1531772866 409 74 85 1 93 76 38 64 58 10 0 0 19 2 7 12 3 1 7 5
1531772932 409 75 85 1 93 76 38 64 58 10 0 0 19 2 7 12 3 1 7 5
1531774848 409 76 85 1 93 76 38 64 58 10 0 0 19 2 7 12 3 1 7 5
1531837453 409 77 85 1 93 76 38 64 58 10 0 0 19 2 7 12 3 1 7 5
1531862307 409 78 85 1 93 76 38 64 58 10 0 0 19 2 7 12 3 1 7 5
1531862641 409 78 85 2 93 76 38 64 58 10 0 0 19 2 7 12 3 1 7 5
1531946886 409 78 85 2 93 76 39 64 58 10 0 0 19 2 7 12 3 1 7 5
1532010719 409 78 85 2 93 76 40 64 58 10 0 0 19 2 7 12 3 1 7 5
1532025503 409 78 85 3 93 76 40 64 58 10 0 0 19 2 7 12 3 1 7 5
1532456284 409 79 85 3 93 76 40 64 58 10 0 0 19 2 7 12 3 1 7 5
1532536081 409 79 85 3 93 76 40 64 59 10 0 0 19 2 7 12 3 1 7 5
1532632998 409 79 85 4 93 76 40 64 59 10 0 0 19 2 7 12 3 1 7 5
1532707632 409 79 85 5 93 76 40 64 59 10 0 0 19 2 7 12 3 1 7 5
1532725215 409 79 85 6 93 76 40 64 59 10 0 0 19 2 7 12 3 1 7 5
1532725673 409 79 85 7 93 76 40 64 59 10 0 0 19 2 7 12 3 1 7 5
1532978590 409 80 85 7 93 76 40 64 59 10 0 0 19 2 7 12 3 1 7 5
1533145977 409 80 85 8 93 76 40 64 59 10 0 0 19 2 7 12 3 1 7 5
1533146357 409 80 85 8 93 76 40 64 59 10 0 0 19 2 8 12 3 1 7 5
1533231120 409 80 85 9 93 76 40 64 59 10 0 0 19 2 8 12 3 1 7 5
1533249120 409 80 86 9 93 76 40 64 59 10 0 0 19 2 8 12 3 1 7 5
1533660636 409 80 87 9 93 76 40 64 59 10 0 0 19 2 8 12 3 1 7 5
1533664397 409 81 87 9 93 76 40 64 59 10 0 0 19 2 8 12 3 1 7 5
1533764094 409 81 87 10 93 76 40 64 59 10 0 0 19 2 8 12 3 1 7 5
1533765034 409 81 87 11 93 76 40 64 59 10 0 0 19 2 8 12 3 1 7 5
1533768429 409 82 87 11 93 76 40 64 59 10 0 0 19 2 8 12 3 1 7 5
1533773600 409 82 87 11 93 76 40 64 59 10 0 0 19 3 8 12 3 1 7 5
1533846011 409 82 87 11 93 76 40 64 59 11 0 0 19 3 8 12 3 1 7 5
1533932574 409 83 87 11 93 76 40 64 59 11 0 0 19 3 8 12 3 1 7 5
1534353157 409 83 88 11 93 76 40 64 59 11 0 0 19 3 8 12 3 1 7 5
1534370323 409 83 88 11 93 76 41 64 59 11 0 0 19 3 8 12 3 1 7 5
1534370649 409 83 88 11 93 76 42 64 59 11 0 0 19 3 8 12 3 1 7 5
1534860800 409 83 88 12 93 76 42 64 59 11 0 0 19 3 8 12 3 1 7 5
1534975574 409 84 88 12 93 76 42 64 59 11 0 0 19 3 8 12 3 1 7 5
1534975878 409 85 88 12 93 76 42 64 59 11 0 0 19 3 8 12 3 1 7 5
1535034503 409 86 88 12 93 76 42 64 59 11 0 0 19 3 8 12 3 1 7 5
1535129214 409 87 88 12 93 76 42 64 59 11 0 0 19 3 8 12 3 1 7 5
1535134177 409 88 88 12 93 76 42 64 59 11 0 0 19 3 8 12 3 1 7 5
1535138556 409 88 88 12 93 76 42 64 59 12 0 0 19 3 8 12 3 1 7 5
1535145496 409 89 88 12 93 76 42 64 59 12 0 0 19 3 8 12 3 1 7 5
1535353400 409 89 88 12 93 76 42 64 59 12 0 0 19 3 8 12 3 1 7 5
1535390012 409 89 88 12 93 76 42 64 59 12 0 0 19 4 8 12 3 1 7 5
1535573919 409 89 88 13 93 76 42 64 59 12 0 0 19 4 8 12 3 1 7 5
1535728753 409 89 88 13 93 76 42 64 59 13 0 0 19 4 8 12 3 1 7 5
1535744060 409 90 88 13 93 76 42 64 59 13 0 0 19 4 8 12 3 1 7 5
1536073871 409 91 88 13 93 76 42 64 59 13 0 0 19 4 8 12 3 1 7 5
1536084494 409 91 88 13 93 76 42 64 59 13 0 0 19 5 8 12 3 1 7 5
1536086875 409 91 88 14 93 76 42 64 59 13 0 0 19 5 8 12 3 1 7 5
1536173361 409 91 88 14 93 76 42 64 59 13 0 0 19 5 9 12 3 1 7 5
1536619676 409 91 88 14 93 76 42 64 59 13 0 0 19 5 9 12 4 1 7 5
1536778160 409 91 88 15 93 76 42 64 59 13 0 0 19 5 9 12 4 1 7 5
1536858042 409 91 88 16 93 76 42 64 59 13 0 0 19 5 9 12 4 1 7 5
1536858310 409 91 88 16 93 76 43 64 59 13 0 0 19 5 9 12 4 1 7 5
1536870999 409 92 88 16 93 76 43 64 59 13 0 0 19 5 9 12 4 1 7 5
1536957774 409 92 88 17 93 76 43 64 59 13 0 0 19 5 9 12 4 1 7 5
1537363330 409 92 88 17 93 76 43 64 59 13 0 0 19 6 9 12 4 1 7 5
1537445621 409 92 88 17 93 76 44 64 59 13 0 0 19 6 9 12 4 1 7 5
1537517836 409 93 88 17 93 76 44 64 59 13 0 0 19 6 9 12 4 1 7 5
1537522447 409 93 88 17 93 76 45 64 59 13 0 0 19 6 9 12 4 1 7 5
1538432096 409 93 88 17 93 76 46 64 59 13 0 0 19 6 9 12 4 1 7 5
1538662467 409 93 88 18 93 76 46 64 59 13 0 0 19 6 9 12 4 1 7 5
1538676022 409 94 88 18 93 76 46 64 59 13 0 0 19 6 9 12 4 1 7 5
1539267996 409 94 88 19 93 76 46 64 59 13 0 0 19 6 9 12 4 1 7 5
1539278107 409 95 88 19 93 76 46 64 59 13 0 0 19 6 9 12 4 1 7 5
1539279123 409 95 89 19 93 76 46 64 59 13 0 0 19 6 9 12 4 1 7 5
1539295551 409 96 89 19 93 76 46 64 59 13 0 0 19 6 9 12 4 1 7 5
1539624447 409 96 89 19 93 76 47 64 59 13 0 0 19 6 9 12 4 1 7 5
1539701362 409 97 89 19 93 76 47 64 59 13 0 0 19 6 9 12 4 1 7 5
1539809732 409 97 89 20 93 76 47 64 59 13 0 0 19 6 9 12 4 1 7 5
1539883224 409 97 89 20 93 76 48 64 59 13 0 0 19 6 9 12 4 1 7 5
1539884594 409 97 89 20 93 76 49 64 59 13 0 0 19 6 9 12 4 1 7 5
1539897939 409 97 89 21 93 76 49 64 59 13 0 0 19 6 9 12 4 1 7 5
1539937424 409 97 89 21 93 76 49 64 59 13 0 0 19 6 9 12 4 1 7 5
1540402402 409 98 89 21 93 76 49 64 59 13 0 0 19 6 9 12 4 1 7 5
1540406538 409 98 89 21 93 76 49 64 59 13 0 0 19 7 9 12 4 1 7 5
1540827530 409 99 89 21 93 76 49 64 59 13 0 0 19 7 9 12 4 1 7 5
1540848471 409 99 89 22 93 76 49 64 59 13 0 0 19 7 9 12 4 1 7 5
1540849281 409 99 89 23 93 76 49 64 59 13 0 0 19 7 9 12 4 1 7 5
1541028310 409 100 89 23 93 76 49 64 59 13 0 0 19 7 9 12 4 1 7 5
1541100929 409 101 89 23 93 76 49 64 59 13 0 0 19 7 9 12 4 1 7 5
1541172094 409 101 89 23 93 76 50 64 59 13 0 0 19 7 9 12 4 1 7 5
1541208952 409 101 89 23 93 76 51 64 59 13 0 0 19 7 9 12 4 1 7 5
1541521839 409 101 89 23 93 76 52 64 59 13 0 0 19 7 9 12 4 1 7 5
1542132325 409 101 90 23 93 76 52 64 59 13 0 0 19 7 9 12 4 1 7 5
1542150868 409 102 90 23 93 76 52 64 59 13 0 0 19 7 9 12 4 1 7 5
1542298606 409 103 90 23 93 76 52 64 59 13 0 0 19 7 9 12 4 1 7 5
1542317468 409 103 90 23 93 76 52 64 59 14 0 0 19 7 9 12 4 1 7 5
1542318306 409 103 90 24 93 76 52 64 59 14 0 0 19 7 9 12 4 1 7 5
1542754687 409 103 90 24 93 76 53 64 59 14 0 0 19 7 9 12 4 1 7 5
1542813991 409 103 90 25 93 76 53 64 59 14 0 0 19 7 9 12 4 1 7 5
1542821806 409 103 90 25 93 76 54 64 59 14 0 0 19 7 9 12 4 1 7 5
1543262325 409 103 90 25 93 76 55 64 59 14 0 0 19 7 9 12 4 1 7 5
1543347675 409 103 90 25 93 76 55 64 59 14 0 0 19 8 9 12 4 1 7 5
1543498447 409 103 91 25 93 76 55 64 59 14 0 0 19 8 9 12 4 1 7 5
1543515324 409 104 91 25 93 76 55 64 59 14 0 0 19 8 9 12 4 1 7 5
1543593024 409 105 91 25 93 76 55 64 59 14 0 0 19 8 9 12 4 1 7 5
1543593333 409 105 91 25 93 76 55 64 59 15 0 0 19 8 9 12 4 1 7 5
1543608202 409 105 91 25 93 76 56 64 59 15 0 0 19 8 9 12 4 1 7 5
1543622541 409 105 91 25 93 76 56 64 59 15 0 0 19 9 9 12 4 1 7 5
1544192697 409 105 91 25 93 76 57 64 59 15 0 0 19 9 9 12 4 1 7 5
1544463267 409 105 91 25 93 76 58 64 59 15 0 0 19 9 9 12 4 1 7 5
1544466789 409 105 91 25 93 76 59 64 59 15 0 0 19 9 9 12 4 1 7 5
1544469811 409 105 91 25 93 76 59 64 59 16 0 0 19 9 9 12 4 1 7 5
1544640110 409 105 91 25 93 76 60 64 59 16 0 0 19 9 9 12 4 1 7 5
1544727229 409 105 91 25 93 76 60 64 59 17 0 0 19 9 9 12 4 1 7 5
1544741305 409 105 91 25 93 76 60 64 59 17 0 0 19 10 9 12 4 1 7 5
1544810276 409 105 91 25 93 76 60 64 59 18 0 0 19 10 9 12 4 1 7 5
1545070253 409 105 91 25 93 76 60 64 59 19 0 0 19 10 9 12 4 1 7 5
1545234976 409 105 91 26 93 76 60 64 59 19 0 0 19 10 9 12 4 1 7 5
1545245779 409 105 91 27 93 76 60 64 59 19 0 0 19 10 9 12 4 1 7 5
1546442881 409 105 92 27 93 76 60 64 59 19 0 0 19 10 9 12 4 1 7 5
1546461859 409 105 92 27 93 76 60 64 59 19 0 0 19 11 9 12 4 1 7 5
1546463697 409 105 92 27 93 76 61 64 59 19 0 0 19 11 9 12 4 1 7 5
1546969074 409 105 92 27 93 76 61 64 59 20 0 0 19 11 9 12 4 1 7 5
1547077430 409 105 92 27 93 76 61 64 59 20 0 0 19 11 9 12 4 1 7 5
1547156054 409 105 92 27 93 76 61 64 59 21 0 0 19 11 9 12 4 1 7 5
1547161507 409 105 92 28 93 76 61 64 59 21 0 0 19 11 9 12 4 1 7 5
1547165467 409 105 92 28 93 76 62 64 59 21 0 0 19 11 9 12 4 1 7 5
1547248877 409 105 92 28 93 76 63 64 59 21 0 0 19 11 9 12 4 1 7 5
1547489390 409 105 92 28 93 76 63 64 59 21 0 0 19 11 9 12 4 2 7 5
1547670223 409 105 92 28 93 76 63 64 59 22 0 0 19 11 9 12 4 2 7 5
1547743788 409 105 92 28 93 76 63 64 59 22 0 0 19 11 9 12 4 2 7 5
1547744947 409 105 92 28 93 76 64 64 59 22 0 0 19 11 9 12 4 2 7 5
1547752378 409 105 92 28 93 76 64 64 59 23 0 0 19 11 9 12 4 2 7 5
1547760005 409 106 92 28 93 76 64 64 59 23 0 0 19 11 9 12 4 2 7 5
1547770463 409 106 92 28 93 76 65 64 59 23 0 0 19 11 9 12 4 2 7 5
1547825441 409 106 93 28 93 76 65 64 59 23 0 0 19 11 9 12 4 2 7 5
1547847502 409 106 93 28 93 76 66 64 59 23 0 0 19 11 9 12 4 2 7 5
1548276368 409 107 93 28 93 76 66 64 59 23 0 0 19 11 9 12 4 2 7 5
1548953177 409 107 93 29 93 76 66 64 59 23 0 0 19 11 9 12 4 2 7 5
1548956661 409 107 93 29 93 76 67 64 59 23 0 0 19 11 9 12 4 2 7 5
1549027632 409 107 93 29 93 76 67 64 59 23 0 0 19 11 9 12 4 2 7 5
1549393443 409 107 93 30 93 76 67 64 59 23 0 0 19 11 9 12 4 2 7 5
1549471025 409 107 93 31 93 76 67 64 59 23 0 0 19 11 9 12 4 2 7 5
1549491162 409 107 93 32 93 76 67 64 59 23 0 0 19 11 9 12 4 2 7 5
1549561664 409 107 93 32 93 76 68 64 59 23 0 0 19 11 9 12 4 2 7 5
1549989355 409 107 93 32 93 76 69 64 59 23 0 0 19 11 9 12 4 2 7 5
1549989654 409 107 93 32 93 76 69 64 59 23 0 0 19 11 9 12 4 2 7 5
1549993987 409 107 93 33 93 76 69 64 59 23 0 0 19 11 9 12 4 2 7 5
1549997151 409 107 93 34 93 76 69 64 59 23 0 0 19 11 9 12 4 2 7 5
1550001251 409 108 93 34 93 76 69 64 59 23 0 0 19 11 9 12 4 2 7 5
1550003481 409 109 93 34 93 76 69 64 59 23 0 0 19 11 9 12 4 2 7 5
1550097845 409 109 93 34 93 76 69 64 59 23 0 0 19 12 9 12 4 2 7 5
1550676694 409 109 93 34 93 76 69 64 59 23 0 0 19 12 9 12 4 3 7 5
1550686810 409 109 94 34 93 76 69 64 59 23 0 0 19 12 9 12 4 3 7 5
1550691524 409 110 94 34 93 76 69 64 59 23 0 0 19 12 9 12 4 3 7 5
1550692393 409 111 94 34 93 76 69 64 59 23 0 0 19 12 9 12 4 3 7 5
1550765460 409 111 94 35 93 76 69 64 59 23 0 0 19 12 9 12 4 3 7 5
1550768700 409 111 95 35 93 76 69 64 59 23 0 0 19 12 9 12 4 3 7 5
1550774777 409 111 95 36 93 76 69 64 59 23 0 0 19 12 9 12 4 3 7 5
1550850975 409 111 95 36 93 76 69 64 59 23 1 0 19 12 9 12 4 3 7 5
1550861560 409 111 95 36 93 76 70 64 59 23 1 0 19 12 9 12 4 3 7 5
1551133438 409 111 95 37 93 76 70 64 59 23 1 0 19 12 9 12 4 3 7 5
1551139345 409 112 95 37 93 76 70 64 59 23 1 0 19 12 9 12 4 3 7 5
1551207102 409 112 95 37 93 76 70 64 59 24 1 0 19 12 9 12 4 3 7 5
1551286974 409 112 95 37 93 76 71 64 59 24 1 0 19 12 9 12 4 3 7 5
1551288806 409 112 95 38 93 76 71 64 59 24 1 0 19 12 9 12 4 3 7 5
1551309613 409 112 95 38 93 76 72 64 59 24 1 0 19 12 9 12 4 3 7 5
1551320611 409 112 96 38 93 76 72 64 59 24 1 0 19 12 9 12 4 3 7 5
1551374264 409 112 96 39 93 76 72 64 59 24 1 0 19 12 9 12 4 3 7 5
1551382051 409 112 96 39 93 76 73 64 59 24 1 0 19 12 9 12 4 3 7 5
1551388473 409 112 96 39 93 76 73 64 59 25 1 0 19 12 9 12 4 3 7 5
1551468850 409 112 96 39 93 76 74 64 59 25 1 0 19 12 9 12 4 3 7 5
1551476603 409 112 96 39 93 76 75 64 59 25 1 0 19 12 9 12 4 3 7 5
1551821435 409 112 96 39 93 76 75 64 59 26 1 0 19 12 9 12 4 3 7 5
1551982819 409 113 96 39 93 76 75 64 59 26 1 0 19 12 9 12 4 3 7 5
1551994719 409 113 96 40 93 76 75 64 59 26 1 0 19 12 9 12 4 3 7 5
1552062891 409 113 96 41 93 76 75 64 59 26 1 0 19 12 9 12 4 3 7 5
1552514847 409 114 96 41 93 76 75 64 59 26 1 0 19 12 9 12 4 3 7 5
1552586764 409 115 96 41 93 76 75 64 59 26 1 0 19 12 9 12 4 3 7 5
1552926577 409 115 97 41 93 76 75 64 59 26 1 0 19 12 9 12 4 3 7 5
1553197817 409 116 97 41 93 76 75 64 59 26 1 0 19 12 9 12 4 3 7 5
1554216199 409 116 97 41 93 76 75 64 59 27 1 0 19 12 9 12 4 3 7 5
1554221801 409 117 97 41 93 76 75 64 59 27 1 0 19 12 9 12 4 3 7 5
1554222072 409 117 97 41 93 76 75 64 59 27 1 0 19 12 9 12 4 3 7 5
1554231161 409 118 97 41 93 76 75 64 59 27 1 0 19 12 9 12 4 3 7 5
1554306264 409 118 97 42 93 76 75 64 59 27 1 0 19 12 9 12 4 3 7 5
1554320575 409 118 97 43 93 76 75 64 59 27 1 0 19 12 9 12 4 3 7 5
1554325219 409 118 97 44 93 76 75 64 59 27 1 0 19 12 9 12 4 3 7 5
1554916070 409 119 97 44 93 76 75 64 59 27 1 0 19 12 9 12 4 3 7 5
1554924975 409 120 97 44 93 76 75 64 59 27 1 0 19 12 9 12 4 3 7 5
1554998445 409 121 97 44 93 76 75 64 59 27 1 0 19 12 9 12 4 3 7 5
1555002159 409 121 97 44 93 76 75 64 59 27 1 0 19 13 9 12 4 3 7 5
1555079475 409 121 97 45 93 76 75 64 59 27 1 0 19 13 9 12 4 3 7 5
1555082280 409 122 97 45 93 76 75 64 59 27 1 0 19 13 9 12 4 3 7 5
1555093814 409 123 97 45 93 76 75 64 59 27 1 0 19 13 9 12 4 3 7 5
1555446919 409 124 97 45 93 76 75 64 59 27 1 0 19 13 9 12 4 3 7 5
1555541319 409 125 97 45 93 76 75 64 59 27 1 0 19 13 9 12 4 3 7 5
1555962419 409 126 97 45 93 76 75 64 59 27 1 0 19 13 9 12 4 3 7 5
1556022084 409 126 98 45 93 76 75 64 59 27 1 0 19 13 9 12 4 3 7 5
1556025445 409 126 99 45 93 76 75 64 59 27 1 0 19 13 9 12 4 3 7 5
1556208459 409 126 99 45 93 76 75 64 59 27 1 0 19 13 10 12 4 3 7 5
1556234740 409 127 99 45 93 76 75 64 59 27 1 0 19 13 10 12 4 3 7 5
1556293292 409 128 99 45 93 76 75 64 59 27 1 0 19 13 10 12 4 3 7 5
1556634297 409 128 99 45 93 76 75 64 59 28 1 0 19 13 10 12 4 3 7 5
1556637679 409 128 99 46 93 76 75 64 59 28 1 0 19 13 10 12 4 3 7 5
1556740700 409 128 99 47 93 76 75 64 59 28 1 0 19 13 10 12 4 3 7 5
1557416010 409 128 99 47 93 76 75 64 59 28 1 0 19 13 10 12 4 3 7 5
1557431959 409 128 100 47 93 76 75 64 59 28 1 0 19 13 10 12 4 3 7 5
1558101553 409 129 100 47 93 76 75 64 59 28 1 0 19 13 10 12 4 3 7 5
1558633573 409 129 100 48 93 76 75 64 59 28 1 0 19 13 10 12 4 3 7 5
1559202001 409 129 100 48 93 76 75 64 59 28 1 0 19 13 10 12 4 3 7 5
1559666123 409 129 100 48 93 76 75 64 59 28 1 0 19 13 10 12 4 3 7 5
1559771440 409 130 100 48 93 76 75 64 59 28 1 0 19 13 10 12 4 3 7 5
1559840635 409 130 100 48 93 76 75 64 59 28 1 0 19 14 10 12 4 3 7 5
1559851611 409 130 100 48 93 76 75 64 59 28 1 0 19 15 10 12 4 3 7 5
1559931970 409 131 100 48 93 76 75 64 59 28 1 0 19 15 10 12 4 3 7 5
1560198305 409 131 101 48 93 76 75 64 59 28 1 0 19 15 10 12 4 3 7 5
1560531495 409 131 101 48 93 76 75 64 59 28 1 0 19 15 10 12 5 3 7 5
1560781874 409 131 102 48 93 76 75 64 59 28 1 0 19 15 10 12 5 3 7 5
1560893646 409 132 102 48 93 76 75 64 59 28 1 0 19 15 10 12 5 3 7 5
1561138567 409 133 102 48 93 76 75 64 59 28 1 0 19 15 10 12 5 3 7 5
1561390418 409 134 102 48 93 76 75 64 59 28 1 0 19 15 10 12 5 3 7 5
1561394575 409 135 102 48 93 76 75 64 59 28 1 0 19 15 10 12 5 3 7 5
1561404410 409 135 102 48 93 76 75 64 59 28 1 0 19 15 10 12 5 4 7 5
1561564062 409 135 102 49 93 76 75 64 59 28 1 0 19 15 10 12 5 4 7 5
1561569031 409 135 102 50 93 76 75 64 59 28 1 0 19 15 10 12 5 4 7 5
1562789022 409 136 102 50 93 76 75 64 59 28 1 0 19 15 10 12 5 4 7 5
1563400649 409 136 102 50 93 76 75 64 59 28 1 0 19 15 10 12 6 4 7 5
1563998064 409 137 102 50 93 76 75 64 59 28 1 0 19 15 10 12 6 4 7 5
1564000614 409 137 102 50 93 76 75 64 59 28 1 0 19 15 11 12 6 4 7 5
1564173561 409 137 103 50 93 76 75 64 59 28 1 0 19 15 11 12 6 4 7 5
1564687469 409 137 103 51 93 76 75 64 59 28 1 0 19 15 11 12 6 4 7 5
1564698416 409 137 103 52 93 76 75 64 59 28 1 0 19 15 11 12 6 4 7 5
1565127149 409 137 103 53 93 76 75 64 59 28 1 0 19 15 11 12 6 4 7 5
1565194273 409 137 103 54 93 76 75 64 59 28 1 0 19 15 11 12 6 4 7 5
1565286792 409 137 103 55 93 76 75 64 59 28 1 0 19 15 11 12 6 4 7 5
1565732524 409 137 103 55 93 76 75 64 59 28 1 0 19 15 11 12 7 4 7 5
1565800532 409 138 103 55 93 76 75 64 59 28 1 0 19 15 11 12 7 4 7 5
1565806311 409 138 103 56 93 76 75 64 59 28 1 0 19 15 11 12 7 4 7 5
1565899897 409 138 103 56 93 76 75 64 59 29 1 0 19 15 11 12 7 4 7 5
1565965508 409 138 104 56 93 76 75 64 59 29 1 0 19 15 11 12 7 4 7 5
1566229973 409 138 104 56 93 76 75 64 59 30 1 0 19 15 11 12 7 4 7 5
1566328745 409 138 104 56 93 76 75 64 59 31 1 0 19 15 11 12 7 4 7 5
1566401636 409 139 104 56 93 76 75 64 59 31 1 0 19 15 11 12 7 4 7 5
1566500023 409 139 104 57 93 76 75 64 59 31 1 0 19 15 11 12 7 4 7 5
1566504852 409 139 104 57 93 76 75 64 59 31 1 0 19 16 11 12 7 4 7 5
1566514469 409 139 104 58 93 76 75 64 59 31 1 0 19 16 11 12 7 4 7 5
1566950812 409 139 105 58 93 76 75 64 59 31 1 0 19 16 11 12 7 4 7 5
1567012450 409 139 105 58 93 76 75 64 59 31 1 0 19 16 12 12 7 4 7 5
1567534397 409 139 106 58 93 76 75 64 59 31 1 0 19 16 12 12 7 4 7 5
1567626519 409 139 106 59 93 76 75 64 59 31 1 0 19 16 12 12 7 4 7 5
1567627424 409 140 106 59 93 76 75 64 59 31 1 0 19 16 12 12 7 4 7 5
1567632842 409 141 106 59 93 76 75 64 59 31 1 0 19 16 12 12 7 4 7 5
1567692148 409 142 106 59 93 76 75 64 59 31 1 0 19 16 12 12 7 4 7 5
1567708582 409 142 106 60 93 76 75 64 59 31 1 0 19 16 12 12 7 4 7 5
1568308619 409 142 106 61 93 76 75 64 59 31 1 0 19 16 12 12 7 4 7 5
1568310148 409 142 106 62 93 76 75 64 59 31 1 0 19 16 12 12 7 4 7 5
1568672406 409 143 106 62 93 76 75 64 59 31 1 0 19 16 12 12 7 4 7 5
1568820696 409 143 106 63 93 76 75 64 59 31 1 0 19 16 12 12 7 4 7 5
1568823842 409 144 106 63 93 76 75 64 59 31 1 0 19 16 12 12 7 4 7 5
1568838838 409 144 106 64 93 76 75 64 59 31 1 0 19 16 12 12 7 4 7 5
1569361193 409 145 106 64 93 76 75 64 59 31 1 0 19 16 12 12 7 4 7 5
1569436018 409 145 106 65 93 76 75 64 59 31 1 0 19 16 12 12 7 4 7 5
1570051380 409 146 106 65 93 76 75 64 59 31 1 0 19 16 12 12 7 4 7 5
1570557407 409 146 107 65 93 76 75 64 59 31 1 0 19 16 12 12 7 4 7 5
1570644416 409 146 107 66 93 76 75 64 59 31 1 0 19 16 12 12 7 4 7 5
1570652787 409 146 107 67 93 76 75 64 59 31 1 0 19 16 12 12 7 4 7 5
1570718709 409 147 107 67 93 76 75 64 59 31 1 0 19 16 12 12 7 4 7 5
1571149268 409 147 107 67 93 76 75 64 59 31 2 0 19 16 12 12 7 4 7 5
1571326659 409 147 107 68 93 76 75 64 59 31 2 0 19 16 12 12 7 4 7 5
1571332658 409 147 107 69 93 76 75 64 59 31 2 0 19 16 12 12 7 4 7 5
1571855643 409 147 107 69 93 76 75 64 59 31 2 0 19 17 12 12 7 4 7 5
1572303973 409 147 108 69 93 76 75 64 59 31 2 0 19 17 12 12 7 4 7 5
1573476984 409 147 109 69 93 76 75 64 59 31 2 0 19 17 12 12 7 4 7 5
1575312854 409 147 109 70 93 76 75 64 59 31 2 0 19 17 12 12 7 4 7 5
1575546000 409 147 110 70 93 76 75 64 59 31 2 0 19 17 12 12 7 4 7 5
1575583939 409 147 110 71 93 76 75 64 59 31 2 0 19 17 12 12 7 4 7 5
1575926347 409 148 110 71 93 76 75 64 59 31 2 0 19 17 12 12 7 4 7 5
1576109181 409 149 110 71 93 76 75 64 59 31 2 0 19 17 12 12 7 4 7 5
1577742473 409 150 110 71 93 76 75 64 59 31 2 0 19 17 12 12 7 4 7 5
1578329666 409 150 110 71 93 76 75 64 59 31 2 0 19 17 12 12 7 4 7 5
1578336462 409 150 110 71 93 76 75 64 59 31 2 0 19 17 12 12 7 4 7 5
1578342095 409 150 110 72 93 76 75 64 59 31 2 0 19 17 12 12 7 4 7 5
1578414796 409 151 110 72 93 76 75 64 59 31 2 0 19 17 12 12 7 4 7 5
1578593639 409 152 110 72 93 76 75 64 59 31 2 0 19 17 12 12 7 4 7 5
1579132464 409 152 110 73 93 76 75 64 59 31 2 0 19 17 12 12 7 4 7 5
1580398912 409 152 111 73 93 76 75 64 59 31 2 0 19 17 12 12 7 4 7 5
1581438789 409 152 112 73 93 76 75 64 59 31 2 0 19 17 12 12 7 4 7 5
1581460912 409 153 112 73 93 76 75 64 59 31 2 0 19 17 12 12 7 4 7 5
1581700914 409 154 112 73 93 76 75 64 59 31 2 0 19 17 12 12 7 4 7 5
1582141468 409 155 112 73 93 76 75 64 59 31 2 0 19 17 12 12 7 4 7 5
1582300744 409 155 113 73 93 76 75 64 59 31 2 0 19 17 12 12 7 4 7 5
1582566999 409 155 114 73 93 76 75 64 59 31 2 0 19 17 12 12 7 4 7 5
1583251079 409 156 114 73 93 76 75 64 59 31 2 0 19 17 12 12 7 4 7 5
1583852050 409 157 114 73 93 76 75 64 59 31 2 0 19 17 12 12 7 4 7 5
1584027228 409 158 114 73 93 76 75 64 59 31 2 0 19 17 12 12 7 4 7 5
1585759765 409 159 114 73 93 76 75 64 59 31 2 0 19 17 12 12 7 4 7 5
1585778917 409 159 115 73 93 76 75 64 59 31 2 0 19 17 12 12 7 4 7 5
1585839236 409 160 115 73 93 76 75 64 59 31 2 0 19 17 12 12 7 4 7 5
1586549974 409 161 115 73 93 76 75 64 59 31 2 0 19 17 12 12 7 4 7 5
1586983154 409 162 115 73 93 76 75 64 59 31 2 0 19 17 12 12 7 4 7 5
1587072125 409 163 115 73 93 76 75 64 59 31 2 0 19 17 12 12 7 4 7 5
1587583163 409 163 116 73 93 76 75 64 59 31 2 0 19 17 12 12 7 4 7 5
1587749977 409 163 116 74 93 76 75 64 59 31 2 0 19 17 12 12 7 4 7 5
1587761527 409 164 116 74 93 76 75 64 59 31 2 0 19 17 12 12 7 4 7 5
1588188071 409 165 116 74 93 76 75 64 59 31 2 0 19 17 12 12 7 4 7 5
1588341973 409 166 116 74 93 76 75 64 59 31 2 0 19 17 12 12 7 4 7 5
1589472188 409 167 116 74 93 76 75 64 59 31 2 0 19 17 12 12 7 4 7 5
1589476754 409 167 116 75 93 76 75 64 59 31 2 0 19 17 12 12 7 4 7 5
1589482992 409 167 116 76 93 76 75 64 59 31 2 0 19 17 12 12 7 4 7 5
1589490483 409 168 116 76 93 76 75 64 59 31 2 0 19 17 12 12 7 4 7 5
1589822171 409 168 116 76 93 76 75 64 59 31 2 0 19 17 12 12 8 4 7 5
1589996977 409 169 116 76 93 76 75 64 59 31 2 0 19 17 12 12 8 4 7 5
1590778990 409 169 116 76 93 76 75 64 59 31 2 0 19 17 12 12 8 5 7 5
1590780109 409 170 116 76 93 76 75 64 59 31 2 0 19 17 12 12 8 5 7 5
1591220280 409 171 116 76 93 76 75 64 59 31 2 0 19 17 12 12 8 5 7 5
1591737272 409 171 116 76 93 76 75 64 59 31 2 0 19 17 12 12 8 5 7 5
1591881947 409 171 116 76 93 76 75 64 59 31 2 0 19 17 12 12 8 5 7 5
1592431910 409 171 116 76 93 76 75 64 59 31 2 0 19 17 12 12 9 5 7 5
1592933729 409 172 116 76 93 76 75 64 59 31 2 0 19 17 12 12 9 5 7 5
1592939461 409 173 116 76 93 76 75 64 59 31 2 0 19 17 12 12 9 5 7 5
1593021390 409 174 116 76 93 76 75 64 59 31 2 0 19 17 12 12 9 5 7 5
1593180316 409 174 116 77 93 76 75 64 59 31 2 0 19 17 12 12 9 5 7 5
1597097303 409 174 116 77 93 76 75 64 59 31 3 0 19 17 12 12 9 5 7 5
1597097418 409 174 116 77 93 76 75 64 59 31 3 0 19 17 12 12 9 5 7 5
1597097623 409 174 116 77 93 76 75 64 59 31 3 1 19 17 12 12 9 5 7 5
1597097831 409 174 116 77 93 76 75 64 59 31 3 2 19 17 12 12 9 5 7 5
1597097889 409 174 116 77 93 76 75 64 59 31 3 3 19 17 12 12 9 5 7 5
1597104337 409 174 116 77 93 76 75 64 59 31 4 3 19 17 12 12 9 5 7 5
1597114346 409 174 116 77 93 76 75 64 59 31 5 3 19 17 12 12 9 5 7 5
1597117578 409 175 116 77 93 77 75 64 59 31 5 4 19 17 12 12 11 5 7 5
1597342696 409 175 116 77 93 77 75 64 59 31 6 4 19 17 12 12 11 5 7 5
1597356174 409 175 116 77 93 77 75 64 59 31 7 4 19 17 12 12 11 5 7 5
1597428265 409 175 116 78 93 77 75 64 59 31 7 4 19 17 12 12 11 5 7 5
1597527638 409 175 116 78 93 77 75 64 59 31 7 4 19 17 12 12 11 5 7 5
1597766542 409 176 116 78 93 77 75 64 59 31 7 4 19 17 12 12 11 5 7 5
1597870442 409 177 116 78 93 77 75 64 59 31 7 4 19 17 12 12 11 5 7 5
1599849115 409 177 117 78 93 77 75 64 59 31 7 4 19 17 12 12 11 5 7 5
1600267552 409 177 117 79 93 77 75 64 59 31 7 4 19 17 12 12 11 5 7 5
1600269913 409 177 117 80 93 77 75 64 59 31 7 4 19 17 12 12 11 5 7 5
1600376309 409 178 117 80 93 77 75 64 59 31 7 4 19 17 12 12 11 5 7 5
1600797438 409 178 117 81 93 77 75 64 59 31 7 4 19 17 12 12 11 5 7 5
1601324478 409 178 117 82 93 77 75 64 59 31 7 4 19 17 12 12 11 5 7 5
1601326269 409 178 117 83 93 77 75 64 59 31 7 4 19 17 12 12 11 5 7 5
1601391521 409 178 117 84 93 77 75 64 59 31 7 4 19 17 12 12 11 5 7 5
1601392823 409 178 117 85 93 77 75 64 59 31 7 4 19 17 12 12 11 5 7 5
1601395087 409 178 117 86 93 77 75 64 59 31 7 4 19 17 12 12 11 5 7 5
1601484315 409 178 117 87 93 77 75 64 59 31 7 4 19 17 12 12 11 5 7 5
1601485174 409 178 117 88 93 77 75 64 59 31 7 4 19 17 12 12 11 5 7 5
1602598930 409 178 117 89 93 77 75 64 59 31 7 4 19 17 12 12 11 5 7 5
1604530084 409 178 117 89 93 77 75 64 59 31 8 4 19 17 12 12 11 5 7 5
1604971028 409 178 117 89 93 77 75 64 59 31 9 4 19 17 12 12 11 5 7 5
1606865429 409 178 117 89 93 77 75 64 59 31 9 5 19 17 12 12 11 5 7 5
1607462711 409 178 117 89 93 77 75 64 59 31 9 5 19 17 12 12 11 5 7 5
1609884935 409 179 119 91 93 77 75 64 59 31 9 5 19 17 12 12 11 7 7 5
1610041682 409 179 119 91 93 77 75 64 59 31 10 5 19 17 12 12 11 7 7 5
1610042640 409 179 119 91 93 77 75 64 59 31 11 5 19 17 12 12 11 7 7 5
1610043107 409 181 121 93 93 77 75 64 59 31 13 5 19 17 12 12 11 7 7 5
1610646223 409 181 122 93 93 77 75 64 59 31 13 5 19 17 12 12 11 7 7 5
1611087228 409 182 122 93 93 77 75 64 59 31 13 5 19 17 12 12 11 7 7 5
1611180458 409 183 122 93 93 77 75 64 59 31 13 5 19 17 12 12 11 7 7 5
1611347840 409 183 122 94 93 77 75 64 59 31 13 5 19 17 12 12 11 7 7 5
1612981210 409 183 122 95 93 77 75 64 59 31 13 5 19 17 12 12 11 7 7 5
1613106301 409 183 122 95 93 77 75 64 59 31 13 6 19 17 12 12 11 7 7 5
1613109202 409 183 122 95 93 77 75 64 59 31 13 7 19 17 12 12 11 7 7 5
1613589011 409 183 123 95 93 77 75 64 59 31 13 7 19 17 12 12 11 7 7 5
1613603607 409 184 123 95 93 77 75 64 59 31 13 7 19 17 12 12 11 7 7 5
1614784951 409 184 123 95 93 77 75 64 59 31 13 7 19 17 12 12 11 7 7 5
1615207611 409 184 123 95 93 77 75 64 59 31 13 8 19 17 12 12 11 7 7 5
1615421278 409 184 123 95 93 77 75 64 59 31 13 8 19 17 12 12 11 7 7 5
1615424207 409 184 123 95 93 77 75 64 59 31 13 8 19 17 12 12 11 7 7 5
1615429000 409 184 123 95 93 77 75 64 59 31 13 9 19 17 12 12 11 7 7 5
1615595193 409 184 123 97 93 77 75 64 59 31 14 9 19 17 12 12 11 7 7 5
1615925976 409 184 123 98 93 77 75 64 59 31 14 9 19 17 12 12 11 7 7 5
1617758624 409 184 123 98 93 77 75 64 59 31 15 9 19 17 12 12 11 7 7 5
1617759522 409 184 123 100 93 77 75 64 59 31 16 9 19 17 12 12 11 7 7 5
1617900416 409 184 123 100 93 77 75 64 59 31 17 9 19 17 12 12 11 7 7 5
1618852737 409 184 123 100 93 77 75 64 59 31 18 9 19 17 12 12 11 7 7 5
1620419991 409 184 123 100 93 77 75 64 59 31 19 9 19 17 12 12 11 7 7 5
1628447317 409 184 123 100 93 77 75 64 59 31 20 9 19 17 12 12 11 7 7 5
1629165150 409 184 123 100 93 77 75 64 59 31 20 9 19 17 12 12 11 7 7 5
1631247430 409 184 123 100 93 77 75 64 59 31 20 9 19 17 12 12 11 7 7 5
1632909425 409 184 123 100 93 77 75 64 59 31 20 10 19 17 12 12 11 7 7 5
1634178242 409 185 125 107 93 78 75 64 59 31 20 10 19 17 12 12 11 7 7 5
1634872489 409 193 127 113 93 78 75 64 59 31 20 11 19 17 12 12 11 7 7 5
1635432616 409 193 128 113 93 78 75 64 59 31 20 11 19 17 12 12 11 7 7 5
1635530636 409 194 128 113 93 78 75 64 59 31 20 11 19 17 12 12 11 7 7 5
1635966202 409 195 128 113 93 78 75 64 59 31 20 11 19 17 12 12 11 7 7 5
1636582956 409 196 128 113 93 78 75 64 59 31 20 11 19 17 12 12 11 7 7 5
1639377244 409 196 128 113 93 78 75 64 59 31 20 12 19 17 12 12 11 7 7 5
1639833274 409 196 128 113 93 78 75 64 59 31 20 13 19 17 12 12 11 7 7 5
1639833290 409 196 128 113 93 78 75 64 59 31 20 15 19 17 12 12 11 7 7 5
1640063360 409 196 129 113 93 78 75 64 59 31 20 16 19 17 12 12 11 7 7 5
1640113489 409 197 129 113 93 78 75 64 59 31 20 16 19 17 12 12 11 7 7 5
1640113602 409 198 129 113 93 78 75 64 59 31 20 16 19 17 12 12 11 7 7 5
1640745765 409 198 129 113 93 78 75 64 59 31 20 17 19 17 12 12 11 7 7 5
1641403517 409 198 129 114 93 78 75 64 59 31 20 17 19 17 12 12 11 7 7 5
1641445257 409 198 129 115 93 78 75 64 59 31 20 18 19 17 12 12 11 7 7 5
1641447017 409 198 129 115 93 78 75 64 59 31 20 18 19 17 12 12 11 7 7 5
1642813178 409 198 129 115 93 78 75 64 59 31 21 18 19 17 12 12 11 7 7 5
1642909557 409 198 129 115 93 78 75 64 59 31 22 18 19 17 12 12 11 7 7 5
1645170653 409 201 129 116 93 78 75 64 59 31 22 19 19 17 12 12 11 7 7 5
1645421502 409 203 129 116 93 78 75 64 59 31 22 20 19 17 12 12 11 7 7 5
1646192849 409 203 129 116 93 78 75 64 59 31 22 21 19 17 12 12 11 7 7 5
1646977384 409 203 129 116 93 78 75 64 59 31 22 21 19 17 12 12 11 7 7 5
1647308710 409 204 129 116 93 78 75 64 59 31 22 22 19 17 12 12 11 7 7 5
1647820785 409 204 129 116 93 78 75 64 59 31 22 23 19 17 12 12 11 7 7 5
1648002828 409 204 129 116 93 78 75 64 59 31 22 24 19 17 12 12 11 7 7 5
1648060889 409 204 129 116 93 78 75 64 59 31 23 24 19 17 12 12 11 7 7 5
1651269316 409 204 129 116 93 78 75 64 59 31 24 24 19 17 12 12 11 7 7 5
1651596572 409 204 129 116 93 78 75 64 59 31 26 24 19 17 12 12 11 7 7 5
1653240113 409 204 129 116 93 78 75 64 59 31 26 24 19 17 12 12 11 7 7 5
1655507311 409 204 129 116 93 78 75 64 59 31 28 24 19 17 12 12 11 7 7 5
