1455134542 14630
1455158959 14628
1455165449 14667
1455165607 14726
1455208276 14624
1455208417 14642
1455208469 14687
1455211664 14677
1455211737 14517
1455224234 14535
1455292294 14571
1455296450 14572
1455297248 14572
1455312779 14573
1455317259 14573
1455379445 14573
1455383895 14665
1455412887 14668
1455413647 14668
1455681212 15271
1455895963 16346
1455896232 16370
1455896401 16408
1455896492 16417
1455896729 16395
1455896801 16438
1455896907 16438
1455898141 16438
1455909740 16523
1455910498 16536
1455916494 16540
1455916561 16561
1455921248 16561
1455923144 16565
1455923911 16579
1455985847 16610
1455985902 16665
1455986010 16694
1456018171 16728
1456018340 16728
1456153279 16741
1456156133 16749
1456174186 16758
1456180117 16828
1456255250 16895
1456257582 16896
1456260485 16925
1456266262 16937
1456284167 16937
1456284210 16939
1456284305 16977
1456285837 17007
1456289134 17010
1456330834 17013
1456330907 17029
1456336992 17036
1456338879 17037
1456340007 17062
1456374192 17069
1456374269 17069
1456513900 17351
1456520891 17358
1456677077 17401
1456677860 17492
1456691336 17492
1456757046 17642
1456882033 18110
1456958313 18103
1457049022 18265
1457300287 18440
1457300470 18610
1457363861 18615
1457364734 18615
1457371399 18617
1457375047 18620
1457411002 18609
1457411050 18614
1457633633 17986
1457633822 17960
1458667149 20928
1458668297 20930
1458680029 21011
1458680158 21011
1458683981 21014
1458741140 21030
1458833324 22060
1458924787 22067
1458924984 22377
1458950812 22377
1459194648 22387
1459259942 22683
1459261312 22683
1459345826 22683
1459354393 22801
1459357401 22851
1459358401 22794
1459366939 22878
1459434255 22879
1459445604 23013
1459451464 23073
1459451569 23073
1459527119 23142
1459532412 23180
1459536182 23207
1459540119 23229
1459541098 23310
1459541197 23302
1459793706 23286
1459869205 23328
1459871273 23361
1459887223 23407
1459968832 23362
1459971092 23369
1460036061 23367
1460040849 23371
1460122823 26060
1460126842 26100
1460129804 26122
1460142264 26482
1460470794 26609
1460473640 26648
1460473716 26648
1460484046 26660
1460554514 29914
1460574806 30334
1460576371 30346
1460576418 30346
1460650897 30360
1460665180 30192
1460665497 29730
1460815460 29676
1460816873 29656
1460817032 29124
1460995016 29328
1460997400 29573
1461003149 29607
1461003319 29619
1461004389 29619
1461074339 29685
1461080753 29676
1461102149 29882
1461161841 29886
1461259517 25942
1461338360 25941
1461344942 25941
1461345020 25966
1461347790 26043
1461351482 26052
1461352485 26052
1461605099 26121
1461614859 26141
1461615076 26174
1461682963 26182
1461712365 26281
1461850862 26281
1461855960 26281
1461864584 26281
1461864787 26291
1461876940 26452
1461965681 26453
1461968251 26453
1462200201 26490
1462204097 26490
1462218124 26517
1462218206 26517
1462223032 26517
1462290312 26523
1463579122 26523
1463579415 26521
1463579539 26525
1463579745 26540
1463579924 26588
1463581486 26811
1464107697 27640
1464111070 27644
1464114763 27648
1464276395 27648
1464280569 27693
1464286853 27715
1464290542 27746
1464294761 27879
1464297779 27880
1464359188 29020
1464362455 29026
1464364995 29003
1464375104 29003
1464442086 29004
1464442188 29039
1464667978 29039
1464706080 29056
1464712398 29047
1464712636 29047
1464716329 29053
1464716695 29053
1464730251 29063
1464793516 29083
1464873972 29236
1464880114 29239
1464881919 29237
1464886283 29263
1464964430 29325
1464964895 29439
1464965081 29407
1464969549 29407
1465220202 29318
1465231542 29318
1465238674 29318
1465248238 29318
1465324634 29359
1465332212 29359
1465344780 29490
1465403575 29497
1465418404 29500
1465422401 29551
1465492472 29551
1465655249 29551
1465832022 29551
1465836550 29947
1465842170 29938
1465842541 29938
1465914103 29926
1465915638 29959
1465940017 30157
1465943278 30164
1465962546 30156
1466000582 30145
1466001372 30149
1466002068 30201
1466002185 30201
1466015412 30212
1466024592 30221
1466024904 30370
1466090552 30407
1466090885 30459
1466102216 30494
1466105199 30495
1466132427 30512
1466134030 30664
1466175046 30664
1466187981 30672
1466188689 30674
1466431864 30575
1466432334 30913
1466452103 30913
1466531905 30922
1466621257 31288
1466701653 31339
1466701998 31338
1466705420 31360
1466775428 31410
1466783807 31508
1467056256 31508
1467062382 31538
1467147059 31502
1467293141 31558
1467297967 31580
1467301119 31581
1467386667 31627
1467816188 31627
1467820493 31699
1467824393 31699
1467904981 31700
1467908661 31972
1467989372 31990
1468248437 31992
1468248540 31756
1468430813 31727
1468433595 31727
1468438667 31727
1468524705 31752
1468527055 31760
1468601719 31760
1468603729 31765
1468604661 31726
1468610589 31742
1468613101 31752
1468850260 31867
1468860800 31867
1468953150 31900
1468959579 31900
1469031763 31903
1469049169 31910
1469205780 31933
1469468114 31936
1469468553 31953
1469473227 31522
1469486377 31522
1469539820 31701
1469550428 31701
1469564531 31801
1469567844 31820
1469569018 31820
1469644981 31840
1470249506 32134
1470250700 32438
1470320459 32438
1470322426 32438
1470406659 32459
1470679883 32459
1470682221 32543
1470688564 32573
1470690329 32575
1470693213 32575
1470768076 32687
1470841973 32731
1470842265 32731
1470869097 32781
1470926552 32782
1470931297 32929
1470949251 32931
1471268612 32931
1471302086 32931
1471358544 32912
1471363160 32912
1471544927 32929
1471959890 33362
1471964258 33379
1471974390 35122
1471987948 35125
1471988079 35191
1472056809 35192
1472057381 35206
1472059489 35216
1472132913 35216
1472243355 35217
1472245407 35246
1472254117 35246
1472482438 35683
1472494502 35681
1472504437 35997
1472520465 35997
1472653167 36011
1472667460 36010
1472679314 36010
1472749464 36340
1472831667 36704
1472845482 36706
1473184911 37110
1473186931 37110
1473257240 37121
1473262692 37128
1473270130 37134
1473271503 37134
1473435205 37335
1473777306 37333
1473777657 37335
1473779105 37351
1473783019 37351
1473793450 37354
1473794350 37378
1474470404 37393
1474471561 37395
1474484560 37432
1474484828 37432
1474485661 37534
1474558194 37557
1474575779 37644
1474998299 37645
1475167107 37647
1475186145 37654
1475254490 37883
1475254996 37931
1475255732 37960
1475258403 37958
1475267878 38028
1475503439 38028
1475676513 38266
1475680439 38369
1475699108 38608
1475761562 38625
1475761953 38625
1475797255 39216
1475798275 39402
1475821008 39781
1475848772 39781
1475855957 39783
1476121369 40122
1476121809 40122
1476193841 40257
1476210532 40301
1476210849 40418
1476456809 40424
1476460632 40419
1476749952 40448
1476803393 40448
1477008907 40494
1477067128 40622
1477069947 41459
1477513276 41491
1477513711 41446
1477667464 40682
1477668232 40774
1477676079 40776
1477685739 40781
1477686341 40985
1477688555 41269
1477925501 41269
1477956918 41269
1477957929 41294
1478113273 41294
1478142326 41294
1478185100 41294
1478568365 41394
1478617018 41394
1478642283 41326
1478642652 41326
1478706822 41325
1478709471 41326
1478797029 41691
1479406207 41833
1479763288 41837
1479828061 41908
1479829918 40852
1479844699 40852
1480353209 40848
1480353810 40848
1480456837 40848
1480458267 40848
1480605352 40848
1480606857 40852
1480609344 40799
1480688880 40730
1480703473 40876
1480705048 40910
1480950082 40926
1480952528 40926
1480963566 40987
1481124702 41003
1481561182 41003
1481581084 41425
1481651768 41228
1481653615 41214
1481901364 41225
1481918319 41229
1482162957 41229
1483030698 41228
1483040340 41231
1483453217 41231
1483983431 41203
1484075539 41218
1484161898 41218
1484162630 41219
1484929906 41227
1484943988 41230
1484944658 41230
1484947875 41230
1485196363 41226
1485989989 41226
1486068914 41231
1486151576 41292
1486394072 41293
1486404923 41324
1486405828 41324
1486412729 41324
1486424013 41541
1486509816 41542
1486510211 41542
1486595219 41538
1486737920 41546
1486762347 43168
1487002904 43168
1487113676 42963
1487201324 42968
1487202943 43046
1487701134 42859
1487705151 42860
1487711459 42884
1487716579 42883
1487775338 42883
1487787241 42883
1487872736 42887
1487888085 42894
1487889081 42871
1487889580 42875
1487890705 42875
1488489740 42876
1488524216 43482
1488825150 43487
1488898867 43487
1489178512 43486
1489183183 43486
1489517286 43487
1489677431 43581
1489678023 43581
1489693684 43580
1489760931 43581
1489764066 43700
1489773685 43700
1490025347 43732
1490104165 43735
1490191549 43739
1490200646 43774
1490287733 43775
1490370640 43776
1490383736 43698
1490387979 43882
1490644655 43925
1490715411 43925
1490737211 43937
1490902501 43944
1491941589 43944
1492034286 44105
1492035012 44105
1492039078 44106
1492099097 44106
1492121296 43997
1492464070 43997
1492616355 43997
1492626711 43998
1492627446 43998
1492630646 44002
1493158085 44009
1493160329 44031
1493160498 44031
1493220005 44031
1493673583 44031
1493839161 44031
1494265899 44031
1494368701 44109
1494441069 44109
1494871399 44724
1494881013 44109
1494957776 44726
1495045090 44726
1495229766 44734
1495235503 44878
1495238223 44878
1495578577 44891
1495647308 44891
1495827015 44890
1496162225 44900
1496244313 44911
1496251331 44911
1496439858 44914
1496676935 44919
1496767496 44727
1496789095 44667
1496854064 44667
1496952956 44667
1497016999 44665
1497460381 44665
1497902103 44656
1498066786 44549
1498067663 44549
1498249703 44550
1498258969 44614
1498729008 44614
1499798093 44482
1499810151 44469
1499883270 44272
1499889713 44442
1499893854 44442
1499896311 44440
1499984160 44614
1500050258 44507
1500051445 44544
1500063462 43563
1500068147 43493
1500071010 43488
1500071379 43498
1500073083 42884
1500134861 43498
1500245997 43498
1500315533 45075
1500318355 45011
1500324887 44997
1500327603 44990
1500389235 44995
1500398729 44381
1500407745 44381
1500473835 44382
1500477252 44382
1500913372 44386
1500913907 44395
1501003578 44465
1501009662 44395
1501099402 44395
1501101311 44395
1501108361 44391
1501268353 44387
1501272136 44397
1501274295 45700
1501699893 45700
1501711373 45677
1501782975 45679
1502132509 45681
1502133344 45682
1502209599 45733
1502300769 45858
1502307230 45854
1502309933 45854
1502484377 45857
1502732449 45799
1502733046 45811
1502739470 45836
1502764128 45915
1502906695 45915
1502916999 45941
1503008092 45941
1503089792 45941
1503090751 45941
1503325614 45941
1503406839 45941
1503497052 46396
1503499588 46396
1503510586 46402
1503511428 46402
1504015581 46402
1504030902 46433
1504039481 47048
1504099207 47048
1504104837 47058
1504105031 47236
1504108300 47237
1504110462 47352
1504113412 47349
1504114025 47444
1504120591 47444
1504182464 47445
1504203510 47461
1504274639 47462
1504283030 47461
1504286004 47511
1504291139 47657
1504631926 47660
1504711216 47870
1504717388 47870
1504721148 47873
1504813563 47878
1504830613 47877
1504889712 47877
1505170379 47877
1505235293 47884
1505255496 49345
1505339494 49345
1505342206 49393
1505345427 49395
1505416489 49395
1505428075 49199
1505495239 49203
1505496418 49176
1505758815 49176
1505759884 49179
1505762997 49179
1505772656 49185
1505849972 49244
1505857558 49244
1505933488 49244
1505948239 49443
1506016403 49494
1506345676 49925
1506359282 49987
1506444463 49991
1506452544 50103
1506542855 50115
1506548991 50115
1506638392 50115
1506638787 50116
1506648507 50167
1506716272 50167
1506990908 50251
1507054105 50251
1507060592 50251
1507070080 50251
1507072026 50257
1507072180 50260
1507147480 50253
1507149397 50253
1507189804 50253
1507228863 50253
1507310038 50278
1507340213 50157
1507561575 50157
1507567918 50178
1507573456 50178
1507660300 50180
1507666517 50187
1507731777 50406
1507757861 50406
1507926301 50071
1507984205 50070
1508197556 50189
1508339758 50189
1508434380 50189
1508438035 50189
1508781178 50189
1508977879 50189
1509030641 50188
1509066576 50186
1509384406 50408
1509390041 50400
1509404377 50630
1509478295 50638
1509568021 50638
1510169386 50638
1510615608 50828
1510672317 50823
1510790527 50823
1510860731 50848
1510870750 50836
1510948425 50650
1510959601 50650
1511210145 50708
1511211752 50488
1511295428 50428
1511295842 50427
1511297330 50422
1511371268 50428
1511376540 50430
1511377191 50485
1511388105 50500
1511399668 50497
1511975431 50497
1511980697 50497
1512065696 50571
1512068206 50497
1512069611 50497
1512080228 51040
1512409966 51089
1512496026 51066
1512512887 51164
1512585116 51173
1512591993 51173
1512660226 51173
1512671338 51173
1512677068 51183
1512678294 51183
1512759352 51200
1512769314 51208
1513033032 51219
1513039991 51232
1513100133 51232
1513104313 51276
1513111497 51280
1513117510 51281
1513188665 51281
1513290911 51284
1513802904 51280
1513806036 51220
1513891409 50975
1514913380 50822
1514920184 50824
1515009293 50824
1515012397 50820
1515013025 51063
1515023735 51064
1515100723 51064
1515179924 51116
1515183625 51094
1515191268 51094
1515191303 51094
1515425468 51049
1515429692 51027
1515436380 51028
1515436440 51033
1515437394 51032
1515453506 51094
1515522985 51094
1515603547 51094
1515608296 51099
1515631127 51081
1515692262 51033
1515702658 51049
1515778261 51003
1515790908 51112
1516127743 51107
1516133539 51107
1516207698 51155
1516221214 51107
1516223592 51099
1516223825 51051
1516226082 51051
1516226724 51103
1516227132 51112
1516296732 51112
1516317888 51075
1516641488 51075
1516642038 51080
1516642784 51080
1516727837 51081
1516747879 51081
1516815361 51175
1516821484 50977
1516824601 50978
1516836309 50978
1517253073 50963
1517269476 50964
1517353514 51014
1517425044 51259
1517428384 51259
1517510685 51324
1517528125 51555
1517602393 51560
1517603422 51559
1517604022 51551
1517615721 51503
1517851992 51501
1517856101 51499
1517857669 51500
1517867445 51505
1518028761 51506
1518041791 51506
1518049400 51534
1518203251 51542
1518453645 51558
1518463246 51560
1518561535 51552
1518566102 51560
1518638631 51725
1518641297 51725
1518720252 51780
1518730490 51848
1518732520 51851
1518737570 51857
1518737958 51856
1518741523 51874
1518744462 51874
1518801929 51874
1518806481 51874
1518808370 51843
1518818568 51840
1518823989 51823
1519151886 51823
1519156087 51854
1519162871 51799
1519168029 51807
1519230702 51759
1519241346 51751
1519318119 51753
1519321099 51753
1519658392 51745
1519681980 51772
1519760518 51782
1519841351 51782
1519845147 51782
1519858506 51782
1519859685 51782
1520026715 51787
1520028483 51742
1520359738 51742
1520379345 52019
1520443308 52044
1520452426 52044
1520531356 52054
1520618801 52058
1520621676 52063
1520971592 52095
1520976269 52096
1520977052 53078
1520979358 53226
1521054763 53287
1521056729 53346
1521058388 53346
1521062667 53350
1521064746 53346
1521131369 53346
1521138967 53347
1521142996 53348
1521146697 53346
1521149287 53455
1521155938 53465
1521655824 53465
1521737348 53454
1521748280 53465
1521828891 53465
1521837629 53457
1522086687 53504
1522096163 53635
1522097040 53689
1522268893 53689
1522274383 53820
1522285585 49715
1522355091 49721
1522366020 49721
1522431325 49728
1522437454 49734
1522774870 49872
1522789816 49834
1522869011 49830
1522949955 49822
1522950828 49684
1522951104 49685
1522953176 49685
1523052104 49681
1523301969 49820
1523305159 49802
1523307237 49828
1523309757 49839
1523313686 49835
1523370899 49844
1523478976 49845
1523481854 49851
1523481965 49860
1523482453 49860
1523593414 49833
1523642538 49849
1523643407 49844
1523650819 49844
1524077241 49878
1524086156 49878
1524149302 49880
1524677523 49880
1524753425 49869
1524764271 49869
1524770041 49891
1524848764 49977
1524849292 49976
1525127971 49956
1525194479 50033
1525196472 50043
1525200072 50435
1525206275 50437
1525296232 50437
1525299007 50868
1525300483 50868
1525368155 50878
1525727316 50878
1525798732 51045
1525801928 51091
1525817812 51095
1525819501 51095
1525891351 51095
1526399210 51141
1526406787 51144
1526484771 51146
1526496237 51162
1526505630 51162
1526658705 51177
1527094537 51210
1527279016 51173
1527779667 51173
1527787705 51174
1527788273 51174
1528124798 50980
1528137935 50982
1528211515 51005
1528214075 51005
1528232972 51033
1528322188 51033
1528403909 51035
1528404476 51047
1528735507 51046
1528924411 51046
1528947285 51050
1529102119 50802
1529104104 50798
1529343323 51694
1529345121 51721
1529358356 51709
1529418079 51709
1529552779 51709
1529939197 51710
1530045626 36374
1530125619 36374
1530137138 36374
1530197101 50166
1530198814 36374
1530206037 36432
1530208705 36432
1530217140 50168
1530571207 36429
1530572086 36429
1530789116 36428
1531333742 36428
1531416110 50164
1531434429 50169
1531772727 50268
1531772798 50937
1531772866 51240
1531772932 51428
1531774848 51571
1531837453 51579
1531862307 51579
1531862641 51598
1531946886 51598
1532010719 51462
1532025503 51561
1532456284 51587
1532536081 51589
1532632998 51595
1532707632 51596
1532725215 51610
1532725673 51610
1532978590 51611
1533145977 51623
1533146357 51623
1533231120 51664
1533249120 51670
1533660636 51682
1533664397 51682
1533764094 51720
1533765034 51730
1533768429 51735
1533773600 51735
1533846011 51735
1533932574 51740
1534353157 51740
1534370323 52573
1534370649 52573
1534860800 52585
1534975574 52620
1534975878 52650
1535034503 52650
1535129214 52678
1535134177 52672
1535138556 52672
1535145496 51757
1535353400 51815
1535390012 51808
1535573919 51808
1535728753 51808
1535744060 51809
1536073871 51829
1536084494 51907
1536086875 51933
1536173361 51933
1536619676 51933
1536778160 52202
1536858042 52226
1536858310 52226
1536870999 52242
1536957774 52243
1537363330 52243
1537445621 52244
1537517836 52301
1537522447 52301
1538432096 52606
1538662467 52606
1538676022 52608
1539267996 52612
1539278107 52583
1539279123 52583
1539295551 52583
1539624447 51133
1539701362 51134
1539809732 51135
1539883224 51112
1539884594 51112
1539897939 51173
1539937424 51173
1540402402 51174
1540406538 51174
1540827530 51184
1540848471 51234
1540849281 51237
1541028310 51237
1541100929 51234
1541172094 51263
1541208952 51287
1541521839 51288
1542132325 51288
1542150868 51310
1542298606 51317
1542317468 51326
1542318306 51326
1542754687 51327
1542813991 51431
1542821806 51434
1543262325 51434
1543347675 51434
1543498447 51435
1543515324 51419
1543593024 51419
1543593333 51420
1543608202 51430
1543622541 51415
1544192697 51415
1544463267 51401
1544466789 51403
1544469811 51402
1544640110 51402
1544727229 51399
1544741305 51399
1544810276 51403
1545070253 51407
1545234976 51407
1545245779 51404
1546442881 51406
1546461859 51406
1546463697 51406
1546969074 51405
1547077430 51406
1547156054 51420
1547161507 51420
1547165467 51427
1547248877 51428
1547489390 51432
1547670223 51432
1547743788 51464
1547744947 51464
1547752378 51462
1547760005 51483
1547770463 51536
1547825441 51543
1547847502 51544
1548276368 51544
1548953177 51544
1548956661 51544
1549027632 51545
1549393443 51578
1549471025 51602
1549491162 51602
1549561664 51602
1549989355 51600
1549989654 51671
1549993987 56438
1549997151 56509
1550001251 56511
1550003481 56510
1550097845 56510
1550676694 56510
1550686810 56523
1550691524 56524
1550692393 56524
1550765460 56526
1550768700 56525
1550774777 56525
1550850975 56524
1550861560 56563
1551133438 56602
1551139345 56554
1551207102 56546
1551286974 56546
1551288806 56604
1551309613 56603
1551320611 56605
1551374264 56640
1551382051 56400
1551388473 56376
1551468850 56376
1551476603 56397
1551821435 56417
1551982819 56419
1551994719 56419
1552062891 56419
1552514847 56420
1552586764 56420
1552926577 56420
1553197817 56420
1554216199 56428
1554221801 56430
1554222072 56430
1554231161 56430
1554306264 56429
1554320575 56431
1554325219 56431
1554916070 56434
1554924975 56432
1554998445 56432
1555002159 56432
1555079475 56432
1555082280 56433
1555093814 56437
1555446919 56454
1555541319 56454
1555962419 56475
1556022084 56477
1556025445 56475
1556208459 56475
1556234740 56475
1556293292 56731
1556634297 56704
1556637679 56714
1556740700 56714
1557416010 56715
1557431959 56781
1558101553 56781
1558633573 56781
1559202001 56782
1559666123 56782
1559771440 56825
1559840635 56825
1559851611 56825
1559931970 56852
1560198305 56871
1560531495 57091
1560781874 57092
1560893646 57092
1561138567 57108
1561390418 57110
1561394575 57110
1561404410 56913
1561564062 56920
1561569031 56920
1562789022 56920
1563400649 56921
1563998064 56944
1564000614 56944
1564173561 56948
1564687469 56948
1564698416 56948
1565127149 56949
1565194273 56949
1565286792 56955
1565732524 56960
1565800532 56986
1565806311 56986
1565899897 56998
1565965508 56986
1566229973 56998
1566328745 56999
1566401636 57006
1566500023 56951
1566504852 56951
1566514469 56957
1566950812 56836
1567012450 56836
1567534397 56836
1567626519 56842
1567627424 56854
1567632842 56854
1567692148 56854
1567708582 56913
1568308619 56913
1568310148 56913
1568672406 56914
1568820696 57402
1568823842 57402
1568838838 57402
1569361193 57402
1569436018 57402
1570051380 57402
1570557407 57432
1570644416 57435
1570652787 57435
1570718709 57444
1571149268 57439
1571326659 57439
1571332658 57439
1571855643 57439
1572303973 57440
1573476984 57439
1575312854 57439
1575546000 57444
1575583939 57444
1575926347 57445
1576109181 57445
1577742473 57446
1578329666 57449
1578336462 57450
1578342095 57450
1578414796 57467
1578593639 57467
1579132464 57467
1580398912 57467
1581438789 57484
1581460912 57485
1581700914 57480
1582141468 57480
1582300744 57483
1582566999 57483
1583251079 57478
1583852050 57478
1584027228 57478
1585759765 57531
1585778917 57564
1585839236 57564
1586549974 57792
1586983154 57792
1587072125 57792
1587583163 57784
1587749977 57784
1587761527 57786
1588188071 57786
1588341973 57786
1589472188 57812
1589476754 57812
1589482992 57812
1589490483 57812
1589822171 57833
1589996977 57835
1590778990 57837
1590780109 57836
1591220280 57836
1591737272 57858
1591881947 57881
1592431910 57819
1592933729 57844
1592939461 57844
1593021390 57844
1593180316 57844
1596831980 57891
1597079339 57925
1597087498 57935
1597094306 57935
1597097303 57897
1597097418 57898
1597097623 57910
1597097831 57910
1597097889 57913
1597104337 57899
1597114346 57899
1597117578 57903
1597342696 57910
1597356174 57909
1597428265 57915
1597527638 57915
1597766542 57964
1597870442 57964
1599849115 57967
1600267552 57967
1600269913 57965
1600376309 57965
1600725185 59450
1600797438 58002
1601324478 57999
1601326269 57999
1601391521 59009
1601392823 59033
1601395087 59033
1601484315 59149
1601485174 59149
1602598930 59149
1603374408 59451
1603806314 59451
1603840099 59171
1604530084 59148
1604971028 59148
1605833295 59173
1606165454 59179
1606323289 59201
1606844418 59300
1606865429 59158
1606932601 59300
1607119478 59441
1607462711 59171
1609867066 59450
1609884935 59171
1609955631 59451
1609958966 59451
1609959532 59451
1610041682 59447
1610042640 59447
1610043107 59447
1610646223 59450
1611087228 59450
1611180458 59450
1611347840 59472
1612981210 59472
1613106301 59476
1613109202 59484
1613589011 59484
1613603607 59484
1614784951 59485
1615207611 59479
1615340835 59486
1615421278 59491
1615424207 59491
1615429000 59479
1615504741 59528
1615570901 59528
1615595193 59471
1615925976 59528
1616084931 59528
1616097403 59528
1617736839 59703
1617758624 59529
1617759522 59529
1617900416 59528
1618852737 59528
1620144858 59710
1620233570 59710
1620419991 59528
1620758741 59710
1621365396 59714
1621368979 59714
1623188306 59968
1623249513 60288
1623342020 60736
1623436902 60763
1623441831 60755
1623442736 60679
1623684769 60679
1624974734 60681
1625077610 60684
1625155859 60749
1625165281 61248
1626205048 61248
1627310650 61249
1628447317 59537
1628609012 61249
1628614970 61248
1628702736 61250
1629165150 59537
1629304575 61250
1630341824 61253
1631247430 59539
1631739970 61253
1632909425 59545
1632952549 61253
1634178242 59700
1634590862 61253
1634872489 60600
1635432616 61252
1635530636 61252
1635966202 61252
1636582956 61252
1637687843 61497
1639377244 61333
1639830870 61492
1639833274 61335
1639833290 61337
1640063360 61492
1640113489 61500
1640113602 61516
1640745765 61517
1641403517 61512
1641420905 61512
1641445257 61512
1641447017 61512
1641509686 61527
1642813178 61516
1642909557 61503
1643385012 61566
1643731074 61547
1643838452 61547
1643904067 61547
1644505159 61547
1644614888 61823
1645170653 61503
1645421502 61547
1646192849 61543
1646977384 61545
1647308710 61548
1647820785 61827
1648002828 61827
1648060889 61819
1650529601 61829
1650529916 61829
1651269316 61824
1651511617 61820
1651596572 61820
1653240113 61821
1653429962 61820
1655507311 61829
