1612533605 127
1612634702 132
1612634775 135
1612637993 1008
1612638080 63792
1612638339 63792
1612638485 63792
1612639253 63790
1612640362 63790
1612647745 63793
1612649200 63791
1612801403 66794
1612809467 66798
1615149063 66798
1619184343 66798
1619526616 66798
1620083801 66810
1638295200 66812
1639671319 66812
1648604799 66828
1648604822 68118
1648606122 68118
1648606241 68118
1648606482 68108
1648607303 68111
1648607891 68111
1648608069 68111
1648608746 68155
1648609382 68151
1648666672 68156
1649042484 68156
1649043151 68156
1649043582 68156
1649647539 68140
1649647592 68140
1650252410 68140
1650252424 68156
1651463731 68156
1651463770 68156
1652069014 68156
1652671587 68172
1652671917 68188
1652672904 68206
1652673286 68224
1652673578 68156
1653882459 68156
1653883546 68156
1653883906 68156
1654532203 68156
1655090731 68156
1655695925 68156
1655696006 68156
1655700222 68156
1655700238 68156
1656302041 68156
