1440606405 0
1440606837 3187
1440850955 3295
1440862316 3315
1440874837 3303
1441048678 3187
1441096224 3304
1441119926 3304
1441186653 3304
1441234509 3407
1441353577 3417
1441359532 3418
1441462128 3463
1441713790 3572
1441758068 3785
1442243065 3795
1442243358 3785
1442244129 3788
1442244158 3800
1442338510 3945
1442351367 3982
1442407956 3984
1442407991 3788
1443182539 4232
1443184015 4337
1443520703 4378
1443523849 4378
1443806020 4403
1444034650 4403
1444065568 4403
1444120360 4404
1444134346 4405
1445355219 4415
1447084971 3546
1447085064 4420
1447085894 3547
1447086232 3547
1447086761 3590
1447346585 3692
1447407774 3696
1447407867 3701
1447432040 3707
1447432093 3726
1447670666 3731
1447933314 3752
1448034165 3752
1449054234 3371
1449058029 3644
1449061833 3343
1449132361 3371
1449140058 3396
1449145619 3414
1449160339 3414
1449228298 3419
1452185078 3451
1453193654 3441
1453293510 3438
1453401989 3528
1453402053 3529
1455026089 3471
1455026103 3490
1455039518 3493
1455045849 3514
1455106488 3514
1455806928 3517
1455806983 3529
1456144753 3601
1456151939 3601
1456224702 3594
1456224863 3602
1456234850 3655
1456235010 3626
1456238745 3655
1456241532 3657
1456326294 3657
1456946538 3665
1458063883 3675
1458064714 3680
1458220015 3699
1458222746 3721
1458224031 3727
1458224099 3621
1458295257 3632
1458298444 3694
1458313359 3722
1458416335 3722
1459371959 3681
1459376090 3681
1459418102 3682
1459894635 3682
1459945506 3682
1459963443 3699
1459963462 3699
1460021767 3730
1460026171 3699
1460028937 3747
1460043701 3786
1460107558 3854
1460114991 3871
1460121798 3964
1460412517 4272
1460414683 4313
1460536294 4442
1460546851 4321
1460636517 4321
1461158774 4549
1461262371 4322
1461750048 4562
1461935920 4614
1462179577 4637
1462180588 4549
1462194812 4549
1462369652 4563
1462372177 4567
1463055844 4637
1463076451 4639
1463086310 4830
1463139149 4838
1463141725 4843
1463474469 4843
1463498341 4842
1463557681 4844
1463565717 4845
1463570222 4851
1463655748 4849
1463658331 4807
1464013245 5473
1464112491 4808
1464167974 4811
1464168782 4944
1464174396 4945
1464174995 4945
1464175694 4945
1464358838 4972
1464358896 4945
1464859795 4986
1464944928 4987
1465546445 4988
1465550452 4988
1465809326 4989
1465896850 4989
1466773541 4988
1467033997 5440
1467130340 5448
1467187739 5449
1467367247 5451
1467378576 5483
1467380638 5465
1467797821 5472
1468419384 5474
1468849317 5470
1469018361 5483
1469435402 5486
1469435437 5473
1469458976 5480
1469524993 5475
1469535360 5481
1470213277 5482
1470226458 5488
1470333197 5494
1470402878 5494
1470657631 5494
1470834019 5535
1470834238 5545
1470834271 5588
1470834294 5588
1471011434 5588
1471593193 5636
1471596989 5588
1471606420 5627
1471872271 5627
1471880442 5636
1471895495 5636
1471964316 5636
1472486157 5636
1472813073 5719
1472813430 5711
1473176948 6002
1473177316 5730
1473261726 6008
1473266502 6008
1473266786 6011
1473413724 6011
1473413764 6032
1473427691 6032
1473428713 6052
1473449932 6066
1473452351 5973
1473452379 6068
1473542140 5971
1473679895 6052
1473684951 6066
1473710231 6070
1473719856 5974
1473765729 5974
1474019864 5980
1474334948 5973
1474468387 5974
1474474257 5980
1474511580 5989
1474514896 6171
1475009734 6157
1475153176 6165
1475515243 6167
1475566280 6166
1475567415 6170
1475584565 6168
1475588901 6227
1475591970 6169
1475671110 6218
1475744013 6227
1475767106 6227
1475843931 6240
1475847653 6239
1476285070 6236
1477484252 6275
1477574854 6237
1477648482 6276
1477909132 6276
1477915933 6284
1478083305 6284
1478169764 6992
1478169828 6348
1478175914 6812
1478176598 6488
1478182192 6547
1478182343 6484
1478514103 6804
1478516845 6930
1478520960 6521
1478533271 6808
1478545523 6833
1478599515 6822
1478600806 6847
1478600948 6824
1478639273 6831
1478768393 6900
1479468609 6930
1479477587 6930
1479482077 6930
1479488300 6935
1481136258 6938
1481189447 6936
1481555197 6940
1481555358 6942
1481555374 6951
1481647553 6953
1481756678 6953
1481891057 6953
1481891460 6954
1483959421 6955
1483967983 7014
1483968388 6955
1483969979 6955
1484080966 6992
1484140786 6999
1484229679 7014
1484230038 7017
1484234647 7016
1484240474 7024
1484735274 7111
1484920516 7111
1484921203 7160
1484923040 7111
1484929122 7111
1485164070 7186
1485164563 7186
1485164569 7190
1485173916 7200
1485178396 7200
1485262196 7200
1485272639 7200
1485433349 7214
1485523348 7214
1485786958 7218
1486044659 7218
1486051362 7218
1486054456 7226
1486452623 7192
1486460355 7184
1486990792 7199
1487115177 7273
1487160645 7199
1487174273 7199
1487334042 7570
1487356963 7549
1487570138 7567
1487585560 7547
1487770816 7568
1487804689 7567
1487852322 7564
1488373493 7564
1488374130 7581
1488381802 7580
1488382910 7583
1488814161 7593
1489061349 7595
1489414852 7596
1489570900 7596
1489592289 7649
1489993810 7649
1490004924 7444
1490086475 7650
1490265564 7653
1490272223 7721
1490272391 7703
1490275775 7653
1490381309 7458
1490603794 7654
1490623448 7757
1490623465 7336
1490623510 7336
1490624396 7336
1490624688 7336
1490624892 7365
1490698159 7365
1490792200 7414
1490959096 7465
1490959151 7465
1490959192 7496
1490959356 7505
1490970919 7505
1490970938 7505
1490970956 7505
1491206611 7458
1491219348 7508
1491219494 7521
1491263846 7520
1491263924 7588
1491471049 7722
1491490444 7812
1491508885 7510
1491825659 7511
1492163053 7827
1492381269 8795
1492381277 7581
1492383431 8862
1492384795 8891
1492418577 9053
1492436643 8973
1492514105 7521
1492514184 7810
1492514250 7776
1492514298 7532
1492514616 9213
1492514742 7884
1492516229 9057
1492554061 8373
1492556078 8568
1492556214 8625
1492589242 7721
1492708319 8663
1492854735 7913
1493202306 9019
1493205259 7886
1493741974 7912
1493896040 7913
1493929769 7914
1493982628 7914
1493982809 7923
1493997442 7925
1493999906 7927
1494000620 7924
1494236093 7927
1494247401 7925
1494257266 7936
1494259641 7937
1494359476 7936
1494436805 7961
1494535928 7937
1494816400 10690
1494970109 7965
1495055248 10460
1495231880 9536
1495275893 9681
1495276476 9905
1495279758 9956
1495279847 10249
1495281878 10440
1495290322 10597
1495390817 11263
1495391866 11174
1495392236 11409
1495393210 10682
1495395453 10691
1495395947 7922
1495417998 11234
1495545397 9019
1495680713 9053
1495729648 9537
1495731074 10688
1495758743 10690
1495770604 11426
1495772968 10750
1495774063 10811
1495842576 10701
1495845424 10701
1495868399 10700
1495871573 10700
1495913452 10702
1495951846 10702
1495954651 10691
1496005697 10093
1496006760 10728
1496018319 10690
1496043842 11078
1496058852 10698
1496091861 11205
1496101584 10702
1496136356 10690
1496149895 10692
1496236547 10696
1496407009 10694
1496605177 10797
1496685199 10400
1496761874 10694
1496775701 10696
1496835251 10694
1496908918 10806
1496913572 10804
1497353841 10807
1497363086 10806
1497366235 10807
1497764612 10076
1498129332 10465
1498134983 10811
1498135335 10813
1498145083 10825
1498186054 10813
1498200137 11428
1498211056 11266
1498215015 10823
1498495474 10823
1498533428 10829
1498536479 11131
1498565507 11203
1498629519 10701
1498647981 11139
1498742112 12628
1498748960 10716
1498756333 10717
1498824047 10725
1498824117 10727
1498824235 11188
1498989495 10777
1499062606 10717
1499068183 10717
1499159624 11203
1499690147 11131
1499800791 11374
1499812745 10580
1499861180 11282
1499863634 10745
1499872460 11258
1499949560 11270
1499955528 11273
1499973106 11297
1500062224 11194
1500074688 11196
1500076448 11196
1500156287 11312
1500280868 11258
1500281523 11259
1500390619 11260
1500392822 11333
1500393812 11314
1500394168 11339
1500445080 11433
1500450661 11442
1500454628 11436
1500476260 11461
1500547691 11438
1500549579 11434
1500551519 11398
1500562124 11380
1500623421 11392
1500623600 11397
1500645184 11398
1500645209 11398
1500892669 10076
1500896010 10076
1500896887 10077
1500898951 10101
1500929724 10101
1500930023 10414
1500983691 10408
1500987215 10443
1501007378 10481
1501011097 10415
1501012376 10467
1501014651 10423
1501019980 10429
1501060162 10429
1501063581 10429
1501066570 10466
1501153430 10453
1501154967 10597
1501162187 10457
1501240456 10458
1501250892 10458
1501492494 10448
1501493665 10597
1501524887 10458
1501593473 10436
1501793169 10440
1501850514 10441
1502123358 10597
1502356828 10600
1502361578 10602
1502361718 10596
1502371070 10596
1502382230 10595
1502443489 10598
1502712638 10602
1502719085 10602
1502883435 10605
1503308761 10606
1503308944 10598
1503313477 10638
1503317577 10626
1503321491 10658
1503346297 10549
1503347353 10660
1503349967 10660
1503354408 10552
1503392082 10660
1503392111 10660
1503405860 10660
1503430730 10656
1503438151 10549
1503505013 10673
1503651990 10556
1503652075 10561
1503657533 10561
1503660438 10558
1503663172 10558
1503664130 10563
1503668280 10562
1503668896 10562
1504014856 10584
1504082251 10577
1504179023 10714
1504179813 10573
1504179920 10470
1504182986 10573
1504217591 10573
1504267656 10667
1504269940 10698
1504270445 10698
1504271754 10698
1504517832 10668
1504521954 10696
1504528036 10675
1504529016 10677
1504600229 10490
1504691126 10461
1504697432 10522
1504774712 10470
1505120183 10492
1505131379 10463
1505223246 10463
1505230425 10462
1505233438 10463
1505745843 10824
1505746909 10770
1505818306 10462
1505831081 10463
1505892620 10463
1505896046 10463
1505904259 10500
1505906127 10542
1505908226 10559
1505911061 10583
1505914933 10655
1505917500 10696
1505918378 10583
1505920102 10583
1505988003 10737
1506007558 10751
1506031428 10752
1506073605 10751
1506329641 10753
1506332179 10753
1506340667 10753
1506348667 10753
1506516357 10824
1506523167 10824
1506590919 10822
1506685422 10823
1506688587 10823
1506701615 10826
1506795547 12405
1506800060 12415
1506952531 12642
1506981543 12639
1507227170 12720
1507552277 12642
1507633354 12649
1507634795 12650
1507637941 12717
1507638246 12650
1507638515 12720
1507641892 12653
1507653839 12767
1507711206 12720
1507713220 12720
1507713848 12720
1507728530 12720
1507809474 12721
1508791259 12574
1508856911 12721
1509106084 12721
1509108500 12721
1509113480 12789
1509355082 12526
1509355329 12635
1509545983 12723
1509546859 12725
1509547076 12723
1509553035 12758
1509553395 12762
1509556543 12761
1509561647 12538
1509643925 12573
1509722435 12539
1509725799 12546
1510381164 12544
1510519612 12544
1510584281 12544
1510592100 12565
1510712171 12571
1511192641 12571
1511255280 12571
1511340587 12567
1511792769 12571
1511994003 12580
1512155230 12578
1512379602 12579
1513589153 12583
1513589306 12582
1514911130 12583
1515065632 12805
1515066795 12786
1515081227 12571
1515089019 12494
1515108593 12547
1515110051 12551
1515111243 12523
1515146215 12493
1515167288 12494
1515167466 12494
1515167537 12490
1515167645 12490
1515167691 12493
1515167722 12500
1515167779 12495
1515167886 12493
1515168013 12545
1515170790 12545
1515171253 12542
1515171514 12542
1515175241 12547
1515176385 12541
1515186593 12526
1515406768 12526
1515409335 12548
1515413720 12572
1515418868 12537
1515421376 12680
1515423459 12611
1515426903 12645
1515429785 12603
1515431080 12603
1515494757 12536
1515495429 12540
1515498181 12533
1515498409 12596
1515498425 12596
1515520416 12596
1515520451 12602
1515587094 12647
1515590068 12601
1515590903 12644
1515596385 12645
1515602399 12667
1515622362 12746
1515622503 12746
1515622964 12746
1515674502 12767
1515698060 12746
1515764088 12781
1515765914 12268
1515768025 12781
1515768902 12783
1515769247 12258
1515769293 12782
1515774706 12781
1515966520 12783
1516010109 12784
1516017037 12798
1516018703 12797
1516019095 12800
1516019422 12637
1516019799 12641
1516020195 12643
1516022606 12642
1516032217 12650
1516091953 12650
1516093486 12657
1516172238 12724
1516195437 11682
1516195748 11673
1516197058 11533
1516201138 11473
1516203461 12725
1516204229 11400
1516204344 11389
1516205605 11383
1516275494 11364
1516275560 11360
1516275584 11360
1516275601 11358
1516276113 12774
1516276936 12775
1516277157 11354
1516277729 12785
1516278410 11343
1516279427 11353
1516367754 11264
1516367769 11265
1516711442 12743
1516804859 12756
1516805108 12756
1516810044 12755
1516885528 12775
1516894072 12787
1516918065 12768
1516960565 12789
1517566737 12787
1517856893 11344
1517857884 11345
1517857907 11368
1517857925 11368
1518178762 11369
1518178831 11367
1518182898 12261
1518187728 12334
1518610140 12535
1518610255 12535
1518611235 12536
1518611649 12538
1518611810 12538
1518612935 12532
1518613010 12532
1518613550 12562
1518613868 12562
1518615321 12574
1518616140 12576
1518616164 12576
1518616449 12578
1518616540 12577
1518619112 12577
1518619137 12576
1518620057 12584
1518620307 12656
1518623482 12656
1518624691 12656
1518624883 12656
1518625077 12656
1518625261 12664
1518625476 12672
1518625650 12680
1518625958 12688
1518626166 12688
1518627677 12689
1518627805 12689
1518628885 12697
1518676597 12736
1518731942 13096
1518732566 13097
1518733232 13099
1518734069 13100
1518734572 13100
1518735248 13100
1518736197 13104
1518737698 13124
1518739855 13131
1518741072 13135
1518742435 13187
1518742777 12992
1518742929 12992
1518782204 13033
1518782986 13051
1518799654 13063
1518801993 13052
1518802682 13048
1518805341 13053
1518807213 13051
1518809282 13062
1518810083 13062
1518810645 13063
1518811458 13075
1518812029 13089
1518813663 13111
1518814003 13109
1518815063 13113
1518815601 13133
1518816337 13133
1518816409 13123
1518816968 13132
1518817111 13115
1518817259 13119
1518818302 13141
1518818661 13163
1518819088 13171
1518819319 13183
1518819983 13235
1518820568 13258
1518820927 13269
1518821165 13280
1518821435 13291
1518821674 13303
1518823017 13320
1518823227 13320
1518823882 13320
1518824714 13913
1518824779 13913
1518825373 13913
1518825559 13320
1518877136 13330
1518877287 13330
1518878754 13336
1518879922 13336
1518884089 13339
1518884757 13340
1518884834 13341
1518885000 13341
1518885396 13341
1518885627 13341
1518886883 13341
1518920203 13457
1518920886 13457
1518922225 13457
1518922350 13461
1518923794 13461
1518924312 13461
1518925160 13457
1518925363 13457
1518955998 13458
1518956535 13465
1518956882 13470
1518957033 13470
1518957571 13470
1518963949 14248
1518964364 13455
1518969867 13455
1518971015 13462
1518971784 13462
1518972996 13463
1518974051 13465
1519040970 13480
1519041399 13483
1519044501 13485
1519044785 13487
1519046503 13488
1519047231 13491
1519049156 13510
1519049601 13511
1519049924 13511
1519051613 14256
1519051914 14256
1519053596 14254
1519056216 14248
1519056243 14256
1519056991 14260
1519057016 14260
1519057628 14258
1519058064 14240
1519058128 14235
1519058330 14235
1519058453 14264
1519060064 14266
1519060078 14266
1519063787 14267
1519064077 14271
1519069014 14275
1519069453 14275
1519070015 14276
1519070221 14276
1519071458 14269
1519071501 14269
1519072184 14269
1519076443 14286
1519076637 14287
1519076663 14288
1519076711 14288
1519076733 14289
1519078983 14290
1519081436 14303
1519081553 14303
1519082319 14303
1519118567 14312
1519118740 14312
1519119957 14312
1519120192 14312
1519121520 14312
1519124346 14318
1519127812 14321
1519131933 14322
1519133701 14317
1519135322 14322
1519137005 14322
1519137127 14322
1519138747 14324
1519138943 14330
1519140907 14345
1519140934 14373
1519141472 14373
1519141906 14376
1519142803 14376
1519143136 14377
1519144266 14376
1519144449 14380
1519145834 14387
1519154520 14377
1519154904 14380
1519155156 14380
1519167311 14382
1519202103 14398
1519202166 14419
1519202190 14419
1519206765 14419
1519209858 14420
1519214265 14419
1519215433 14420
1519218782 14462
1519218823 14517
1519219132 14516
1519219140 14597
1519220908 14586
1519221754 14586
1519228728 14586
1519228761 14588
1519228939 14590
1519229242 14591
1519235329 14690
1519235634 14691
1519235926 14691
1519236021 14691
1519236683 14692
1519237131 14692
1519237323 14692
1519238588 14694
1519239414 14701
1519239863 14701
1519240611 14687
1519240732 14687
1519241428 14694
1519241605 14694
1519241675 14694
1519242400 14695
1519244213 14756
1519244304 14756
1519244434 14756
1519246433 14766
1519246661 14772
1519246955 14772
1519247396 14773
1519247590 14771
1519247950 14776
1519248300 14776
1519248396 14775
1519248494 14775
1519249102 14778
1519249193 14779
1519249257 14779
1519249904 14779
1519289687 14779
1519289828 14779
1519291109 14779
1519292933 14784
1519293598 14783
1519295153 14790
1519295535 14791
1519296385 14791
1519297171 14791
1519299709 14777
1519300503 14789
1519306124 14798
1519307163 14798
1519308347 14801
1519310017 14801
1519312371 14802
1519318955 14881
1519319181 14885
1519319262 14885
1519321635 15039
1519322715 15039
1519323788 15036
1519323925 15037
1519324240 15052
1519324979 15050
1519325364 15052
1519325387 15052
1519325439 15054
1519326700 15055
1519327669 15055
1519399145 15055
1519400273 15032
1519400860 15032
1519421251 15033
1519421300 15033
1519421717 15033
1519421868 15033
1519421885 15033
1519422202 15033
1519422294 15033
1519422323 15033
1519422379 15033
1519422393 15033
1519422907 15039
1519422936 15031
1519422974 15065
1519423031 15263
1519424151 15279
1519424377 15288
1519424894 15333
1519424918 15333
1519425133 15333
1519425189 15331
1519425204 15332
1519425247 15332
1519425259 15348
1519427787 15348
1519556390 15369
1519559233 15374
1519560390 15384
1519561516 15391
1519562364 15391
1519571215 15422
1519571491 15407
1519572802 15417
1519572958 15417
1519573631 15417
1519574696 15420
1519574811 15420
1519574941 15374
1519577478 15384
1519577576 15384
1519577690 15384
1519583412 15384
1519644843 15386
1519662554 15383
1519665175 15333
1519665476 15335
1519665689 15333
1519725364 15345
1519725450 15345
1519726221 15368
1519727979 15367
1519728520 15367
1519741471 15372
1519810967 15457
1519811033 15457
1519811598 15458
1519812176 15458
1519818132 15460
1519822557 15456
1519825265 15456
1519825279 15453
1519826352 15453
1519826365 15453
1519837231 15460
1519907463 15461
1519919368 15465
1519919392 15462
1519920285 15469
1520001507 15469
1520505465 15469
1520507189 15469
1520507598 15473
1520837664 15567
1520837683 15570
1520837787 15937
1521024886 15603
1521024951 15590
1521024960 15670
1521034904 15670
1521039036 15563
1521039047 15563
1521099709 15562
1521100265 15563
1521101301 15563
1521134002 15563
1521134064 15574
1521134284 15621
1521135661 15621
1521203203 15681
1521209361 15681
1521209806 15962
1521211502 15968
1521219371 15683
1521453383 15926
1521453607 15683
1521456332 15926
1521570127 15954
1521571546 15962
1521646967 15968
1521649398 15968
1521649494 15968
1521649531 15968
1521649768 15968
1521698836 15966
1521718397 15979
1521719750 15971
1521720836 15971
1521729518 15971
1521734595 15971
1521735166 15975
1521735457 15975
1521736209 15975
1521759039 15975
1521759084 15975
1521759095 15975
1521759149 15976
1521759177 15976
1521759194 15976
1522168629 15979
1522174526 15979
1523080847 16001
1523088111 16008
1523088147 16031
1523088743 16031
1523109118 16043
1523109131 16043
1523109646 16039
1523131851 16042
1523131901 5563
1523131920 5589
1523133347 5589
1523364023 5591
1523463575 5591
1523608766 5595
1523629393 5599
1523968651 5601
1524487982 5599
1524509003 5602
1524597436 5601
1524597495 5604
1524600684 5647
1524618549 5606
1525095148 5124
1525161384 5147
1525165249 5149
1525165309 5138
1525170226 5138
1525466278 5139
1526213631 5140
1526283847 5141
1526463033 5141
1526511374 5182
1526646118 5191
1526648933 5201
1526649957 5200
1526936991 5200
1526941047 5200
1526982057 5200
1526986614 5202
1526988322 5203
1526989654 5203
1526990505 5203
1526990981 5204
1526991002 5204
1526991302 5204
1526993066 5204
1526993089 5204
1526993091 5203
1526993116 5203
1526993118 5203
1526993120 5202
1526993121 5200
1526996284 5200
1526996996 5201
1527000202 5210
1527000502 5211
1527000913 5210
1527169238 5208
1527169537 5209
1527169894 5211
1527594140 5211
1527594171 5210
1527683552 5208
1528468112 5200
1528468708 5208
1528797965 5210
1528881077 5208
1528881205 5216
1528881304 5230
1528902104 5230
1528904554 5230
1528910251 5231
1528967882 5231
1529048996 5233
1529482233 5232
1529494262 5232
1529574592 5232
1529574967 5232
1529584289 5232
1529586010 5261
1529590810 5266
1529664970 5266
1529668113 5278
1529668706 5278
1529670082 5279
1529670668 5279
1529671665 5280
1529671956 5280
1529672204 5280
1529672654 5280
1529672897 5279
1529679460 5279
1529679688 5279
1529684434 5287
1529686917 5287
1529687274 5284
1529687542 5136
1529692956 5136
1529693559 5136
1529695929 5136
1529696047 5136
1529702287 5136
1529702988 5135
1529919821 5135
1529928965 5136
1530012348 5136
1530108276 5139
1530192126 5140
1530874379 5142
1530878243 5143
1530893242 5143
1532510396 5239
1532951884 5149
1532957449 5159
1532957569 5158
1532959570 5161
1532959579 5160
1532959937 5171
1532960370 5163
1532961386 5136
1532962096 5130
1532962452 5133
1533053761 5142
1533130809 5144
1533131984 5133
1533132003 5134
1533158346 5161
1533206472 5132
1533217052 5133
1533220452 5135
1533221775 5134
1533550861 5134
1533620274 5180
1533621322 5182
1533622243 5164
1533653851 5172
1533819480 5172
1533821478 5184
1533832209 5192
1533909630 5196
1534165663 5208
1534165681 5258
1534239003 5257
1534243443 5257
1534849727 5238
1535361444 5245
1535371930 5251
1535454360 5251
1535456786 5251
1535461002 5254
1535467238 5241
1536060247 5241
1536151164 5308
1536223564 5313
1536223579 5313
1536224076 5321
1536226279 5286
1536230073 5292
1536257605 5290
1536321062 5316
1536322231 5316
1536326135 5316
1536921974 5344
1536921994 5343
1536922039 5343
1537281227 5343
1537451428 5344
1537521457 5364
1537521560 5360
1537521759 5361
1537534161 5370
1537534246 5375
1537786458 5370
1538485748 5378
1538671470 5381
1538671599 5382
1539007994 5382
1539009461 5382
1539009556 5376
1539011710 5381
1539013661 5376
1539018746 5383
1539018761 5384
1539022676 5352
1539023043 5352
1539029116 5358
1539624362 5370
1539691269 5371
1539695162 5372
1539712784 5363
1539773915 5364
1539775719 5360
1539862025 5584
1539863316 5584
1539865774 5585
1539865935 5585
1539871160 5585
1539934786 5586
1539934864 5587
1539935252 5588
1539935373 5589
1539938161 5589
1539941581 5588
1539942172 5593
1539945391 5644
1539947098 5589
1540201020 5644
1540201926 5649
1540201937 5640
1540201951 5641
1540202033 5641
1540204396 5600
1540204597 5600
1540213511 5640
1540213562 5601
1540213691 5590
1540220108 5590
1540225037 5601
1540284727 5601
1540285038 5601
1540291906 5600
1540392926 5601
1540393308 5603
1540393469 5604
1540395055 5605
1540395133 5606
1540395360 5607
1540395532 5608
1540395696 5609
1540395807 5610
1540406708 5608
1540451732 5609
1540451808 5610
1540451872 5611
1540451929 5612
1540452040 5613
1540477970 5618
1540549363 5619
1540559501 5617
1540808937 5619
1540895266 5618
1540909583 5620
1540909944 5625
1540981323 5624
1541151868 5623
1541152120 5622
1541152221 5621
1541159261 5621
1541411265 5620
1541411386 5621
1541411554 5620
1541419826 5619
1541424440 5619
1541429705 5619
1541432092 5620
1541497402 5623
1541498936 5618
1541500988 5623
1541579728 5624
1541583438 5623
1541585214 5624
1541617854 5622
1541757587 5621
1542015937 5619
1542017549 5620
1542100539 5619
1542119010 5621
1542186966 5620
1542187381 5619
1542285832 5620
1542286359 5636
1542286695 5636
1542287408 5632
1542287911 5632
1542289165 5633
1542289185 5632
1542290680 5632
1542291914 5633
1542292797 5643
1542361111 5633
1542363611 5634
1542364543 5635
1542365193 5635
1542366706 5639
1542367160 5644
1542624121 5643
1542631373 5642
1542644243 5844
1542719459 5845
1542878763 5847
1542972410 5914
1542977854 5935
1542978688 5935
1542980030 5936
1542981233 5936
1542989203 5949
1542989506 5952
1542989650 5952
1542990688 5951
1543004435 5951
1543234895 5951
1543312524 5951
1543335584 6015
1543335783 6015
1543336040 6015
1543336652 6013
1543399434 6013
1543399880 6013
1543481899 6013
1543483494 6026
1543483518 6036
1543483725 6036
1543488783 6083
1543499632 6083
1543503926 6084
1543504891 6081
1543521771 6082
1543522344 6085
1543567709 6105
1543569315 6105
1543569526 6105
1543581138 6105
1543585871 6112
1543586635 6114
1543586844 6115
1543601138 6116
1543828708 6117
1543830122 6117
1543830578 6128
1543846620 6127
1543859057 6130
1543859076 6129
1543859095 6128
1543920911 6127
1543932849 5993
1543934187 6126
1543936967 6051
1544010466 5987
1544016778 5981
1544018458 5989
1544018469 5989
1544025652 5988
1544091231 5977
1544092995 5971
1544107124 5971
1544107131 5988
1544107444 5987
1544108054 5986
1544109417 5980
1544110389 5979
1544113997 5978
1544177871 5977
1544187062 5981
1544194325 5989
1544195745 5987
1544199934 5987
1544201921 5990
1544202186 5996
1544203969 5997
1544204802 5998
1544204849 5997
1544204855 5996
1544378587 5995
1544378648 5994
1544697339 5998
1544716663 5903
1545038723 5902
1545042599 5901
1545048286 5907
1545067694 6058
1545067996 6058
1545083270 6059
1545125977 6057
1545130041 6057
1545232343 6056
1545296412 6056
1545302656 6056
1546429539 6634
1546436467 6096
1546437120 6096
1546441638 6099
1546502296 6104
1546502585 6106
1546502772 6140
1546507186 6140
1546509612 6140
1546511034 6235
1546521146 6140
1546523584 6581
1546523989 6587
1546525750 6603
1546587289 6235
1546587382 6234
1546591905 6449
1546595629 6234
1546604995 6449
1546605006 6853
1546618129 6857
1546867834 6857
1546867915 6899
1546939479 6898
1546983983 6913
1547040706 6918
1547053828 6971
1547066646 6971
1547116241 6972
1547122551 6968
1547123055 6970
1547125336 6970
1547125463 6970
1547135413 6972
1547135775 6981
1547203864 6987
1547203938 6986
1547204185 6995
1547207301 6996
1547207664 6995
1547208914 6996
1547209008 6996
1547209078 6997
1547209671 7001
1547210135 7009
1547211959 7008
1547213209 7008
1547213598 7013
1547213867 7017
1547221736 7023
1547222134 7020
1547231913 7022
1547239320 7021
1547296441 7027
1547296459 7021
1547296799 7028
1547374371 7030
1547457899 7020
1547460245 7020
1547466508 7024
1547473804 7024
1547475530 7017
1547480639 7026
1547480716 7034
1547497015 7035
1547497107 7037
1547555195 7038
1547556618 7037
1547557187 7043
1547558526 7042
1547627649 7042
1547635469 7040
1547638361 7041
1547644576 7091
1547644609 7050
1547645529 7090
1547649806 7152
1547715433 7090
1547726396 7152
1547726788 7157
1547727010 6532
1547730065 6541
1547730668 6542
1547735867 6560
1547736552 6560
1547745425 6563
1547746233 6571
1547746306 6571
1547804058 6572
1547807884 6572
1547808910 6585
1547814213 6586
1547823333 6572
1547827281 6623
1547897848 6734
1547899926 6681
1547900343 6681
1547901150 6682
1548014131 6682
1548169302 6672
1548169401 8995
1548263251 6673
1548430842 8990
1548510336 8991
1548680412 8991
1548692369 8991
1548852081 8992
1548862455 8996
1548957067 9022
1549211090 9208
1549234731 9261
1549290304 9261
1549291432 9261
1549297527 9262
1549354442 9265
1549354912 9265
1549355581 9272
1549366848 9277
1549374546 9282
1549381190 9286
1549381339 9281
1549383043 9283
1549389211 9284
1549396283 9410
1549396821 9412
1549397058 9412
1549397310 9417
1549401236 9417
1549401250 9421
1549402935 9482
1549403068 9495
1549403764 9495
1549450205 9497
1549457637 9502
1549550491 9497
1549550682 9496
1549555863 9495
1549900519 9503
1549961538 9503
1550049614 9508
1550072397 9546
1550139076 9541
1550147938 10242
1550237592 9541
1550589738 9557
1550768580 9565
1550840665 9566
1550848223 9588
1550856648 9611
1550856981 9611
1550858111 9611
1551079893 9614
1551080093 9612
1551082651 9611
1551082795 9611
1551103063 9621
1551111878 9622
1551122218 9621
1551183611 9627
1551183753 9634
1551199204 9634
1551255799 9634
1551261909 9634
1551274849 9638
1551282502 9638
1551350618 9638
1551351355 9933
1551353622 9960
1551367052 9962
1551367062 9944
1551368922 9945
1551369848 9938
1551371798 9942
1551377392 9947
1551378019 9947
1551378412 9948
1551402721 9949
1551434335 9950
1551439018 9950
1551439410 9951
1551692668 9948
1551703627 9947
1551704250 9947
1551704579 9943
1551706768 9952
1551709845 9952
1551715618 9952
1551723302 9958
1551782705 9951
1551783399 9956
1551784267 9977
1551801490 9980
1551803287 9980
1551804329 9987
1551804990 9988
1551805378 9988
1551874074 10000
1551890077 10071
1551944792 10072
1551956172 10023
1551958405 10022
1551961600 10022
1551966738 10048
1551967070 10082
1551973855 10084
1551973866 10084
1551974919 10129
1551979215 10129
1551982063 10133
1551990104 10129
1552009014 10166
1552035719 10169
1552036818 10168
1552044180 10168
1552067793 10168
1552300423 10168
1552312334 10179
1552315793 10168
1552316093 10186
1552346330 10149
1552418785 10154
1552436409 10154
1552468009 10153
1552471091 10195
1552481581 10205
1552482169 10201
1552482933 10198
1552486267 10198
1552489507 10199
1552489819 10200
1552527149 10199
1552559135 10201
1552559152 10201
1552567962 10201
1552590298 10201
1552649228 10200
1553006806 10201
1553097961 10202
1553187015 10203
1553678718 10202
1553680349 10208
1553701903 11463
1553703026 11493
1553709330 11572
1553710201 11581
1553763603 11598
1553773714 11618
1553775142 11642
1553776576 11652
1553779666 11719
1553779859 11720
1553781582 11732
1553781648 11737
1553858398 11836
1553860365 11856
1553861028 11875
1553865036 11883
1553866848 11912
1553867277 10210
1553868123 11916
1553869092 11916
1553869280 11919
1553870465 11907
1553872353 11924
1553874098 11929
1553874303 11932
1553922811 10211
1554109867 10212
1554110778 10212
1554112433 10239
1554124113 11991
1554194237 10237
1554375910 10236
1554387167 10240
1554388016 10242
1554388042 10242
1554395620 12016
1554396322 12016
1554398323 12103
1554713568 12113
1554716989 12115
1554718583 12145
1554729482 12287
1554748366 12299
1554804177 12310
1554809231 12380
1554810286 12380
1554816771 12368
1554816861 12368
1554818568 12458
1554818752 12455
1554818961 10242
1555080327 10318
1555085330 10318
1555314557 10317
1555335387 10380
1555338840 10382
1555342032 10382
1555405886 10373
1555415030 10381
1555416561 10383
1555424475 10429
1555427476 10420
1555427583 10421
1555430756 10429
1555430850 10429
1555435266 10430
1555435450 10430
1555442989 10431
1555509835 11098
1555509983 11100
1555514828 11104
1555523151 11099
1555574429 11100
1555586547 11104
1555586587 11084
1555586655 11093
1555586705 11116
1555590214 11100
1555590727 11106
1555591196 11122
1555591657 11126
1555591667 11134
1555595544 11121
1555595650 11112
1555598463 11116
1555599684 8667
1555600006 8663
1555603248 8684
1556021790 8686
1556021846 8690
1556023570 8690
1556029998 8678
1556030789 8684
1556035038 8668
1556035081 8668
1556095055 8670
1556118071 8625
1556118456 8627
1556175888 8626
1556183626 8618
1556198084 8667
1556791231 8664
1556806627 8662
1556807369 8663
1556807749 8664
1556809735 8657
1556892728 8660
1557142127 8662
1557142150 8661
1557143955 8665
1557144560 8667
1557146602 8667
1557217864 8665
1557221180 8702
1557221743 8698
1557225639 8701
1557235378 8706
1557309374 8746
1557314202 8835
1557314379 8810
1557314488 8810
1557316299 8810
1557316811 8810
1557318305 9231
1557321570 9228
1557321599 9228
1557321667 9230
1557323410 9226
1557328116 9226
1557330254 9193
1557331731 12455
1557331836 12456
1557332204 12460
1557332733 12464
1557333539 12467
1557398841 12487
1557407314 12491
1557407424 12491
1557415706 12505
1557416100 12501
1557420345 12567
1557484908 9198
1557484941 9278
1557497094 9342
1557503905 9342
1557504157 12705
1557525924 9342
1557733865 9343
1557744635 9343
1557746692 9343
1557750624 9343
1557833191 12709
1557833412 9343
1557834420 12723
1557838491 12797
1557839315 9348
1557841530 9348
1557841628 9382
1557849333 12838
1557850163 9418
1557853915 12886
1557855684 12958
1557920539 9423
1557923174 12959
1557923568 12957
1557924205 12954
1557924336 12954
1557924930 12965
1557925103 12964
1557926664 12965
1557926786 12965
1557927058 12968
1557928906 12973
1557930962 12975
1557937116 9428
1557951504 9428
1557992673 9427
1557997449 9427
1557997603 9427
1557998035 9427
1557998073 9428
1557999291 9425
1557999303 9427
1557999394 9385
1557999472 9397
1557999527 9391
1557999551 9392
1557999641 9390
1557999698 9372
1557999715 9369
1557999728 9358
1558000004 9367
1558000165 9366
1558004752 9369
1558006273 9369
1558012937 9432
1558013471 9430
1558013882 9430
1558025872 9430
1558027666 9430
1558029857 9434
1558083011 9425
1558090424 9423
1558095735 9691
1558171264 9750
1558207620 9754
1558209804 9748
1558209875 9748
1558209978 9740
1558210167 9744
1558210247 9730
1558210548 9737
1558210886 9715
1558211777 9721
1558212856 9667
1558214066 9663
1558215203 9663
1558215783 9664
1558215857 9665
1558215975 9665
1558216259 9665
1558218417 9666
1558219643 9664
1558294276 9664
1558294321 9670
1558296059 9674
1558296108 9661
1558297780 9661
1558298469 9662
1558338510 9661
1558338671 9661
1558345216 9732
1558424533 9731
1558432082 9731
1558433301 9731
1558440173 9729
1558442739 9727
1558451198 9737
1558451438 9744
1558451519 9753
1558453308 9758
1558454089 9763
1558455735 9764
1558467754 9798
1558526607 9797
1558526621 9835
1558529415 9835
1558530872 9813
1558540321 9809
1558597912 9816
1558602467 9843
1558623811 9847
1558626998 9853
1558697044 9859
1558701449 9860
1558703900 10100
1558704189 9863
1558704417 9863
1558704815 9869
1558954821 10029
1558961233 10048
1558966157 10048
1558966879 10048
1559034972 10029
1559035311 10111
1559041628 10071
1559045937 10079
1559046520 10085
1559047291 10087
1559051413 10094
1559051656 10079
1559054571 10133
1559055715 10106
1559057169 10134
1559059415 10185
1559060488 10135
1559122976 10138
1559146055 10111
1559147582 10133
1559308914 10190
1559312052 10930
1559544690 10139
1559553701 10259
1559558895 10259
1559641967 10280
1559648674 10282
1559649852 10276
1559652610 10277
1559659459 10171
1559732019 10172
1559735967 10277
1559755556 10277
1559766833 10277
1559767663 10283
1559818618 10242
1559820275 10247
1559820930 10254
1559821307 10249
1559821958 10143
1559824481 10143
1559825030 10143
1559832469 10141
1559899862 10172
1559900126 10171
1559900339 10189
1559919467 10184
1559934569 10184
1560269239 10184
1560273718 13025
1560332629 10190
1560344764 13033
1560345819 13035
1560346761 11073
1560351478 13094
1560351561 13094
1560419910 10194
1560429025 10194
1560430225 10202
1560430242 10196
1560430399 10205
1560430431 10208
1560432623 13092
1560509589 13091
1560509840 13096
1560512796 13099
1560514382 13120
1560516292 13122
1560525125 13122
1560525458 13149
1560525590 13140
1560525885 13140
1560526001 13140
1560526307 13140
1560526839 13140
1560527131 13144
1560527181 13144
1560768389 13144
1560774713 13151
1560774846 13147
1560777691 13147
1560849821 10207
1560857652 10450
1560923735 10763
1560932952 10733
1560940418 10449
1560951860 10449
1561126127 10449
1561126501 11009
1561134634 10780
1561378810 10733
1561380712 10733
1561396931 13263
1561396946 13265
1561461933 10777
1561465570 13270
1561471140 10778
1561641124 10778
1561641582 10779
1561644656 10794
1561654196 13278
1561654611 13280
1561717295 13290
1561732721 13291
1561733483 11169
1561733524 11175
1561733549 11182
1561733558 11174
1561733608 11169
1561733620 11169
1561733642 11163
1561733657 11163
1561733693 11167
1561733743 11185
1562064475 10799
1562064724 13291
1562065219 13289
1562082829 13289
1562247175 13369
1562247869 10800
1562252995 13374
1562255679 13376
1562256250 13414
1562329629 13436
1562330535 13436
1562330905 13437
1562332328 13438
1562338082 13472
1562343330 13740
1562571342 10799
1562605022 13740
1562671943 13814
1562672120 13838
1562766515 13833
1562767542 13833
1562846196 10798
1562848132 10890
1562848755 11231
1562851539 11169
1562851593 11215
1562855596 11234
1562858362 13839
1562858427 13839
1562920473 11261
1562936441 11088
1562936449 11084
1563196483 11208
1563199088 11177
1563267683 11154
1563269857 11174
1563283654 11194
1563283683 11202
1563286716 11181
1563287261 11173
1563364147 11173
1563376108 11173
1563436970 13323
1563436996 11153
1563438096 11153
1563441698 11158
1563441770 11159
1563448242 11213
1563449745 11220
1563453965 11218
1563460152 11215
1563529234 11216
1563529332 11217
1563529349 11181
1563719792 14185
1563719800 13307
1563786450 11185
1563806189 13962
1563869744 11186
1563869790 11253
1563904886 13962
1563957716 13960
1563968556 13957
1563972450 14134
1563977791 14134
1564488759 13308
1564658246 13327
1564754353 13333
1564760423 13314
1564760517 13311
1564816319 13309
1564817646 13310
1564818344 13323
1564820892 13330
1564994643 13310
1565089622 13312
1565091943 13312
1565118466 13319
1565167364 13327
1565184527 13319
1565271588 13319
1565291906 13324
1565621798 13327
1565621816 13339
1565622577 13344
1565802312 13349
1566388730 13349
1566400581 13349
1566404906 13354
1566553333 13354
1566557796 13354
1566562831 13370
1566826515 13353
1567000886 13438
1567155903 13438
1567156075 13438
1567161296 13446
1567162828 13446
1567517483 13210
1567597183 13213
1567687184 13210
1567774507 13340
1567777938 13342
1567777945 13341
1568039477 13341
1568042857 13344
1568044703 13344
1568044711 13342
1568105177 13347
1568117650 13349
1568117661 13349
1568122810 13349
1568211199 13349
1568362802 13355
1568371559 13359
1568378664 13364
1568642937 13369
1568715413 13645
1568716972 13645
1568720777 13644
1568804852 13648
1568901448 13662
1569055975 13662
1569058747 13683
1569062086 13662
1569323020 13683
1569486437 13684
1569488503 13685
1569826020 13686
1569826404 13687
1569827411 13685
1569828459 13684
1570018817 13684
1570018879 13682
1570623369 13683
1570624452 13683
1570627604 13691
1570629079 13683
1570787753 13690
1570798500 13692
1571049942 13695
1571065912 13695
1571127056 13695
1571142846 13695
1571217555 13698
1571218898 13698
1571219080 13698
1571323612 13699
1571325216 13700
1571387779 13699
1571844262 13694
1572111273 13713
1572111498 13711
1572114166 13710
1572254938 13721
1572262674 13721
1572266361 13751
1572270526 13753
1572270603 13762
1572516784 13763
1572525807 13762
1572859062 13761
1572874591 13760
1572879133 13791
1573460713 13792
1573559342 13792
1573560863 13792
1573564938 13791
1573569067 13791
1573641182 13791
1573642282 13791
1573821507 13817
1574688377 13822
1575281088 13823
1576262450 13911
1576354949 13895
1576678630 14084
1576765978 14084
1576765987 14091
1576766917 14091
1576786594 14095
1576859366 14110
1576865028 14110
1576871610 14110
1576875364 14122
1576918782 14132
1577097203 14133
1577114015 14169
1577114022 14173
1577114037 14204
1577117892 14210
1577129999 14210
1577136351 14210
1577138110 14210
1577186650 14215
1577196003 14210
1577197749 14224
1577391372 14220
1577395612 14220
1577466598 14221
1577707296 14221
1578570923 14222
1578585589 14222
1578992781 14221
1579084495 14221
1579097115 14222
1579528737 14222
1579529129 14222
1579535857 14221
1579693422 14231
1580050352 14232
1580138344 14252
1580305394 14252
1580305601 14260
1580377728 14265
1580390663 14264
1580395227 14264
1580724671 14263
1580726793 14271
1580730322 14272
1580744584 14413
1580812637 14413
1580816724 14413
1580849654 14414
1580909392 14414
1580917850 14414
1580917890 14401
1580917974 14408
1580918014 14409
1580918052 14524
1580918061 14521
1580918113 14533
1580919087 14521
1580928987 14520
1580971357 14550
1580971575 14550
1580985951 14482
1580988960 14494
1581001593 14513
1581437315 14528
1581507763 14523
1581592803 14528
1581601836 14528
1581686681 14528
1581688596 14528
1581946344 14525
1581955922 14519
1581958547 13936
1581958639 13942
1581958727 14070
1581958755 14068
1581958768 14069
1581958776 14069
1581958788 14068
1581960592 14071
1581961827 14072
1581962103 14074
1581964920 14084
1581965110 14088
1581965783 14088
1581966092 14088
1582030767 14088
1582047305 14097
1582048464 14103
1582048523 14103
1582200802 14106
1582204003 14149
1582215197 14212
1582215660 14236
1582277295 14236
1582277452 14236
1582279230 14236
1582280415 14237
1582281751 14237
1582284507 14333
1582297730 14336
1582304254 14337
1582878319 15180
1582884079 15180
1582885004 15180
1582885265 14337
1582886216 14338
1582893089 15181
1582893124 15181
1582893804 15181
1583227322 15181
1583255425 15181
1583340527 15187
1583341090 15186
1583349580 15218
1583350819 15234
1583504033 15234
1584010730 15233
1584458946 15199
1584458983 15199
1584459986 15198
1584461275 15259
1584461423 15259
1584461507 15259
1584461811 15294
1584521242 15293
1585567961 15293
1585641431 15294
1585653203 15295
1585745263 15295
1585818018 15295
1587650189 15299
1588591113 15256
1588606679 15262
1589957398 15278
1591088399 15279
1591173912 15278
1591176465 15279
1591359202 15284
1591359216 15284
1591378984 15420
1591787160 15277
1592301023 15284
1592301573 15271
1592307139 15273
1592309523 15273
1592580301 15472
1592580518 15474
1592937061 15813
1592937150 15797
1592987644 15476
1593165657 15476
1593424768 15477
1593429224 15477
1593521914 15479
1593604098 15481
1593608116 15480
1593677446 15479
1593691740 15479
1593698575 15479
1593704696 15480
1593783312 15479
1594671775 15479
1594813878 15479
1594896489 15478
1595578411 15479
1595925409 15508
1595953450 15508
1596806222 15536
1596812706 15513
1597051093 15514
1597071358 15519
1597146697 15519
1597316021 15524
1597923012 15524
1598005081 15533
1598005695 15533
1598013296 15537
1598021914 15544
1598026084 15532
1598031656 15528
1598038519 15522
1598095907 15572
1598343818 15712
1598442657 15720
1598444771 15722
1598495775 15764
1598517099 15728
1598525795 15741
1600088271 15767
1600156323 15766
1600178385 15770
1600182368 15770
1600264362 15776
1600708486 15795
1600708910 15795
1600719725 15813
1600872095 15812
1601646389 15814
1601900692 15813
1601912525 15814
1602244216 15815
1602505741 15818
1602672287 15815
1602679490 15815
1603092794 15840
1603107126 15840
1603121071 15938
1603123239 15938
1603207350 15952
1603368885 16186
1604989587 16185
1605096346 16180
1605625921 16186
1605701734 16183
1605729832 16181
1605795615 16182
1605799429 16183
1605809688 16200
1606765870 16199
1607005971 16265
1607006040 16266
1607025793 16251
1607025846 16265
1607029025 16266
1607542216 16345
1607955408 16345
1607956413 16334
1607957618 16336
1608036147 16337
1608222712 16348
1609854777 16335
1611585437 16338
1611585816 16338
1611682249 16336
1611740950 16336
1611767763 16335
1611829684 16337
1611829851 16337
1612444698 16337
1612868076 16337
1613057555 16355
1613396916 16343
1613401614 16343
1613409680 16232
1613410298 16241
1613473149 16241
1613574835 16241
1613740682 16241
1614012391 16441
1614094655 16446
1614095580 16446
1614162784 16446
1614355243 16448
1616504444 16448
1617122045 16448
1617278673 16453
1617287011 16467
1617288562 16469
1617906872 16453
1618580884 16467
1618595075 16467
1618991393 16532
1618993913 16532
1618996955 16532
1619101157 16532
1619102963 16534
1620206801 16534
1620215616 16534
1620245060 16537
1620245078 16537
1620255034 16543
1620753105 16543
1620826885 16581
1620836047 16588
1620839259 16583
1621499806 16584
1621522836 16584
1622121020 16608
1622121886 16608
1622123654 16608
1622129887 16609
1623065562 16608
1623145485 16610
1623354775 16616
1623401499 16630
1623404998 16649
1623811189 16650
1623918271 16651
1625063172 16650
1625084916 16650
1625084929 16650
1625084962 16639
1625084991 16639
1625154906 16623
1625155348 16595
1625155369 16618
1625156904 16620
1625174873 16641
1625174905 16579
1625174992 16579
1625175006 16579
1625175022 16641
1625175032 16635
1625175050 16642
1625205960 16635
1625205971 16641
1625216990 16641
1625246433 16643
1625246440 16638
1625255648 16641
1625492364 16620
1626068811 16625
1626188965 16630
1626255246 16630
1626787987 16631
1626788015 16631
1627288881 16636
1627290319 16636
1627291974 16636
1627293953 16636
1627466213 16637
1628317760 16641
1628365996 16635
1628419334 16578
1628419469 16578
1628421159 16578
1628424889 16579
1628449198 16578
1628449238 16577
1628672815 16597
1628673171 16597
1628680482 16597
1628681164 16597
1628693881 16579
1629123718 16579
1629214955 16587
1629226292 16587
1629294125 16588
1629720748 16589
1629726959 30168
1629730472 16590
1630078670 16609
1630333294 16615
1630336816 16609
1630341578 16619
1631183617 16619
1631184269 16619
1631288311 16620
1631517003 16980
1631802943 17173
1632136637 17368
1632397140 17357
1632416104 17366
1632477187 17366
1632491261 17366
1632717144 17419
1632717303 18882
1632750700 18882
1632800939 18925
1632807162 18925
1632847701 18925
1632884346 18835
1632896222 18855
1633094475 18796
1633094744 18836
1633095487 18836
1633095720 18837
1633095813 18837
1633096374 18825
1633097430 30477
1633102307 18825
1633102588 30472
1633102949 31897
1633104970 31903
1633105042 30472
1633105055 31993
1633105077 30196
1633105098 32085
1633105113 30480
1633125096 30167
1633160608 30473
1633161572 30238
1633366062 18837
1633621252 18820
1633687394 18812
1633961756 18956
1633961848 18928
1633962020 19089
1633962065 19089
1633965230 19089
1633965882 19145
1633965928 19148
1633966396 19148
1633966630 30496
1633966802 30498
1633967275 30493
1633967305 30493
1633967330 30493
1633967356 30493
1633967406 30493
1633968526 30169
1633991670 30170
1634307502 30172
1634648510 30172
1634660024 30177
1634726049 31894
1634742084 31905
1634756832 31908
1634760125 32168
1634760134 32170
1634760183 32171
1634760929 32172
1634761702 32179
1634761942 32184
1634762237 32224
1634762435 32226
1634770981 32226
1634810604 32381
1634810764 32381
1634811201 32381
1634831002 32381
1634836169 32381
1634836209 32381
1634842930 32381
1634844385 32381
1634844756 32390
1634845298 32389
1634849412 32389
1634851869 32389
1634882147 32389
1634882246 32389
1635166977 32389
1635177084 33409
1635177127 33413
1635246974 33410
1635246983 33411
1635249456 33412
1635250516 33479
1635250713 33479
1635251184 33531
1635251345 33528
1635256651 33531
1635963202 33531
1636016853 33531
1637014670 33622
1637771798 33622
1638870045 33622
1638870628 33622
1639045570 33621
1639478973 34138
1639482147 34137
1639497179 34137
1639497802 34136
1639501685 34133
1639572749 34146
1639750887 34146
1640028567 34150
1640260866 34152
1641371973 34151
1641375231 34153
1641378626 34156
1641379004 34156
1641813787 34156
1641905981 34157
1641907608 34271
1641908267 34388
1641913738 34391
1642419626 34391
1642430328 34398
1642688499 34400
1642791531 34398
1643109559 34399
1643188384 34398
1643273925 34399
1643305511 34495
1643406790 34495
1643406870 34495
1643711849 34425
1643711896 34425
1643711948 34425
1643719120 34426
1643719181 34423
1643719485 34417
1643792370 34417
1643792951 34417
1643792962 34417
1643806614 34481
1643810567 34491
1643818125 34491
1643819473 34514
1643819723 34553
1643880266 34553
1643904603 111546
1643967726 111688
1643975794 111691
1643979977 111691
1644334539 111691
1644334549 111690
1644334570 111690
1644334624 111690
1644335169 111690
1644335876 111740
1644499686 111747
1644941576 111749
1644943222 111749
1645023747 111749
1645185616 111673
1645528794 111749
1645692049 111801
1646038600 111801
1646124152 111802
1646149365 111801
1647350231 111802
1647362285 111801
1647432495 111802
1647433415 111915
1647857092 111916
1647956562 111916
1647956790 111916
1648579830 111915
1648719729 111915
1648720193 110551
1649087130 110552
1649184934 110551
1649323786 110552
1649341788 110553
1649345845 110469
1649672610 110489
1649681021 110489
1649693487 110494
1650539903 110516
1650617010 110516
1651531896 110520
1651678765 110511
1651703620 110512
1651857588 110513
1652091332 110513
1652262488 110510
1652284501 110509
1652805834 110509
1652979261 110509
1653474179 110508
1654173451 110508
1654173861 110525
1654867955 110525
1655123925 110525
1655310701 110525
1655819315 110525
1656323036 110525
1656409385 110629
1656439981 110630
1656440167 110660
1656948131 110613
1657022039 110614
1657127715 110614
1657182586 110638
1657183030 110638
1657183366 110638
1657188850 110638
1657194855 110638
1657196101 110637
1657197877 110623
1657271454 110635
