1517420704 2 0 0 0 0 0 0 0 0 0 0 0 0 0 0 0 0 0 0 0
1517423123 3 0 0 0 0 0 0 0 0 0 0 0 0 0 0 0 0 0 0 0
1517423546 4 0 0 0 0 0 0 0 0 0 0 0 0 0 0 0 0 0 0 0
1517424831 4 0 0 0 0 0 0 0 0 0 0 0 0 0 0 0 1 0 0 0
1517425651 4 0 0 0 0 0 0 0 0 0 0 0 0 0 0 0 2 0 0 0
1517426626 4 0 0 0 0 0 0 0 0 0 0 0 0 0 0 0 3 0 0 0
1517429139 4 0 0 0 0 0 0 0 0 0 0 0 0 0 0 0 3 0 0 0
1517429308 4 0 0 1 0 0 0 0 0 0 0 0 0 0 0 0 3 0 0 0
1517599722 5 0 0 1 0 0 0 0 0 0 0 0 0 0 0 0 3 0 0 0
1517601023 5 0 0 2 0 0 0 0 0 0 0 0 0 0 0 0 3 0 0 0
1517626992 6 0 0 2 0 0 0 0 0 0 0 0 0 0 0 0 3 0 0 0
1517627510 6 0 0 3 0 0 0 0 0 0 0 0 0 0 0 0 3 0 0 0
1517850573 7 0 0 3 0 0 0 0 0 0 0 0 0 0 0 0 3 0 0 0
1517851118 7 0 0 4 0 0 0 0 0 0 0 0 0 0 0 0 3 0 0 0
1517855066 8 0 0 4 0 0 0 0 0 0 0 0 0 0 0 0 3 0 0 0
1517855161 8 0 0 5 0 0 0 0 0 0 0 0 0 0 0 0 3 0 0 0
1518017787 8 0 0 6 0 0 0 0 0 0 0 0 0 0 0 0 3 0 0 0
1518122893 10 0 0 6 0 0 0 0 0 0 0 0 0 0 0 0 3 0 0 0
1518181093 10 0 0 7 0 0 0 0 0 0 0 0 0 0 0 0 3 0 0 0
1518181190 11 0 0 7 0 0 0 0 0 0 0 0 0 0 0 0 3 0 0 0
1518557121 12 0 0 7 0 0 0 0 0 0 0 0 0 0 0 0 3 0 0 0
1518557170 12 0 0 8 0 0 0 0 0 0 0 0 0 0 0 0 3 0 0 0
1518557636 12 1 0 8 0 0 0 0 0 0 0 0 0 0 0 0 3 0 0 0
1518566942 12 1 0 9 0 0 0 0 0 0 0 0 0 0 0 0 3 0 0 0
1518567093 13 1 0 9 0 0 0 0 0 0 0 0 0 0 0 0 3 0 0 0
1518571634 14 1 0 9 0 0 0 0 0 0 0 0 0 0 0 0 3 0 0 0
1518572945 15 1 0 9 0 0 0 0 0 0 0 0 0 0 0 0 3 0 0 0
1518738914 16 1 0 9 0 0 0 0 0 0 0 0 0 0 0 0 3 0 0 0
1518739034 16 1 0 10 0 0 0 0 0 0 0 0 0 0 0 0 3 0 0 0
1518742005 17 1 0 10 0 0 0 0 0 0 0 0 0 0 0 0 3 0 0 0
1518742029 17 1 0 11 0 0 0 0 0 0 0 0 0 0 0 0 3 0 0 0
1519082661 18 1 0 11 0 0 0 0 0 0 0 0 0 0 0 0 3 0 0 0
1519083876 18 1 0 12 0 0 0 0 0 0 0 0 0 0 0 0 3 0 0 0
1519087816 19 1 0 12 0 0 0 0 0 0 0 0 0 0 0 0 3 0 0 0
1519327054 19 1 0 12 0 0 0 0 0 0 0 0 0 0 0 0 3 0 0 0
1519327287 19 1 0 13 0 0 0 0 0 0 0 0 0 0 0 0 3 0 0 0
1519382650 19 1 0 13 0 0 0 0 0 0 0 0 0 0 0 0 3 0 0 0
1519383189 19 1 0 13 0 0 0 0 0 0 0 0 0 0 0 0 3 0 0 0
1519612709 20 1 0 13 0 0 0 0 0 0 0 0 0 0 0 0 3 0 0 0
1519613370 20 1 0 14 0 0 0 0 0 0 0 0 0 0 0 0 3 0 0 0
1519677947 21 1 0 14 0 0 0 0 0 0 0 0 0 0 0 0 3 0 0 0
1519678025 21 1 0 15 0 0 0 0 0 0 0 0 0 0 0 0 3 0 0 0
1519766644 22 1 0 15 0 0 0 0 0 0 0 0 0 0 0 0 3 0 0 0
1519853461 23 1 0 15 0 0 0 0 0 0 0 0 0 0 0 0 3 0 0 0
1519853589 23 1 0 16 0 0 0 0 0 0 0 0 0 0 0 0 3 0 0 0
1519860899 24 1 0 16 0 0 0 0 0 0 0 0 0 0 0 0 3 0 0 0
1519861065 24 1 0 17 0 0 0 0 0 0 0 0 0 0 0 0 3 0 0 0
1520200221 24 2 0 17 0 0 0 0 0 0 0 0 0 0 0 0 3 0 0 0
1520201160 24 3 0 17 0 0 0 0 0 0 0 0 0 0 0 0 3 0 0 0
1520206587 24 4 0 17 0 0 0 0 0 0 0 0 0 0 0 0 3 0 0 0
1524486903 24 4 0 18 0 0 0 0 0 0 0 0 0 0 0 0 3 0 0 0
1524668293 24 4 0 19 0 0 0 0 0 0 0 0 0 0 0 0 3 0 0 0
1524687620 24 4 0 20 0 0 0 0 0 0 0 0 0 0 0 0 3 0 0 0
1524861557 24 4 0 21 0 0 0 0 0 0 0 0 0 0 0 0 3 0 0 0
1525183144 25 4 0 21 0 0 0 0 0 0 0 0 0 0 0 0 3 0 0 0
1525183310 25 4 0 22 0 0 0 0 0 0 0 0 0 0 0 0 3 0 0 0
1525692209 26 4 0 22 0 0 0 0 0 0 0 0 0 0 0 0 3 0 0 0
1525696286 27 4 0 22 0 0 0 0 0 0 0 0 0 0 0 0 3 0 0 0
1525979995 28 4 0 22 0 0 0 0 0 0 0 0 0 0 0 0 3 0 0 0
1526038260 28 4 0 23 0 0 0 0 0 0 0 0 0 0 0 0 3 0 0 0
1526062186 29 4 0 23 0 0 0 0 0 0 0 0 0 0 0 0 3 0 0 0
1526062343 29 4 0 24 0 0 0 0 0 0 0 0 0 0 0 0 3 0 0 0
1526083154 30 4 0 24 0 0 0 0 0 0 0 0 0 0 0 0 3 0 0 0
1526124415 30 4 0 25 0 0 0 0 0 0 0 0 0 0 0 0 3 0 0 0
1526129860 31 4 0 25 0 0 0 0 0 0 0 0 0 0 0 0 3 0 0 0
1526130004 31 4 0 26 0 0 0 0 0 0 0 0 0 0 0 0 3 0 0 0
1526145863 32 4 0 26 0 0 0 0 0 0 0 0 0 0 0 0 3 0 0 0
1526166924 32 4 0 27 0 0 0 0 0 0 0 0 0 0 0 0 3 0 0 0
1526385345 33 4 0 27 0 0 0 0 0 0 0 0 0 0 0 0 3 0 0 0
1526385435 33 4 0 28 0 0 0 0 0 0 0 0 0 0 0 0 3 0 0 0
1527198039 33 4 0 30 0 0 0 0 0 0 0 0 0 0 0 0 3 0 0 0
1527260076 33 4 0 31 0 0 0 0 0 0 0 0 0 0 0 0 3 0 0 0
1527260120 33 4 0 32 0 0 0 0 0 0 0 0 0 0 0 0 3 0 0 0
1527261129 34 4 0 32 0 0 0 0 0 0 0 0 0 0 0 0 3 0 0 0
1527261290 34 4 0 33 0 0 0 0 0 0 0 0 0 0 0 0 3 0 0 0
1528567693 34 4 0 33 0 0 0 0 0 0 0 0 0 0 0 0 3 0 0 0
1528718067 35 4 0 33 0 0 0 0 0 0 0 0 0 0 0 0 3 0 0 0
1529100138 36 4 0 33 0 0 0 0 0 0 0 0 0 0 0 0 3 0 0 0
1529101685 37 4 0 33 0 0 0 0 0 0 0 0 0 0 0 0 3 0 0 0
1529149325 38 4 0 33 0 0 0 0 0 0 0 0 0 0 0 0 3 0 0 0
1530147899 39 4 0 33 0 0 0 0 0 0 0 0 0 0 0 0 3 0 0 0
1530221634 40 4 0 33 0 0 0 0 0 0 0 0 0 0 0 0 3 0 0 0
1530224443 41 4 0 33 0 0 0 0 0 0 0 0 0 0 0 0 3 0 0 0
1530225918 42 4 0 33 0 0 0 0 0 0 0 0 0 0 0 0 3 0 0 0
1530246827 42 4 0 34 0 0 0 0 0 0 0 0 0 0 0 0 3 0 0 0
1530721201 43 4 0 34 0 0 0 0 0 0 0 0 0 0 0 0 3 0 0 0
1530721530 44 4 0 34 0 0 0 0 0 0 0 0 0 0 0 0 3 0 0 0
1530722514 45 4 0 34 0 0 0 0 0 0 0 0 0 0 0 0 3 0 0 0
1530722775 46 4 0 34 0 0 0 0 0 0 0 0 0 0 0 0 3 0 0 0
1530723441 47 4 0 34 0 0 0 0 0 0 0 0 0 0 0 0 3 0 0 0
1530958887 48 4 0 34 0 0 0 0 0 0 0 0 0 0 0 0 3 0 0 0
1530982920 48 4 0 35 0 0 0 0 0 0 0 0 0 0 0 0 3 0 0 0
1530984830 49 4 0 35 0 0 0 0 0 0 0 0 0 0 0 0 3 0 0 0
1531338054 49 4 0 36 0 0 0 0 0 0 0 0 0 0 0 0 3 0 0 0
1531339436 49 4 0 37 0 0 0 0 0 0 0 0 0 0 0 0 3 0 0 0
1531409388 52 4 0 38 0 0 0 0 0 0 0 0 0 0 0 0 3 0 0 0
1531409994 53 4 0 38 0 0 0 0 0 0 0 0 0 0 0 0 3 0 0 0
1531446033 54 4 0 38 0 0 0 0 0 0 0 0 0 0 0 0 3 0 0 0
1531580674 55 4 0 38 0 0 0 0 0 0 0 0 0 0 0 0 3 0 0 0
1531586109 56 4 0 38 0 0 0 0 0 0 0 0 0 0 0 0 3 0 0 0
1531589009 57 4 0 38 0 0 0 0 0 0 0 0 0 0 0 0 3 0 0 0
1531655699 57 4 0 39 0 0 0 0 0 0 0 0 0 0 0 0 3 0 0 0
1531662327 58 4 0 39 0 0 0 0 0 0 0 0 0 0 0 0 3 0 0 0
1531662677 59 4 0 39 0 0 0 0 0 0 0 0 0 0 0 0 3 0 0 0
1531675886 60 4 0 39 0 0 0 0 0 0 0 0 0 0 0 0 3 0 0 0
1532621750 60 4 0 39 0 0 0 0 0 0 0 0 0 0 0 0 3 0 0 0
1533461157 60 4 0 39 0 0 0 0 0 0 0 0 0 0 0 0 3 0 0 0
1533462446 61 4 0 39 0 0 0 0 0 0 0 0 0 0 0 0 3 0 0 0
1533463259 62 4 0 39 0 0 0 0 0 0 0 0 0 0 0 0 3 0 0 0
1533510249 63 4 0 39 0 0 0 0 0 0 0 0 0 0 0 0 3 0 0 0
1533608132 64 4 0 39 0 0 0 0 0 0 0 0 0 0 0 0 3 0 0 0
1533765441 65 4 0 39 0 0 0 0 0 0 0 0 0 0 0 0 3 0 0 0
1533778475 66 4 0 39 0 0 0 0 0 0 0 0 0 0 0 0 3 0 0 0
1533824997 67 4 0 39 0 0 0 0 0 0 0 0 0 0 0 0 3 0 0 0
1533832929 68 4 0 39 0 0 0 0 0 0 0 0 0 0 0 0 3 0 0 0
1533844298 69 4 0 39 0 0 0 0 0 0 0 0 0 0 0 0 3 0 0 0
1533856777 70 4 0 39 0 0 0 0 0 0 0 0 0 0 0 0 3 0 0 0
1533897298 71 4 0 39 0 0 0 0 0 0 0 0 0 0 0 0 3 0 0 0
1533901115 72 4 0 39 0 0 0 0 0 0 0 0 0 0 0 0 3 0 0 0
1533904242 73 4 0 39 0 0 0 0 0 0 0 0 0 0 0 0 3 0 0 0
1533914868 74 4 0 39 0 0 0 0 0 0 0 0 0 0 0 0 3 0 0 0
1533916155 75 4 0 39 0 0 0 0 0 0 0 0 0 0 0 0 3 0 0 0
1534038888 76 4 0 39 0 0 0 0 0 0 0 0 0 0 0 0 3 0 0 0
1534171932 77 4 0 39 0 0 0 0 0 0 0 0 0 0 0 0 3 0 0 0
1534184360 78 4 0 39 0 0 0 0 0 0 0 0 0 0 0 0 3 0 0 0
1534246865 78 4 0 40 0 0 0 0 0 0 0 0 0 0 0 0 3 0 0 0
1534247436 78 4 0 41 0 0 0 0 0 0 0 0 0 0 0 0 3 0 0 0
1534254919 79 4 0 41 0 0 0 0 0 0 0 0 0 0 0 0 3 0 0 0
1534256670 80 4 0 41 0 0 0 0 0 0 0 0 0 0 0 0 3 0 0 0
1534259420 81 4 0 41 0 0 0 0 0 0 0 0 0 0 0 0 3 0 0 0
1534283343 82 4 0 41 0 0 0 0 0 0 0 0 0 0 0 0 3 0 0 0
1534523807 83 4 0 41 0 0 0 0 0 0 0 0 0 0 0 0 3 0 0 0
1534785430 84 4 0 41 0 0 0 0 0 0 0 0 0 0 0 0 3 0 0 0
1534806345 85 4 0 41 0 0 0 0 0 0 0 0 0 0 0 0 3 0 0 0
1534813624 86 4 0 41 0 0 0 0 0 0 0 0 0 0 0 0 3 0 0 0
1534929752 87 4 0 41 0 0 0 0 0 0 0 0 0 0 0 0 3 0 0 0
1534962598 88 4 0 41 0 0 0 0 0 0 0 0 0 0 0 0 3 0 0 0
1535475428 88 4 0 42 0 0 0 0 0 0 0 0 0 0 0 0 3 0 0 0
1535480696 89 4 0 42 0 0 0 0 0 0 0 0 0 0 0 0 3 0 0 0
1536005459 90 4 0 42 0 0 0 0 0 0 0 0 0 0 0 0 3 0 0 0
1536015022 91 4 0 42 0 0 0 0 0 0 0 0 0 0 0 0 3 0 0 0
1536015825 92 4 0 42 0 0 0 0 0 0 0 0 0 0 0 0 3 0 0 0
1536065206 93 4 0 42 0 0 0 0 0 0 0 0 0 0 0 0 3 0 0 0
1536065273 94 4 0 42 0 0 0 0 0 0 0 0 0 0 0 0 3 0 0 0
1536884371 94 4 0 43 0 0 0 0 0 0 0 0 0 0 0 0 3 0 0 0
1536918279 94 4 0 44 0 0 0 0 0 0 0 0 0 0 0 0 3 0 0 0
1537035075 94 4 0 44 0 0 0 0 0 0 0 0 0 0 0 0 3 0 0 0
1537310025 94 4 0 45 0 0 0 0 0 0 0 0 0 0 0 0 3 0 0 0
1540334586 94 4 0 45 0 0 1 0 0 0 0 0 0 0 0 0 3 0 0 0
1540334680 94 4 0 45 0 0 2 0 0 0 0 0 0 0 0 0 3 0 0 0
1540406068 94 4 0 45 0 0 2 0 0 0 0 0 0 0 0 0 3 0 1 0
1540409837 94 4 0 45 0 0 2 0 0 0 0 0 0 0 0 0 3 0 2 0
1540418089 94 4 0 45 0 0 3 0 0 0 0 0 0 0 0 0 3 0 2 0
1540418375 94 4 0 45 0 0 4 0 0 0 0 0 0 0 0 0 3 0 2 0
1540570228 94 4 0 45 0 0 4 0 0 0 0 0 0 0 0 0 3 0 3 0
1543327248 94 4 0 45 0 0 4 0 0 0 0 0 0 0 0 0 3 0 3 0
1543403688 94 4 0 45 0 0 4 0 0 0 0 0 0 0 0 0 3 0 3 0
1543417067 94 4 0 45 0 0 4 0 0 0 0 0 0 0 0 0 3 0 3 0
1547469983 94 4 0 45 0 0 4 0 0 0 0 0 0 0 0 0 3 0 3 0
1548984097 94 4 0 45 0 0 4 0 0 0 0 0 0 0 0 0 3 0 3 0
1550072234 94 4 0 45 0 0 4 0 0 0 0 0 0 0 0 0 3 0 3 0
1550690340 94 4 0 45 0 0 4 0 0 0 0 0 0 0 0 1 3 0 3 0
1551814964 94 4 0 45 0 0 4 0 0 0 0 0 0 0 0 1 3 0 3 0
1552327362 94 4 0 45 0 0 4 0 0 0 0 0 0 0 0 1 3 0 3 0
1553040596 94 5 0 45 0 0 4 0 0 0 0 0 0 0 0 1 3 0 3 0
1553042003 94 5 0 45 0 0 4 0 0 0 0 0 0 0 0 1 3 0 3 0
1554164939 94 5 0 45 0 0 4 0 0 0 0 0 0 0 0 2 3 0 3 0
1554165157 94 5 0 45 0 0 4 0 0 0 0 0 0 0 0 3 3 0 3 0
1557935500 94 5 0 45 0 0 4 0 0 0 0 0 0 0 0 3 3 0 3 0
1558118171 94 5 0 45 0 0 5 0 0 0 0 0 0 0 0 3 3 0 3 0
1559247363 94 5 0 45 0 0 5 0 0 0 0 0 0 0 0 3 3 0 3 0
1559247383 94 5 0 45 0 0 5 0 0 0 0 0 1 0 0 3 3 0 3 0
1560319864 94 5 0 45 0 0 6 0 0 0 0 0 1 0 0 3 3 0 3 0
1560361953 94 5 0 45 0 0 7 0 0 0 0 0 1 0 0 3 3 0 3 0
1560379405 94 6 0 45 0 0 7 0 0 0 0 0 1 0 0 3 3 0 3 0
1560380192 94 6 0 45 0 0 8 0 0 0 0 0 1 0 0 3 3 0 3 0
1560380462 94 6 0 45 0 0 9 0 0 0 0 0 1 0 0 3 3 0 3 0
1560380664 94 7 0 45 0 0 9 0 0 0 0 0 1 0 0 3 3 0 3 0
1560380848 94 8 0 45 0 0 9 0 0 0 0 0 1 0 0 3 3 0 3 0
1560397468 94 8 0 45 0 0 10 0 0 0 0 0 1 0 0 3 3 0 3 0
1560397712 94 8 0 45 0 0 11 0 0 0 0 0 1 0 0 3 3 0 3 0
1560398952 94 8 0 45 0 0 12 0 0 0 0 0 1 0 0 3 3 0 3 0
1560399157 94 9 0 45 0 0 12 0 0 0 0 0 1 0 0 3 3 0 3 0
1560402359 94 10 0 45 0 0 12 0 0 0 0 0 1 0 0 3 3 0 3 0
1560402394 94 11 0 45 0 0 12 0 0 0 0 0 1 0 0 3 3 0 3 0
1560402538 94 12 0 45 0 0 12 0 0 0 0 0 1 0 0 3 3 0 3 0
1560402570 94 13 0 45 0 0 12 0 0 0 0 0 1 0 0 3 3 0 3 0
1561079055 94 13 0 45 0 0 13 0 0 0 0 0 1 0 0 3 3 0 3 0
1561081221 94 13 0 45 0 0 14 0 0 0 0 0 1 0 0 3 3 0 3 0
1561081499 94 14 0 45 0 0 14 0 0 0 0 0 1 0 0 3 3 0 3 0
1561081996 94 15 0 45 0 0 14 0 0 0 0 0 1 0 0 3 3 0 3 0
1562086590 94 16 0 45 0 0 14 0 0 0 0 0 1 0 0 3 3 0 3 0
1562090194 94 16 0 45 0 0 15 0 0 0 0 0 1 0 0 3 3 0 3 0
1562090690 94 17 0 45 0 0 15 0 0 0 0 0 1 0 0 3 3 0 3 0
1565362627 94 17 0 45 0 0 15 0 0 0 0 0 1 0 0 3 3 0 3 0
1565362650 94 17 0 45 0 0 16 0 0 0 0 0 1 0 0 3 3 0 3 0
1565479911 94 17 0 45 0 0 17 0 0 0 0 0 1 0 0 3 3 0 3 0
1565480065 94 18 0 45 0 0 17 0 0 0 0 0 1 0 0 3 3 0 3 0
1565648376 94 19 0 45 0 0 17 0 0 0 0 0 1 0 0 3 3 0 3 0
1565649598 94 20 0 45 0 0 17 0 0 0 0 0 1 0 0 3 3 0 3 0
1567201357 94 20 0 45 0 0 17 0 0 0 0 0 1 0 0 3 3 0 3 0
1567201409 94 20 0 45 0 0 17 0 0 0 0 0 1 0 0 3 3 0 3 0
1567779670 94 20 0 45 0 0 17 0 0 0 0 0 1 0 0 3 3 0 3 0
1567792490 94 21 0 45 0 0 17 0 0 0 0 0 1 0 0 3 3 0 3 0
1568232642 94 21 0 45 0 0 17 0 0 0 0 0 1 0 0 3 3 0 3 0
1568903517 94 21 0 45 0 0 17 0 0 0 0 0 1 0 0 3 3 0 3 0
1568952166 94 21 0 45 0 0 17 0 0 0 0 0 1 0 0 3 3 0 3 0
1569344486 94 22 0 45 0 0 17 0 0 0 0 0 1 0 0 3 3 0 3 0
1569607506 94 22 0 45 0 0 18 0 0 0 0 0 1 0 0 3 3 0 3 0
1569617885 94 23 0 45 0 0 18 0 0 0 0 0 1 0 0 3 3 0 3 0
1569617893 94 24 0 45 0 0 18 0 0 0 0 0 1 0 0 3 3 0 3 0
1569617911 94 25 0 45 0 0 18 0 0 0 0 0 1 0 0 3 3 0 3 0
1569620777 94 26 0 45 0 0 18 0 0 0 0 0 1 0 0 3 3 0 3 0
1569620916 94 27 0 45 0 0 18 0 0 0 0 0 1 0 0 3 3 0 3 0
1569620939 94 28 0 45 0 0 18 0 0 0 0 0 1 0 0 3 3 0 3 0
1569947716 94 28 0 45 0 0 19 0 0 0 0 0 1 0 0 3 3 0 3 0
1569949897 94 29 0 45 0 0 19 0 0 0 0 0 1 0 0 3 3 0 3 0
1570049190 94 29 0 45 0 0 20 0 0 0 0 0 1 0 0 3 3 0 3 0
1570058908 94 30 0 45 0 0 20 0 0 0 0 0 1 0 0 3 3 0 3 0
1570061286 94 31 0 45 0 0 20 0 0 0 0 0 1 0 0 3 3 0 3 0
1570061455 94 32 0 45 0 0 20 0 0 0 0 0 1 0 0 3 3 0 3 0
1570061785 94 33 0 45 0 0 20 0 0 0 0 0 1 0 0 3 3 0 3 0
1570084636 94 34 0 45 0 0 20 0 0 0 0 0 1 0 0 3 3 0 3 0
1570084721 94 35 0 45 0 0 20 0 0 0 0 0 1 0 0 3 3 0 3 0
1570084851 94 36 0 45 0 0 20 0 0 0 0 0 1 0 0 3 3 0 3 0
1570085863 94 37 0 45 0 0 20 0 0 0 0 0 1 0 0 3 3 0 3 0
1570085959 94 38 0 45 0 0 20 0 0 0 0 0 1 0 0 3 3 0 3 0
1570296276 94 39 0 45 0 0 20 0 0 0 0 0 1 0 0 3 3 0 3 0
1570297431 94 39 0 45 0 0 21 0 0 0 0 0 1 0 0 3 3 0 3 0
1570297481 94 39 0 45 0 0 22 0 0 0 0 0 1 0 0 3 3 0 3 0
1570297591 94 39 0 45 0 0 23 0 0 0 0 0 1 0 0 3 3 0 3 0
1570680086 94 39 0 45 0 0 24 0 0 0 0 0 1 0 0 3 3 0 3 0
1570742389 94 39 0 45 0 0 24 0 0 0 0 0 1 0 0 3 3 0 3 0
1571162402 94 40 0 45 0 0 24 0 0 0 0 0 1 0 0 3 3 0 3 0
1571299622 94 41 0 45 0 0 24 0 0 0 0 0 1 0 0 3 3 0 3 0
1572052108 94 42 0 45 0 0 24 0 0 0 0 0 1 0 0 3 3 0 3 0
1572304118 94 42 0 45 0 0 24 0 0 0 0 0 1 0 0 3 3 0 3 0
1572304240 94 43 0 45 0 0 24 0 0 0 0 0 1 0 0 3 3 0 3 0
1572306044 94 44 0 45 0 0 24 0 0 0 0 0 1 0 0 3 3 0 3 0
1572368745 94 45 0 45 0 0 24 0 0 0 0 0 1 0 0 3 3 0 3 0
1572369706 94 46 0 45 0 0 24 0 0 0 0 0 1 0 0 3 3 0 3 0
1575576037 94 46 0 45 0 0 24 0 0 0 0 1 1 0 0 3 3 0 3 0
1575578142 94 47 0 45 0 0 24 0 0 0 0 1 1 0 0 3 3 0 3 0
1575578254 94 48 0 45 0 0 24 0 0 0 0 1 1 0 0 3 3 0 3 0
1575669986 94 49 0 45 0 0 24 0 0 0 0 1 1 0 0 3 3 0 3 0
1575672469 94 50 0 45 0 0 24 0 0 0 0 1 1 0 0 3 3 0 3 0
1575672525 94 51 0 45 0 0 24 0 0 0 0 1 1 0 0 3 3 0 3 0
1579111678 94 52 0 45 0 0 24 0 0 0 0 1 1 0 0 3 3 0 3 0
1579112128 94 52 0 45 0 0 24 0 0 0 0 1 1 0 0 3 3 0 3 0
1579118840 94 53 0 45 0 0 24 0 0 0 0 1 1 0 0 3 3 0 3 0
1579119382 94 54 0 45 0 0 24 0 0 0 0 1 1 0 0 3 3 0 3 0
1579119429 94 55 0 45 0 0 24 0 0 0 0 1 1 0 0 3 3 0 3 0
1579126783 94 55 0 45 0 0 24 0 0 0 0 1 1 0 0 3 3 0 3 0
1579127035 94 55 0 45 0 0 24 0 0 0 0 2 1 0 0 3 3 0 3 0
1579127441 94 56 0 45 0 0 24 0 0 0 0 2 1 0 0 3 3 0 3 0
1579199221 94 56 0 45 0 0 24 0 1 0 0 2 1 0 0 3 3 0 3 0
1579220152 94 57 0 45 0 0 24 0 1 0 0 2 1 0 0 3 3 0 3 0
1581018941 94 57 0 45 0 0 24 0 1 0 0 2 1 0 0 3 3 0 3 0
1581358188 94 57 0 45 0 1 24 0 1 0 0 2 1 0 0 3 3 0 3 0
1581358931 94 58 0 45 0 1 24 0 1 0 0 2 1 0 0 3 3 0 3 0
1581360116 94 59 0 45 0 1 24 0 1 0 0 2 1 0 0 3 3 0 3 0
1581360147 94 60 0 45 0 1 24 0 1 0 0 2 1 0 0 3 3 0 3 0
1581360238 94 61 0 45 0 1 24 0 1 0 0 2 1 0 0 3 3 0 3 0
1581360277 94 62 0 45 0 1 24 0 1 0 0 2 1 0 0 3 3 0 3 0
1581711730 94 62 0 45 0 1 24 1 1 0 0 2 1 0 0 3 3 0 3 0
1582063690 94 63 0 45 0 1 24 1 1 0 0 2 1 0 0 3 3 0 3 0
1582064830 94 63 0 45 0 2 24 1 1 0 0 2 1 0 0 3 3 0 3 0
1582065992 94 64 0 45 0 2 24 1 1 0 0 2 1 0 0 3 3 0 3 0
1582581376 94 64 0 45 0 2 24 1 1 0 0 2 1 0 0 3 3 0 3 0
1582761809 94 64 0 45 0 2 24 1 1 0 0 2 1 0 0 3 3 0 3 0
1582816612 94 64 0 45 0 3 24 1 1 0 0 2 1 0 0 3 3 0 3 0
1582825467 94 64 0 45 0 4 24 1 1 0 0 2 1 0 0 3 3 0 3 0
1582826970 94 64 0 45 0 4 24 1 1 0 0 2 1 0 0 3 3 0 3 0
1582925192 94 65 0 45 0 4 24 1 1 0 0 2 1 0 0 3 3 0 3 0
1582925432 94 65 0 45 0 5 24 1 1 0 0 2 1 0 0 3 3 0 3 0
1583182062 94 65 0 45 0 6 24 1 1 0 0 2 1 0 0 3 3 0 3 0
1585927677 94 65 0 45 0 7 24 1 1 0 0 2 1 0 0 3 3 0 3 0
1585933830 94 65 0 45 0 8 24 1 1 0 0 2 1 0 0 3 3 0 3 0
1586206950 94 65 0 45 0 8 24 1 1 0 0 2 1 0 0 3 3 0 3 0
1586287229 94 65 0 45 0 8 24 1 1 0 0 2 1 0 0 3 3 0 3 0
1587054368 94 65 0 45 1 8 24 1 1 0 0 2 1 0 0 3 3 0 3 0
1588102880 94 65 0 45 1 8 24 1 1 0 0 2 1 0 0 3 3 0 3 0
1588801847 94 66 0 45 1 8 24 1 1 0 0 2 1 0 0 3 3 0 3 0
1588802353 94 67 0 45 1 8 24 1 1 0 0 2 1 0 0 3 3 0 3 0
1588803736 94 68 0 45 1 8 24 1 1 0 0 2 1 0 0 3 3 0 3 0
1588869890 94 68 0 45 1 9 24 1 1 0 0 2 1 0 0 3 3 0 3 0
1588883473 94 69 0 45 1 9 24 1 1 0 0 2 1 0 0 3 3 0 3 0
1589009791 94 69 0 45 1 9 24 1 1 0 0 2 1 0 0 3 3 0 3 0
1589009852 94 69 0 45 1 9 24 1 1 0 0 2 1 0 0 3 3 0 3 0
1589039251 94 69 0 45 1 10 24 1 1 0 0 2 1 0 0 3 3 0 3 0
1589041056 94 69 0 45 1 10 24 1 1 0 0 2 1 0 0 3 3 0 3 0
1589588022 94 69 0 45 1 11 24 1 1 0 0 2 1 0 0 3 3 0 3 0
1589600098 94 69 0 45 1 12 24 1 1 0 0 2 1 0 0 3 3 0 3 0
1592399150 94 69 0 45 1 12 24 1 1 0 0 3 1 0 0 3 3 0 3 0
1594835467 94 69 0 45 2 12 24 1 1 0 0 3 1 0 0 3 3 0 3 0
1595036057 94 69 0 45 2 12 24 1 1 0 0 3 1 0 0 3 3 0 3 0
1596469321 94 69 0 45 2 12 24 1 1 0 0 3 1 0 0 3 3 0 3 0
1599686517 94 69 0 45 2 12 24 1 1 0 0 3 1 0 0 3 3 0 3 0
1601505226 94 69 0 45 2 12 24 1 1 0 0 4 1 0 0 3 3 0 3 0
1601580090 94 69 0 45 2 12 24 1 1 0 0 4 1 0 0 3 3 0 3 0
1603848513 94 69 0 45 3 12 24 1 1 0 0 4 1 0 0 3 3 0 3 0
1604525220 94 69 0 45 4 12 24 1 1 0 0 4 1 0 0 3 3 0 3 0
1604526614 94 69 0 45 4 12 24 1 1 0 0 4 1 0 0 3 3 0 3 0
1604532310 94 69 0 45 5 12 24 1 1 0 0 4 1 0 0 3 3 0 3 0
1604700102 94 69 0 45 6 12 24 1 1 0 0 4 1 0 0 3 3 0 3 0
1605036416 94 69 0 45 6 13 24 1 1 0 0 4 1 0 0 3 3 0 3 0
1605107874 94 69 0 45 7 13 24 1 1 0 0 4 1 0 0 3 3 0 3 0
1605108324 94 69 0 45 7 13 24 1 1 0 0 4 1 0 0 3 3 0 3 0
1605145293 94 69 1 45 7 13 24 1 1 0 0 4 1 0 0 3 3 0 3 0
1605202135 94 69 1 45 8 13 24 1 1 0 0 4 1 0 0 3 3 0 3 0
1605474921 94 69 2 45 8 13 24 1 1 0 0 4 1 0 0 3 3 0 3 0
1605559431 94 70 2 45 8 13 24 1 1 0 0 4 1 0 0 3 3 0 3 0
1605630266 94 70 2 45 8 13 24 1 2 0 0 4 1 0 0 3 3 0 3 0
1605641205 94 70 2 45 8 14 24 1 2 0 0 4 1 0 0 3 3 0 3 0
1605732914 94 70 2 45 9 14 24 1 2 0 0 4 1 0 0 3 3 0 3 0
1605735517 94 70 2 45 10 14 24 1 2 0 0 4 1 0 0 3 3 0 3 0
1605909089 94 70 2 45 10 14 24 1 2 0 0 4 1 0 0 3 3 0 3 0
1606079696 94 70 2 45 10 14 24 1 2 0 0 4 1 0 0 3 3 0 3 0
1606153641 94 70 2 45 11 14 24 1 2 0 0 4 1 0 0 3 3 0 3 0
1606153650 94 70 2 45 12 14 24 1 2 0 0 4 1 0 0 3 3 0 3 0
1606230567 94 70 2 45 13 14 24 1 2 0 0 4 1 0 0 3 3 0 3 0
1606254102 94 70 2 45 14 14 24 1 2 0 0 4 1 0 0 3 3 0 3 0
1606329229 94 70 2 45 15 14 24 1 2 0 0 4 1 0 0 3 3 0 3 0
1607035872 94 71 2 45 15 14 24 1 2 0 0 4 1 0 0 3 3 0 3 0
1607101324 94 71 2 45 16 14 24 1 2 0 0 4 1 0 0 3 3 0 3 0
1607439247 94 71 2 45 17 14 24 1 2 0 0 4 1 0 0 3 3 0 3 0
1607522178 94 71 2 45 18 14 24 1 2 0 0 4 1 0 0 3 3 0 3 0
1607656273 94 71 3 45 18 14 24 1 2 0 0 4 1 0 0 3 3 0 3 0
1607978273 94 71 3 45 19 14 24 1 2 0 0 4 1 0 0 3 3 0 3 0
1608249810 94 72 3 45 19 14 24 1 2 0 0 4 1 0 0 3 3 0 3 0
1608397089 94 72 4 45 19 14 24 1 2 0 0 4 1 0 0 3 3 0 3 0
1608397751 94 72 5 45 19 14 24 1 2 0 0 4 1 0 0 3 3 0 3 0
1608643522 94 72 5 45 19 14 24 1 2 0 0 4 1 0 0 3 3 0 3 0
1608734399 94 72 5 45 19 14 24 1 2 0 0 4 1 0 0 3 3 1 3 0
1608829008 94 72 6 45 19 14 24 1 2 0 0 4 1 0 0 3 3 1 3 0
1609347135 94 72 6 45 19 15 24 1 2 0 0 4 1 0 0 3 3 1 3 0
1609349883 94 72 6 45 19 15 24 1 2 0 0 4 1 0 0 3 3 1 3 0
1609429882 94 72 6 45 20 15 24 1 2 0 0 4 1 0 0 3 3 1 3 0
1609444925 94 72 6 45 20 15 24 1 2 0 0 4 1 0 0 3 3 1 3 0
1609693497 94 72 6 45 21 15 24 1 2 0 0 4 1 0 0 3 3 1 3 0
1609880293 94 72 6 45 22 15 24 1 2 0 0 4 1 0 0 3 3 1 3 0
1609948818 94 72 6 45 22 16 24 1 2 0 0 4 1 0 0 3 3 1 3 0
1610127884 94 72 6 45 23 16 24 1 2 0 0 4 1 0 0 3 3 1 3 0
1610143559 94 72 6 45 24 16 24 1 2 0 0 4 1 0 0 3 3 1 3 0
1610377930 94 72 6 45 25 16 24 1 2 0 0 4 1 0 0 3 3 1 3 0
1610378880 94 72 6 45 26 16 24 1 2 0 0 4 1 0 0 3 3 1 3 0
1610555507 94 72 6 45 27 16 24 1 2 0 0 4 1 0 0 3 3 1 3 0
1610741948 94 72 7 45 27 16 24 1 2 0 0 4 1 0 0 3 3 1 3 0
1611106124 94 72 8 45 27 16 24 1 2 0 0 4 1 0 0 3 3 1 3 0
1611165293 94 72 8 45 28 16 24 1 2 0 0 4 1 0 0 3 3 1 3 0
1611425540 94 73 8 45 28 16 24 1 2 0 0 4 1 0 0 3 3 1 3 0
1611425577 94 74 8 45 28 16 24 1 2 0 0 4 1 0 0 3 3 1 3 0
1611590071 94 74 8 45 29 16 24 1 2 0 0 4 1 0 0 3 3 1 3 0
1611621370 94 75 8 45 29 16 24 1 2 0 0 4 1 0 0 3 3 1 3 0
1611671828 94 75 8 45 29 16 24 1 2 0 0 4 1 0 0 3 3 1 3 0
1611702168 94 75 8 45 29 16 24 1 2 0 0 4 1 0 0 3 3 1 3 0
1611853358 94 75 8 45 30 16 24 1 2 0 0 4 1 0 0 3 3 1 3 0
1611940421 94 76 8 45 30 16 24 1 2 0 0 4 1 0 0 3 3 1 3 0
1611940706 94 77 8 45 30 16 24 1 2 0 0 4 1 0 0 3 3 1 3 0
1611940834 94 78 8 45 30 16 24 1 2 0 0 4 1 0 0 3 3 1 3 0
1612286351 94 78 8 45 31 16 24 1 2 0 0 4 1 0 0 3 3 1 3 0
1612450316 94 78 8 45 31 16 24 1 2 0 0 4 1 0 0 3 3 1 3 0
1612450341 94 78 8 45 32 16 24 1 2 0 0 4 1 0 0 3 3 1 3 0
1612558285 94 78 8 45 33 16 24 1 2 0 0 4 1 0 0 3 3 1 3 0
1612834035 94 78 8 45 33 16 24 1 2 0 0 4 1 0 0 3 3 1 3 0
1613414608 94 78 8 45 34 16 24 1 2 0 0 4 1 0 0 3 3 1 3 0
1613577018 94 78 9 45 34 16 24 1 2 0 0 4 1 0 0 3 3 1 3 0
1613663722 94 78 10 45 34 16 24 1 2 0 0 4 1 0 0 3 3 1 3 0
1613665010 94 78 10 45 34 17 24 1 2 0 0 4 1 0 0 3 3 1 3 0
1613667422 94 78 10 45 35 17 24 1 2 0 0 4 1 0 0 3 3 1 3 0
1613681439 94 78 10 45 35 17 24 1 2 0 0 4 1 0 0 3 3 1 3 0
1613683433 94 78 11 45 35 17 24 1 2 0 0 4 1 0 0 3 3 1 3 0
1614690578 94 78 11 45 35 18 24 1 2 0 0 4 1 0 0 3 3 1 3 0
1615225108 94 78 11 45 35 19 24 1 2 0 0 4 1 0 0 3 3 1 3 0
1615565404 94 78 11 45 35 19 24 1 2 0 0 4 1 0 0 3 3 1 3 0
1615572978 94 78 11 45 35 19 24 1 2 0 0 4 1 0 0 3 3 1 3 0
1615915856 94 78 12 45 35 19 24 1 2 0 0 4 1 0 0 3 3 1 3 0
1615999318 94 78 12 45 36 19 24 1 2 0 0 4 1 0 0 3 3 1 3 0
1616005682 94 78 12 45 37 19 24 1 2 0 0 4 1 0 0 3 3 1 3 0
1616077538 94 78 12 45 38 19 24 1 2 0 0 4 1 0 0 3 3 1 3 0
1616257309 94 78 12 45 39 19 24 1 2 0 0 4 1 0 0 3 3 1 3 0
1616257388 94 78 12 45 40 19 24 1 2 0 0 4 1 0 0 3 3 1 3 0
1616555192 94 78 12 45 40 19 24 1 2 0 0 4 1 0 0 3 3 1 3 0
1617289970 94 78 12 45 41 19 24 1 2 0 0 4 1 0 0 3 3 1 3 0
1617290005 94 78 12 45 42 19 24 1 2 0 0 4 1 0 0 3 3 1 3 0
1617290028 94 78 12 45 42 19 24 1 2 0 0 4 1 0 0 3 3 1 3 0
1617322473 94 78 12 45 43 19 24 1 2 0 0 4 1 0 0 3 3 1 3 0
1618161920 94 78 12 45 43 19 24 1 2 1 0 4 1 0 0 3 3 1 3 0
1618347566 94 78 13 45 43 19 24 1 2 1 0 4 1 0 0 3 3 1 3 0
1618347606 94 78 14 45 43 19 24 1 2 1 0 4 1 0 0 3 3 1 3 0
1619356493 94 78 15 45 43 19 24 1 2 1 0 4 1 0 0 3 3 1 3 0
1619356526 94 78 16 45 43 19 24 1 2 1 0 4 1 0 0 3 3 1 3 0
1619356548 94 78 17 45 43 19 24 1 2 1 0 4 1 0 0 3 3 1 3 0
1619356578 94 78 17 45 43 19 24 1 2 1 0 4 1 0 0 3 3 1 3 0
1619356619 94 78 18 45 43 19 24 1 2 1 0 4 1 0 0 3 3 1 3 0
1619356710 94 78 18 45 43 19 24 1 2 1 0 4 1 0 0 3 3 1 3 0
1619457434 94 78 18 45 43 19 24 1 2 1 0 4 1 0 0 3 3 1 3 0
1621883759 94 78 19 45 43 19 24 1 2 1 0 4 1 0 0 3 3 1 3 0
1621883769 94 78 20 45 43 19 24 1 2 1 0 4 1 0 0 3 3 1 3 0
1622407232 94 78 20 45 43 20 24 1 2 1 0 4 1 0 0 3 3 1 3 0
1623183328 94 78 20 45 43 20 24 1 2 1 0 4 1 0 0 3 3 1 3 0
1625858714 94 78 20 45 43 20 24 1 2 1 0 4 2 0 0 3 3 1 3 0
1625858870 94 78 20 45 43 20 24 1 2 1 0 4 2 0 0 3 3 1 3 0
1625859499 94 78 21 45 43 20 24 1 2 1 0 4 2 0 0 3 3 1 3 0
1625873866 94 78 21 45 43 20 24 1 3 1 0 4 2 0 0 3 3 1 3 0
1625879294 94 78 21 45 43 20 24 1 3 1 0 4 2 0 0 3 3 1 3 0
1625879749 94 78 22 45 43 20 24 1 3 1 0 4 2 0 0 3 3 1 3 0
1625887853 94 78 22 45 43 20 24 1 3 2 0 4 2 0 0 3 3 1 3 0
1626116548 94 79 22 45 43 20 24 1 3 2 0 4 2 0 0 3 3 1 3 0
1626117178 94 80 22 45 43 20 24 1 3 2 0 4 2 0 0 3 3 1 3 0
1626886340 94 80 23 45 43 20 24 1 3 2 0 4 2 0 0 3 3 1 3 0
1626886460 94 80 24 45 43 20 24 1 3 2 0 4 2 0 0 3 3 1 3 0
1626961380 94 80 24 45 43 20 24 2 3 2 0 4 2 0 0 3 3 1 3 0
1627057937 94 80 25 45 43 20 24 2 3 2 0 4 2 0 0 3 3 1 3 0
1627164857 94 80 25 45 43 21 24 2 3 2 0 4 2 0 0 3 3 1 3 0
1628276386 94 80 25 45 43 21 24 2 3 2 0 4 2 0 0 3 3 1 3 0
1628276547 94 80 25 45 43 22 24 2 3 2 0 4 2 0 0 3 3 1 3 0
1628520680 94 80 25 45 43 22 24 2 3 2 0 4 3 0 0 3 3 1 3 0
1629248186 94 80 25 45 43 23 24 2 3 2 0 4 3 0 0 3 3 1 3 0
1630343621 94 80 25 45 43 23 24 2 3 2 0 4 3 0 0 3 3 1 3 0
1630343654 94 80 26 45 43 23 24 2 3 2 0 4 3 0 0 3 3 1 3 0
1630343687 94 80 27 45 43 23 24 2 3 2 0 4 3 0 0 3 3 1 3 0
1630691517 94 80 27 45 43 24 24 2 3 2 0 4 3 0 0 3 3 1 3 0
1630691532 94 80 27 45 43 24 24 2 3 2 0 4 3 0 0 3 3 1 3 0
1631299829 94 80 27 45 43 24 24 2 4 2 0 4 3 0 0 3 3 1 3 0
1631815172 94 80 27 45 43 24 24 2 5 2 0 4 3 0 0 3 3 1 3 0
1632254924 94 80 27 45 43 24 24 2 5 2 0 4 3 0 0 3 3 1 3 0
1633114509 94 80 27 45 43 24 24 2 5 2 0 4 3 0 0 3 3 1 3 0
1633117540 94 80 27 45 43 24 24 2 5 2 1 4 3 0 0 3 3 1 3 0
1635459247 94 80 27 45 43 24 24 2 5 2 1 4 3 1 0 3 3 1 3 0
1636142517 94 80 27 45 43 24 24 2 5 2 1 4 3 2 0 3 3 1 3 0
1636390655 94 80 27 45 43 25 24 2 5 2 1 4 3 2 0 3 3 1 3 0
1636390836 94 80 27 45 43 26 24 2 5 2 1 4 3 2 0 3 3 1 3 0
1636397447 94 80 27 45 43 27 24 2 5 2 1 4 3 2 0 3 3 1 3 0
1636397484 94 80 27 45 43 28 24 2 5 2 1 4 3 2 0 3 3 1 3 0
1636481565 94 80 27 45 43 28 24 2 5 2 1 4 3 2 0 3 3 1 3 1
1636482764 94 80 27 45 43 28 24 2 5 2 1 4 3 2 0 3 3 1 3 1
1637186636 94 80 28 45 43 28 24 2 5 2 1 4 3 2 0 3 3 1 3 1
1637346099 94 80 29 45 43 28 24 2 5 2 1 4 3 2 0 3 3 1 3 1
1637346127 94 80 30 45 43 28 24 2 5 2 1 4 3 2 0 3 3 1 3 1
1637346155 94 80 31 45 43 28 24 2 5 2 1 4 3 2 0 3 3 1 3 1
1637352657 94 80 31 45 43 28 24 2 5 2 1 4 3 2 0 3 3 1 3 1
1637598202 94 80 32 45 43 28 24 2 5 2 1 4 3 2 0 3 3 1 3 1
1637606915 94 80 32 45 43 28 24 2 5 2 1 4 3 2 0 3 3 1 3 1
1637609188 94 80 32 45 43 29 24 2 5 2 1 4 3 2 0 3 3 1 3 1
1637609944 94 80 33 45 43 29 24 2 5 2 1 4 3 2 0 3 3 1 3 1
1638192791 94 80 33 45 43 29 24 2 5 2 1 4 3 2 0 3 3 1 3 2
1638469310 94 80 33 45 43 30 24 2 5 2 1 4 3 2 0 3 3 1 3 2
1639166802 94 80 33 45 43 30 24 2 5 2 1 4 3 2 0 3 3 1 3 2
1639265077 94 80 33 45 43 30 24 2 5 2 1 4 4 2 0 3 3 1 3 2
1640022961 94 80 33 45 43 30 24 2 5 2 1 4 4 2 0 3 3 1 3 2
1641490124 94 80 33 45 43 30 24 3 5 2 1 4 4 2 0 3 3 1 3 2
1642190073 94 80 34 45 43 30 24 3 5 2 1 4 4 2 0 3 3 1 3 2
1642194265 94 80 35 45 43 30 24 3 5 2 1 4 4 2 0 3 3 1 3 2
1642222065 94 80 36 45 43 30 24 3 5 2 1 4 4 2 0 3 3 1 3 2
1642282666 94 80 37 45 43 30 24 3 5 2 1 4 4 2 0 3 3 1 3 2
1642364271 94 80 37 45 43 31 24 3 5 2 1 4 4 2 0 3 3 1 3 2
1643042065 94 80 37 45 43 31 24 3 5 2 1 4 4 2 0 3 3 1 3 2
1643042079 94 81 37 45 43 31 24 3 5 2 1 4 4 2 0 3 3 1 3 2
1643322162 94 81 38 45 43 31 24 3 5 2 1 4 4 2 0 3 3 1 3 2
1643400076 94 81 39 45 43 31 24 3 5 2 1 4 4 2 0 3 3 1 3 2
1643400590 94 81 39 45 43 31 24 3 5 2 1 4 4 2 0 3 3 1 3 2
1643402321 94 81 39 45 43 31 24 3 5 2 1 4 4 3 0 3 3 1 3 2
1643828836 94 82 39 45 43 31 24 3 5 2 1 4 4 3 0 3 3 1 3 2
1644004204 94 82 39 45 43 31 24 3 5 2 1 4 4 3 0 3 3 1 3 2
1644023532 94 83 39 45 43 31 24 3 5 2 1 4 4 3 0 3 3 1 3 2
1644023669 94 84 39 45 43 31 24 3 5 2 1 4 4 3 0 3 3 1 3 2
1644610274 94 84 39 45 43 31 24 3 5 2 1 4 4 3 0 3 3 1 3 2
1646421676 94 84 40 45 43 31 24 3 5 2 1 4 4 3 0 3 3 1 3 2
1646424305 94 84 40 45 43 31 24 3 6 2 1 4 4 3 0 3 3 1 3 2
1646424364 94 84 40 45 43 31 24 3 7 2 1 4 4 3 0 3 3 1 3 2
1646677168 94 84 41 45 43 31 24 3 7 2 1 4 4 3 0 3 3 1 3 2
1646869997 94 84 41 45 43 31 24 3 7 2 1 4 4 3 0 3 3 1 3 2
1647030328 94 84 41 45 43 31 24 3 7 2 1 4 4 3 0 3 3 1 3 2
1647451202 94 84 42 45 43 31 24 3 7 2 1 4 4 3 0 3 3 1 3 2
1647475867 94 84 42 45 43 31 24 3 7 2 1 4 4 3 0 3 3 1 3 2
1647542585 94 84 43 45 43 31 24 3 7 2 1 4 4 3 0 3 3 1 3 2
1647543692 94 84 44 45 43 31 24 3 7 2 1 4 4 3 0 3 3 1 3 2
1647627641 94 84 45 45 43 31 24 3 7 2 1 4 4 3 0 3 3 1 3 2
1647627663 94 84 46 45 43 31 24 3 7 2 1 4 4 3 0 3 3 1 3 2
1647630292 94 84 46 45 43 31 24 3 7 2 1 4 4 3 0 3 3 1 3 2
1647905096 94 84 46 45 43 31 24 3 7 2 1 4 4 3 0 3 3 1 3 3
1648327804 94 84 46 45 43 32 24 3 7 2 1 4 4 3 0 3 3 1 3 3
1649345194 94 84 46 45 43 32 24 3 7 2 1 4 4 4 0 3 3 1 3 3
1649444294 94 84 46 45 43 33 24 3 7 2 1 4 4 4 0 3 3 1 3 3
1650049385 94 84 47 45 43 33 24 3 7 2 1 4 4 4 0 3 3 1 3 3
1650049444 94 84 47 45 43 33 24 3 7 2 1 4 4 4 0 3 3 1 3 3
1650111178 94 84 48 45 43 33 24 3 7 2 1 4 4 4 0 3 3 1 3 3
1650211629 94 84 49 45 43 33 24 3 7 2 1 4 4 4 0 3 3 1 3 3
1650601519 94 84 49 45 43 33 24 3 7 2 1 4 4 4 0 3 3 1 3 3
1650914124 94 84 50 45 43 33 24 3 7 2 1 4 4 4 0 3 3 1 3 3
1650930210 94 84 50 45 43 34 24 3 7 2 1 4 4 4 0 3 3 1 3 3
1650991892 94 84 51 45 43 34 24 3 7 2 1 4 4 4 0 3 3 1 3 3
1651092668 94 84 52 45 43 34 24 3 7 2 1 4 4 4 0 3 3 1 3 3
1651124277 94 84 53 45 43 34 24 3 7 2 1 4 4 4 0 3 3 1 3 3
1651124299 94 84 54 45 43 34 24 3 7 2 1 4 4 4 0 3 3 1 3 3
1651254190 94 84 55 45 43 34 24 3 7 2 1 4 4 4 0 3 3 1 3 3
1651554872 94 84 56 45 43 34 24 3 7 2 1 4 4 4 0 3 3 1 3 3
1651554947 94 84 57 45 43 34 24 3 7 2 1 4 4 4 0 3 3 1 3 3
1651667326 94 84 58 45 43 34 24 3 7 2 1 4 4 4 0 3 3 1 3 3
1651852715 94 84 58 45 43 34 24 3 7 2 1 4 4 4 0 3 3 2 3 3
1651864164 94 84 59 45 43 34 24 3 7 2 1 4 4 4 0 3 3 2 3 3
1651865165 94 84 60 45 43 34 24 3 7 2 1 4 4 4 0 3 3 2 3 3
1651867237 94 84 60 45 43 35 24 3 7 2 1 4 4 4 0 3 3 2 3 3
1651868192 94 84 61 45 43 35 24 3 7 2 1 4 4 4 0 3 3 2 3 3
1651869262 94 84 62 45 43 35 24 3 7 2 1 4 4 4 0 3 3 2 3 3
1651869693 94 84 63 45 43 35 24 3 7 2 1 4 4 4 0 3 3 2 3 3
1651869999 94 84 64 45 43 35 24 3 7 2 1 4 4 4 0 3 3 2 3 3
1652115823 94 84 65 45 43 35 24 3 7 2 1 4 4 4 0 3 3 2 3 3
1652469855 94 84 65 45 43 35 24 3 7 2 1 4 4 4 0 3 3 3 3 3
1653335853 94 84 66 45 43 35 24 3 7 2 1 4 4 4 0 3 3 3 3 3
1653500724 94 84 67 45 43 35 24 3 7 2 1 4 4 4 0 3 3 3 3 3
1653524619 94 84 68 45 43 35 24 3 7 2 1 4 4 4 0 3 3 3 3 3
1653589249 94 84 69 45 43 35 24 3 7 2 1 4 4 4 0 3 3 3 3 3
1653630804 94 84 69 45 43 35 24 3 7 3 1 4 4 4 0 3 3 3 3 3
1653679211 94 84 70 45 43 35 24 3 7 3 1 4 4 4 0 3 3 3 3 3
1653679362 94 84 71 45 43 35 24 3 7 3 1 4 4 4 0 3 3 3 3 3
1653679706 94 84 72 45 43 35 24 3 7 3 1 4 4 4 0 3 3 3 3 3
1653679933 94 84 73 45 43 35 24 3 7 3 1 4 4 4 0 3 3 3 3 3
1653682033 94 84 74 45 43 35 24 3 7 3 1 4 4 4 0 3 3 3 3 3
1653682049 94 84 75 45 43 35 24 3 7 3 1 4 4 4 0 3 3 3 3 3
1654203232 94 84 75 45 43 35 24 3 7 4 1 4 4 4 0 3 3 3 3 3
1654629447 94 84 76 45 43 35 24 3 7 4 1 4 4 4 0 3 3 3 3 3
1654629473 94 84 77 45 43 35 24 3 7 4 1 4 4 4 0 3 3 3 3 3
1654890847 94 84 78 45 43 35 24 3 7 4 1 4 4 4 0 3 3 3 3 3
1654891732 94 84 78 45 43 36 24 3 7 4 1 4 4 4 0 3 3 3 3 3
1655323871 94 84 79 45 43 36 24 3 7 4 1 4 4 4 0 3 3 3 3 3
1655323886 94 84 80 45 43 36 24 3 7 4 1 4 4 4 0 3 3 3 3 3
1655324093 94 84 80 45 43 36 24 4 7 4 1 4 4 4 0 3 3 3 3 3
1655326948 94 84 80 45 43 36 24 5 7 4 1 4 4 4 0 3 3 3 3 3
1655397637 94 84 80 45 43 36 24 6 7 4 1 4 4 4 0 3 3 3 3 3
1655397674 94 84 80 45 43 36 24 7 7 4 1 4 4 4 0 3 3 3 3 3
1655621162 94 84 80 45 43 36 24 7 7 4 2 4 4 4 0 3 3 3 3 3
1655654860 94 84 80 45 43 36 24 7 7 4 3 4 4 4 0 3 3 3 3 3
1655685040 94 84 80 45 43 36 24 7 7 4 4 4 4 4 0 3 3 3 3 3
1656100350 94 84 80 45 43 36 24 7 7 4 4 4 4 4 0 3 3 3 3 3
1656100550 94 84 80 45 43 36 24 7 7 4 4 4 4 4 1 3 3 3 3 3
1656100675 94 84 80 45 43 36 24 7 7 4 4 4 4 4 1 3 3 3 3 3
1656100934 94 84 80 45 43 36 24 7 7 4 4 4 4 4 2 3 3 3 3 3
1656176599 94 84 80 45 43 36 24 7 7 4 4 4 4 4 3 3 3 3 3 3
1656360456 94 84 80 45 43 37 24 7 7 4 4 4 4 4 3 3 3 3 3 3
1656536818 94 84 80 45 43 37 24 7 7 5 4 4 4 4 3 3 3 3 3 3
1656697405 94 84 80 45 43 37 24 7 7 5 4 4 4 4 4 3 3 3 3 3
1656705207 94 84 81 45 43 37 24 7 7 5 4 4 4 4 4 3 3 3 3 3
1656705311 94 84 82 45 43 37 24 7 7 5 4 4 4 4 4 3 3 3 3 3
1656941972 94 84 82 45 43 37 24 7 7 5 4 4 4 4 4 3 3 3 3 3
1657214090 94 84 82 45 43 37 24 7 7 5 4 4 4 4 4 3 3 3 3 3
1657317499 94 84 83 45 43 37 24 7 7 5 4 4 4 4 4 3 3 3 3 3
1657495955 94 84 83 45 43 37 24 7 7 6 4 4 4 4 4 3 3 3 3 3
