1517420704 191 0 0 0 0 0 0 0 0 0 0 0 0 0 0 0 0 0 0 0
1517423123 222 0 0 0 0 0 0 0 0 0 0 0 0 0 0 0 0 0 0 0
1517423546 246 0 0 0 0 0 0 0 0 0 0 0 0 0 0 0 0 0 0 0
1517424831 246 0 0 0 0 0 0 0 0 0 0 0 0 0 0 0 10 0 0 0
1517425651 246 0 0 0 0 0 0 0 0 0 0 0 0 0 0 0 10 0 0 0
1517426626 246 0 0 0 0 0 0 0 0 0 0 0 0 0 0 0 10 0 0 0
1517429139 246 0 0 0 0 0 0 0 0 0 0 0 0 0 0 0 10 0 0 0
1517429308 246 0 0 0 0 0 0 0 0 0 0 0 0 0 0 0 10 0 0 0
1517599722 1163 0 0 0 0 0 0 0 0 0 0 0 0 0 0 0 10 0 0 0
1517601023 1163 0 0 0 0 0 0 0 0 0 0 0 0 0 0 0 10 0 0 0
1517626992 2510 0 0 0 0 0 0 0 0 0 0 0 0 0 0 0 10 0 0 0
1517627510 2510 0 0 0 0 0 0 0 0 0 0 0 0 0 0 0 10 0 0 0
1517850573 2848 0 0 0 0 0 0 0 0 0 0 0 0 0 0 0 10 0 0 0
1517851118 2848 0 0 0 0 0 0 0 0 0 0 0 0 0 0 0 10 0 0 0
1517855066 2871 0 0 0 0 0 0 0 0 0 0 0 0 0 0 0 10 0 0 0
1517855161 2871 0 0 0 0 0 0 0 0 0 0 0 0 0 0 0 10 0 0 0
1518017787 2871 0 0 132 0 0 0 0 0 0 0 0 0 0 0 0 10 0 0 0
1518122893 4538 0 0 132 0 0 0 0 0 0 0 0 0 0 0 0 10 0 0 0
1518181093 4538 0 0 132 0 0 0 0 0 0 0 0 0 0 0 0 10 0 0 0
1518181190 4539 0 0 132 0 0 0 0 0 0 0 0 0 0 0 0 10 0 0 0
1518557121 4577 0 0 132 0 0 0 0 0 0 0 0 0 0 0 0 10 0 0 0
1518557170 4577 0 0 132 0 0 0 0 0 0 0 0 0 0 0 0 10 0 0 0
1518557636 4577 10 0 132 0 0 0 0 0 0 0 0 0 0 0 0 10 0 0 0
1518566942 4577 10 0 132 0 0 0 0 0 0 0 0 0 0 0 0 10 0 0 0
1518567093 4578 10 0 132 0 0 0 0 0 0 0 0 0 0 0 0 10 0 0 0
1518571634 4587 10 0 132 0 0 0 0 0 0 0 0 0 0 0 0 10 0 0 0
1518572945 4588 10 0 132 0 0 0 0 0 0 0 0 0 0 0 0 10 0 0 0
1518738914 5097 10 0 132 0 0 0 0 0 0 0 0 0 0 0 0 10 0 0 0
1518739034 5097 10 0 132 0 0 0 0 0 0 0 0 0 0 0 0 10 0 0 0
1518742005 5159 10 0 132 0 0 0 0 0 0 0 0 0 0 0 0 10 0 0 0
1518742029 5159 10 0 132 0 0 0 0 0 0 0 0 0 0 0 0 10 0 0 0
1519082661 5711 10 0 132 0 0 0 0 0 0 0 0 0 0 0 0 10 0 0 0
1519083876 5711 10 0 132 0 0 0 0 0 0 0 0 0 0 0 0 10 0 0 0
1519087816 5830 10 0 132 0 0 0 0 0 0 0 0 0 0 0 0 10 0 0 0
1519327054 5830 10 0 132 0 0 0 0 0 0 0 0 0 0 0 0 10 0 0 0
1519327287 5830 10 0 132 0 0 0 0 0 0 0 0 0 0 0 0 10 0 0 0
1519382650 5830 10 0 132 0 0 0 0 0 0 0 0 0 0 0 0 10 0 0 0
1519383189 5830 10 0 132 0 0 0 0 0 0 0 0 0 0 0 0 10 0 0 0
1519612709 6159 10 0 132 0 0 0 0 0 0 0 0 0 0 0 0 10 0 0 0
1519613370 6159 10 0 132 0 0 0 0 0 0 0 0 0 0 0 0 10 0 0 0
1519677947 6265 10 0 132 0 0 0 0 0 0 0 0 0 0 0 0 10 0 0 0
1519678025 6265 10 0 132 0 0 0 0 0 0 0 0 0 0 0 0 10 0 0 0
1519766644 6267 10 0 132 0 0 0 0 0 0 0 0 0 0 0 0 10 0 0 0
1519853461 6396 10 0 132 0 0 0 0 0 0 0 0 0 0 0 0 10 0 0 0
1519853589 6396 10 0 132 0 0 0 0 0 0 0 0 0 0 0 0 10 0 0 0
1519860899 6473 10 0 132 0 0 0 0 0 0 0 0 0 0 0 0 10 0 0 0
1519861065 6473 10 0 132 0 0 0 0 0 0 0 0 0 0 0 0 10 0 0 0
1520200221 6473 16 0 132 0 0 0 0 0 0 0 0 0 0 0 0 10 0 0 0
1520201160 6473 69 0 132 0 0 0 0 0 0 0 0 0 0 0 0 10 0 0 0
1520206587 6473 71 0 132 0 0 0 0 0 0 0 0 0 0 0 0 10 0 0 0
1524486903 6473 71 0 138 0 0 0 0 0 0 0 0 0 0 0 0 10 0 0 0
1524668293 6473 71 0 254 0 0 0 0 0 0 0 0 0 0 0 0 10 0 0 0
1524687620 6473 71 0 264 0 0 0 0 0 0 0 0 0 0 0 0 10 0 0 0
1524861557 6473 71 0 327 0 0 0 0 0 0 0 0 0 0 0 0 10 0 0 0
1525183144 6485 71 0 327 0 0 0 0 0 0 0 0 0 0 0 0 10 0 0 0
1525183310 6485 71 0 327 0 0 0 0 0 0 0 0 0 0 0 0 10 0 0 0
1525692209 6705 71 0 327 0 0 0 0 0 0 0 0 0 0 0 0 10 0 0 0
1525696286 8647 71 0 327 0 0 0 0 0 0 0 0 0 0 0 0 10 0 0 0
1525979995 8691 71 0 327 0 0 0 0 0 0 0 0 0 0 0 0 10 0 0 0
1526038260 8691 71 0 327 0 0 0 0 0 0 0 0 0 0 0 0 10 0 0 0
1526062186 8705 71 0 327 0 0 0 0 0 0 0 0 0 0 0 0 10 0 0 0
1526062343 8705 71 0 327 0 0 0 0 0 0 0 0 0 0 0 0 10 0 0 0
1526083154 8709 71 0 327 0 0 0 0 0 0 0 0 0 0 0 0 10 0 0 0
1526124415 8709 71 0 327 0 0 0 0 0 0 0 0 0 0 0 0 10 0 0 0
1526129860 8710 71 0 327 0 0 0 0 0 0 0 0 0 0 0 0 10 0 0 0
1526130004 8710 71 0 327 0 0 0 0 0 0 0 0 0 0 0 0 10 0 0 0
1526145863 8723 71 0 327 0 0 0 0 0 0 0 0 0 0 0 0 10 0 0 0
1526166924 8723 71 0 327 0 0 0 0 0 0 0 0 0 0 0 0 10 0 0 0
1526385345 8724 71 0 327 0 0 0 0 0 0 0 0 0 0 0 0 10 0 0 0
1526385435 8724 71 0 327 0 0 0 0 0 0 0 0 0 0 0 0 10 0 0 0
1527198039 8724 71 0 605 0 0 0 0 0 0 0 0 0 0 0 0 10 0 0 0
1527260076 8724 71 0 605 0 0 0 0 0 0 0 0 0 0 0 0 10 0 0 0
1527260120 8724 71 0 606 0 0 0 0 0 0 0 0 0 0 0 0 10 0 0 0
1527261129 8737 71 0 606 0 0 0 0 0 0 0 0 0 0 0 0 10 0 0 0
1527261290 8737 71 0 606 0 0 0 0 0 0 0 0 0 0 0 0 10 0 0 0
1528567693 8737 71 0 606 0 0 0 0 0 0 0 0 0 0 0 0 10 0 0 0
1528718067 8739 71 0 606 0 0 0 0 0 0 0 0 0 0 0 0 10 0 0 0
1529100138 8746 71 0 606 0 0 0 0 0 0 0 0 0 0 0 0 10 0 0 0
1529101685 8841 71 0 606 0 0 0 0 0 0 0 0 0 0 0 0 10 0 0 0
1529149325 8869 71 0 606 0 0 0 0 0 0 0 0 0 0 0 0 10 0 0 0
1530147899 8898 71 0 606 0 0 0 0 0 0 0 0 0 0 0 0 10 0 0 0
1530221634 8998 71 0 606 0 0 0 0 0 0 0 0 0 0 0 0 10 0 0 0
1530224443 8998 71 0 606 0 0 0 0 0 0 0 0 0 0 0 0 10 0 0 0
1530225918 9005 71 0 606 0 0 0 0 0 0 0 0 0 0 0 0 10 0 0 0
1530246827 9005 71 0 975 0 0 0 0 0 0 0 0 0 0 0 0 10 0 0 0
1530721201 9024 71 0 975 0 0 0 0 0 0 0 0 0 0 0 0 10 0 0 0
1530721530 9053 71 0 975 0 0 0 0 0 0 0 0 0 0 0 0 10 0 0 0
1530722514 9064 71 0 975 0 0 0 0 0 0 0 0 0 0 0 0 10 0 0 0
1530722775 9066 71 0 975 0 0 0 0 0 0 0 0 0 0 0 0 10 0 0 0
1530723441 9107 71 0 975 0 0 0 0 0 0 0 0 0 0 0 0 10 0 0 0
1530958887 9277 71 0 975 0 0 0 0 0 0 0 0 0 0 0 0 10 0 0 0
1530982920 9277 71 0 1126 0 0 0 0 0 0 0 0 0 0 0 0 10 0 0 0
1530984830 9284 71 0 1126 0 0 0 0 0 0 0 0 0 0 0 0 10 0 0 0
1531338054 9284 71 0 1898 0 0 0 0 0 0 0 0 0 0 0 0 10 0 0 0
1531339436 9284 71 0 2064 0 0 0 0 0 0 0 0 0 0 0 0 10 0 0 0
1531409388 9306 71 0 2557 0 0 0 0 0 0 0 0 0 0 0 0 10 0 0 0
1531409994 9310 71 0 2557 0 0 0 0 0 0 0 0 0 0 0 0 10 0 0 0
1531446033 9342 71 0 2557 0 0 0 0 0 0 0 0 0 0 0 0 10 0 0 0
1531580674 9390 71 0 2557 0 0 0 0 0 0 0 0 0 0 0 0 10 0 0 0
1531586109 9426 71 0 2557 0 0 0 0 0 0 0 0 0 0 0 0 10 0 0 0
1531589009 9765 71 0 2557 0 0 0 0 0 0 0 0 0 0 0 0 10 0 0 0
1531655699 9765 71 0 2884 0 0 0 0 0 0 0 0 0 0 0 0 10 0 0 0
1531662327 9784 71 0 2884 0 0 0 0 0 0 0 0 0 0 0 0 10 0 0 0
1531662677 9848 71 0 2884 0 0 0 0 0 0 0 0 0 0 0 0 10 0 0 0
1531675886 9915 71 0 2884 0 0 0 0 0 0 0 0 0 0 0 0 10 0 0 0
1532621750 9915 71 0 2884 0 0 0 0 0 0 0 0 0 0 0 0 10 0 0 0
1533461157 9915 71 0 2884 0 0 0 0 0 0 0 0 0 0 0 0 10 0 0 0
1533462446 9930 71 0 2884 0 0 0 0 0 0 0 0 0 0 0 0 10 0 0 0
1533463259 9942 71 0 2884 0 0 0 0 0 0 0 0 0 0 0 0 10 0 0 0
1533510249 9953 71 0 2884 0 0 0 0 0 0 0 0 0 0 0 0 10 0 0 0
1533608132 10286 71 0 2884 0 0 0 0 0 0 0 0 0 0 0 0 10 0 0 0
1533765441 10466 71 0 2884 0 0 0 0 0 0 0 0 0 0 0 0 10 0 0 0
1533778475 10502 71 0 2884 0 0 0 0 0 0 0 0 0 0 0 0 10 0 0 0
1533824997 10511 71 0 2884 0 0 0 0 0 0 0 0 0 0 0 0 10 0 0 0
1533832929 10658 71 0 2884 0 0 0 0 0 0 0 0 0 0 0 0 10 0 0 0
1533844298 10870 71 0 2884 0 0 0 0 0 0 0 0 0 0 0 0 10 0 0 0
1533856777 11918 71 0 2884 0 0 0 0 0 0 0 0 0 0 0 0 10 0 0 0
1533897298 11938 71 0 2884 0 0 0 0 0 0 0 0 0 0 0 0 10 0 0 0
1533901115 12413 71 0 2884 0 0 0 0 0 0 0 0 0 0 0 0 10 0 0 0
1533904242 12599 71 0 2884 0 0 0 0 0 0 0 0 0 0 0 0 10 0 0 0
1533914868 12638 71 0 2884 0 0 0 0 0 0 0 0 0 0 0 0 10 0 0 0
1533916155 12651 71 0 2884 0 0 0 0 0 0 0 0 0 0 0 0 10 0 0 0
1534038888 12658 71 0 2884 0 0 0 0 0 0 0 0 0 0 0 0 10 0 0 0
1534171932 12659 71 0 2884 0 0 0 0 0 0 0 0 0 0 0 0 10 0 0 0
1534184360 12677 71 0 2884 0 0 0 0 0 0 0 0 0 0 0 0 10 0 0 0
1534246865 12677 71 0 2954 0 0 0 0 0 0 0 0 0 0 0 0 10 0 0 0
1534247436 12677 71 0 3873 0 0 0 0 0 0 0 0 0 0 0 0 10 0 0 0
1534254919 12845 71 0 3873 0 0 0 0 0 0 0 0 0 0 0 0 10 0 0 0
1534256670 12874 71 0 3873 0 0 0 0 0 0 0 0 0 0 0 0 10 0 0 0
1534259420 12900 71 0 3873 0 0 0 0 0 0 0 0 0 0 0 0 10 0 0 0
1534283343 13082 71 0 3873 0 0 0 0 0 0 0 0 0 0 0 0 10 0 0 0
1534523807 13331 71 0 3873 0 0 0 0 0 0 0 0 0 0 0 0 10 0 0 0
1534785430 13955 71 0 3873 0 0 0 0 0 0 0 0 0 0 0 0 10 0 0 0
1534806345 14036 71 0 3873 0 0 0 0 0 0 0 0 0 0 0 0 10 0 0 0
1534813624 14227 71 0 3873 0 0 0 0 0 0 0 0 0 0 0 0 10 0 0 0
1534929752 14499 71 0 3873 0 0 0 0 0 0 0 0 0 0 0 0 10 0 0 0
1534962598 14976 71 0 3873 0 0 0 0 0 0 0 0 0 0 0 0 10 0 0 0
1535475428 14976 71 0 3906 0 0 0 0 0 0 0 0 0 0 0 0 10 0 0 0
1535480696 14980 71 0 3906 0 0 0 0 0 0 0 0 0 0 0 0 10 0 0 0
1536005459 14997 71 0 3906 0 0 0 0 0 0 0 0 0 0 0 0 10 0 0 0
1536015022 15157 71 0 3906 0 0 0 0 0 0 0 0 0 0 0 0 10 0 0 0
1536015825 15157 71 0 3906 0 0 0 0 0 0 0 0 0 0 0 0 10 0 0 0
1536065206 15158 71 0 3906 0 0 0 0 0 0 0 0 0 0 0 0 10 0 0 0
1536065273 15158 71 0 3906 0 0 0 0 0 0 0 0 0 0 0 0 10 0 0 0
1536884371 15158 71 0 3910 0 0 0 0 0 0 0 0 0 0 0 0 10 0 0 0
1536918279 15158 71 0 3975 0 0 0 0 0 0 0 0 0 0 0 0 10 0 0 0
1537035075 15158 71 0 3975 0 0 0 0 0 0 0 0 0 0 0 0 10 0 0 0
1537310025 15158 71 0 4254 0 0 0 0 0 0 0 0 0 0 0 0 10 0 0 0
1540334586 15158 71 0 4254 0 0 2 0 0 0 0 0 0 0 0 0 10 0 0 0
1540334680 15158 71 0 4254 0 0 3 0 0 0 0 0 0 0 0 0 10 0 0 0
1540406068 15158 71 0 4254 0 0 3 0 0 0 0 0 0 0 0 0 10 0 4 0
1540409837 15158 71 0 4254 0 0 3 0 0 0 0 0 0 0 0 0 10 0 8 0
1540418089 15158 71 0 4254 0 0 5 0 0 0 0 0 0 0 0 0 10 0 8 0
1540418375 15158 71 0 4254 0 0 5 0 0 0 0 0 0 0 0 0 10 0 8 0
1540570228 15158 71 0 4254 0 0 5 0 0 0 0 0 0 0 0 0 10 0 12 0
1543327248 15158 71 0 4254 0 0 5 0 0 0 0 0 0 0 0 0 10 0 12 0
1543403688 15158 71 0 4254 0 0 5 0 0 0 0 0 0 0 0 0 10 0 12 0
1543417067 15158 71 0 4254 0 0 5 0 0 0 0 0 0 0 0 0 10 0 12 0
1547469983 15158 71 0 4254 0 0 5 0 0 0 0 0 0 0 0 0 10 0 12 0
1548984097 15158 71 0 4254 0 0 5 0 0 0 0 0 0 0 0 0 10 0 12 0
1550072234 15158 71 0 4254 0 0 5 0 0 0 0 0 0 0 0 0 10 0 12 0
1550690340 15158 71 0 4254 0 0 5 0 0 0 0 0 0 0 0 1 10 0 12 0
1551814964 15158 71 0 4254 0 0 5 0 0 0 0 0 0 0 0 1 10 0 12 0
1552327362 15158 71 0 4254 0 0 5 0 0 0 0 0 0 0 0 1 10 0 12 0
1553040596 15158 74 0 4254 0 0 5 0 0 0 0 0 0 0 0 1 10 0 12 0
1553042003 15158 74 0 4254 0 0 5 0 0 0 0 0 0 0 0 1 10 0 12 0
1554164939 15158 74 0 4254 0 0 5 0 0 0 0 0 0 0 0 62 10 0 12 0
1554165157 15158 74 0 4254 0 0 5 0 0 0 0 0 0 0 0 63 10 0 12 0
1557935500 15158 74 0 4254 0 0 5 0 0 0 0 0 0 0 0 63 10 0 12 0
1558118171 15158 74 0 4254 0 0 5 0 0 0 0 0 0 0 0 63 10 0 12 0
1559247363 15158 74 0 4254 0 0 5 0 0 0 0 0 0 0 0 63 10 0 12 0
1559247383 15158 74 0 4254 0 0 5 0 0 0 0 0 2 0 0 63 10 0 12 0
1560319864 15158 74 0 4254 0 0 5 0 0 0 0 0 2 0 0 63 10 0 12 0
1560361953 15158 74 0 4254 0 0 639 0 0 0 0 0 2 0 0 63 10 0 12 0
1560379405 15158 74 0 4254 0 0 639 0 0 0 0 0 2 0 0 63 10 0 12 0
1560380192 15158 74 0 4254 0 0 640 0 0 0 0 0 2 0 0 63 10 0 12 0
1560380462 15158 74 0 4254 0 0 643 0 0 0 0 0 2 0 0 63 10 0 12 0
1560380664 15158 74 0 4254 0 0 643 0 0 0 0 0 2 0 0 63 10 0 12 0
1560380848 15158 74 0 4254 0 0 643 0 0 0 0 0 2 0 0 63 10 0 12 0
1560397468 15158 74 0 4254 0 0 702 0 0 0 0 0 2 0 0 63 10 0 12 0
1560397712 15158 74 0 4254 0 0 703 0 0 0 0 0 2 0 0 63 10 0 12 0
1560398952 15158 74 0 4254 0 0 716 0 0 0 0 0 2 0 0 63 10 0 12 0
1560399157 15158 74 0 4254 0 0 716 0 0 0 0 0 2 0 0 63 10 0 12 0
1560402359 15158 141 0 4254 0 0 716 0 0 0 0 0 2 0 0 63 10 0 12 0
1560402394 15158 141 0 4254 0 0 716 0 0 0 0 0 2 0 0 63 10 0 12 0
1560402538 15158 143 0 4254 0 0 716 0 0 0 0 0 2 0 0 63 10 0 12 0
1560402570 15158 143 0 4254 0 0 716 0 0 0 0 0 2 0 0 63 10 0 12 0
1561079055 15158 143 0 4254 0 0 718 0 0 0 0 0 2 0 0 63 10 0 12 0
1561081221 15158 143 0 4254 0 0 719 0 0 0 0 0 2 0 0 63 10 0 12 0
1561081499 15158 143 0 4254 0 0 719 0 0 0 0 0 2 0 0 63 10 0 12 0
1561081996 15158 149 0 4254 0 0 719 0 0 0 0 0 2 0 0 63 10 0 12 0
1562086590 15158 149 0 4254 0 0 719 0 0 0 0 0 2 0 0 63 10 0 12 0
1562090194 15158 149 0 4254 0 0 725 0 0 0 0 0 2 0 0 63 10 0 12 0
1562090690 15158 149 0 4254 0 0 725 0 0 0 0 0 2 0 0 63 10 0 12 0
1565362627 15158 149 0 4254 0 0 725 0 0 0 0 0 2 0 0 63 10 0 12 0
1565362650 15158 149 0 4254 0 0 932 0 0 0 0 0 2 0 0 63 10 0 12 0
1565479911 15158 149 0 4254 0 0 962 0 0 0 0 0 2 0 0 63 10 0 12 0
1565480065 15158 149 0 4254 0 0 962 0 0 0 0 0 2 0 0 63 10 0 12 0
1565648376 15158 150 0 4254 0 0 962 0 0 0 0 0 2 0 0 63 10 0 12 0
1565649598 15158 150 0 4254 0 0 962 0 0 0 0 0 2 0 0 63 10 0 12 0
1567201357 15158 150 0 4254 0 0 962 0 0 0 0 0 2 0 0 63 10 0 12 0
1567201409 15158 150 0 4254 0 0 962 0 0 0 0 0 2 0 0 63 10 0 12 0
1567779670 15158 150 0 4254 0 0 962 0 0 0 0 0 2 0 0 63 10 0 12 0
1567792490 15158 150 0 4254 0 0 962 0 0 0 0 0 2 0 0 63 10 0 12 0
1568232642 15158 150 0 4254 0 0 962 0 0 0 0 0 2 0 0 63 10 0 12 0
1568903517 15158 150 0 4254 0 0 962 0 0 0 0 0 2 0 0 63 10 0 12 0
1568952166 15158 150 0 4254 0 0 962 0 0 0 0 0 2 0 0 63 10 0 12 0
1569344486 15158 150 0 4254 0 0 962 0 0 0 0 0 2 0 0 63 10 0 12 0
1569607506 15158 150 0 4254 0 0 962 0 0 0 0 0 2 0 0 63 10 0 12 0
1569617885 15158 152 0 4254 0 0 962 0 0 0 0 0 2 0 0 63 10 0 12 0
1569617893 15158 154 0 4254 0 0 962 0 0 0 0 0 2 0 0 63 10 0 12 0
1569617911 15158 154 0 4254 0 0 962 0 0 0 0 0 2 0 0 63 10 0 12 0
1569620777 15158 154 0 4254 0 0 962 0 0 0 0 0 2 0 0 63 10 0 12 0
1569620916 15158 160 0 4254 0 0 962 0 0 0 0 0 2 0 0 63 10 0 12 0
1569620939 15158 160 0 4254 0 0 962 0 0 0 0 0 2 0 0 63 10 0 12 0
1569947716 15158 160 0 4254 0 0 963 0 0 0 0 0 2 0 0 63 10 0 12 0
1569949897 15158 160 0 4254 0 0 963 0 0 0 0 0 2 0 0 63 10 0 12 0
1570049190 15158 160 0 4254 0 0 1044 0 0 0 0 0 2 0 0 63 10 0 12 0
1570058908 15158 160 0 4254 0 0 1044 0 0 0 0 0 2 0 0 63 10 0 12 0
1570061286 15158 165 0 4254 0 0 1044 0 0 0 0 0 2 0 0 63 10 0 12 0
1570061455 15158 167 0 4254 0 0 1044 0 0 0 0 0 2 0 0 63 10 0 12 0
1570061785 15158 167 0 4254 0 0 1044 0 0 0 0 0 2 0 0 63 10 0 12 0
1570084636 15158 200 0 4254 0 0 1044 0 0 0 0 0 2 0 0 63 10 0 12 0
1570084721 15158 201 0 4254 0 0 1044 0 0 0 0 0 2 0 0 63 10 0 12 0
1570084851 15158 210 0 4254 0 0 1044 0 0 0 0 0 2 0 0 63 10 0 12 0
1570085863 15158 233 0 4254 0 0 1044 0 0 0 0 0 2 0 0 63 10 0 12 0
1570085959 15158 236 0 4254 0 0 1044 0 0 0 0 0 2 0 0 63 10 0 12 0
1570296276 15158 237 0 4254 0 0 1044 0 0 0 0 0 2 0 0 63 10 0 12 0
1570297431 15158 237 0 4254 0 0 1050 0 0 0 0 0 2 0 0 63 10 0 12 0
1570297481 15158 237 0 4254 0 0 1050 0 0 0 0 0 2 0 0 63 10 0 12 0
1570297591 15158 237 0 4254 0 0 1050 0 0 0 0 0 2 0 0 63 10 0 12 0
1570680086 15158 237 0 4254 0 0 1052 0 0 0 0 0 2 0 0 63 10 0 12 0
1570742389 15158 237 0 4254 0 0 1052 0 0 0 0 0 2 0 0 63 10 0 12 0
1571162402 15158 259 0 4254 0 0 1052 0 0 0 0 0 2 0 0 63 10 0 12 0
1571299622 15158 260 0 4254 0 0 1052 0 0 0 0 0 2 0 0 63 10 0 12 0
1572052108 15158 409 0 4254 0 0 1052 0 0 0 0 0 2 0 0 63 10 0 12 0
1572304118 15158 409 0 4254 0 0 1052 0 0 0 0 0 2 0 0 63 10 0 12 0
1572304240 15158 423 0 4254 0 0 1052 0 0 0 0 0 2 0 0 63 10 0 12 0
1572306044 15158 652 0 4254 0 0 1052 0 0 0 0 0 2 0 0 63 10 0 12 0
1572368745 15158 660 0 4254 0 0 1052 0 0 0 0 0 2 0 0 63 10 0 12 0
1572369706 15158 668 0 4254 0 0 1052 0 0 0 0 0 2 0 0 63 10 0 12 0
1575576037 15158 668 0 4254 0 0 1052 0 0 0 0 6 2 0 0 63 10 0 12 0
1575578142 15158 670 0 4254 0 0 1052 0 0 0 0 6 2 0 0 63 10 0 12 0
1575578254 15158 674 0 4254 0 0 1052 0 0 0 0 6 2 0 0 63 10 0 12 0
1575669986 15158 679 0 4254 0 0 1052 0 0 0 0 6 2 0 0 63 10 0 12 0
1575672469 15158 683 0 4254 0 0 1052 0 0 0 0 6 2 0 0 63 10 0 12 0
1575672525 15158 687 0 4254 0 0 1052 0 0 0 0 6 2 0 0 63 10 0 12 0
1579111678 15158 688 0 4254 0 0 1052 0 0 0 0 6 2 0 0 63 10 0 12 0
1579112128 15158 688 0 4254 0 0 1052 0 0 0 0 6 2 0 0 63 10 0 12 0
1579118840 15158 690 0 4254 0 0 1052 0 0 0 0 6 2 0 0 63 10 0 12 0
1579119382 15158 695 0 4254 0 0 1052 0 0 0 0 6 2 0 0 63 10 0 12 0
1579119429 15158 697 0 4254 0 0 1052 0 0 0 0 6 2 0 0 63 10 0 12 0
1579126783 15158 697 0 4254 0 0 1052 0 0 0 0 6 2 0 0 63 10 0 12 0
1579127035 15158 697 0 4254 0 0 1052 0 0 0 0 8 2 0 0 63 10 0 12 0
1579127441 15158 743 0 4254 0 0 1052 0 0 0 0 8 2 0 0 63 10 0 12 0
1579199221 15158 743 0 4254 0 0 1052 0 5 0 0 8 2 0 0 63 10 0 12 0
1579220152 15158 772 0 4254 0 0 1052 0 5 0 0 8 2 0 0 63 10 0 12 0
1581018941 15158 772 0 4254 0 0 1052 0 5 0 0 8 2 0 0 63 10 0 12 0
1581358188 15158 772 0 4254 0 529 1052 0 5 0 0 8 2 0 0 63 10 0 12 0
1581358931 15158 774 0 4254 0 529 1052 0 5 0 0 8 2 0 0 63 10 0 12 0
1581360116 15158 777 0 4254 0 529 1052 0 5 0 0 8 2 0 0 63 10 0 12 0
1581360147 15158 778 0 4254 0 529 1052 0 5 0 0 8 2 0 0 63 10 0 12 0
1581360238 15158 779 0 4254 0 529 1052 0 5 0 0 8 2 0 0 63 10 0 12 0
1581360277 15158 780 0 4254 0 529 1052 0 5 0 0 8 2 0 0 63 10 0 12 0
1581711730 15158 780 0 4254 0 529 1052 2 5 0 0 8 2 0 0 63 10 0 12 0
1582063690 15158 785 0 4254 0 529 1052 2 5 0 0 8 2 0 0 63 10 0 12 0
1582064830 15158 785 0 4254 0 978 1052 2 5 0 0 8 2 0 0 63 10 0 12 0
1582065992 15158 791 0 4254 0 978 1052 2 5 0 0 8 2 0 0 63 10 0 12 0
1582581376 15158 791 0 4254 0 978 1052 2 5 0 0 8 2 0 0 63 10 0 12 0
1582761809 15158 791 0 4254 0 978 1052 2 5 0 0 8 2 0 0 63 10 0 12 0
1582816612 15158 791 0 4254 0 1562 1052 2 5 0 0 8 2 0 0 63 10 0 12 0
1582825467 15158 791 0 4254 0 1629 1052 2 5 0 0 8 2 0 0 63 10 0 12 0
1582826970 15158 791 0 4254 0 1629 1052 2 5 0 0 8 2 0 0 63 10 0 12 0
1582925192 15158 792 0 4254 0 1629 1052 2 5 0 0 8 2 0 0 63 10 0 12 0
1582925432 15158 792 0 4254 0 1666 1052 2 5 0 0 8 2 0 0 63 10 0 12 0
1583182062 15158 792 0 4254 0 2456 1052 2 5 0 0 8 2 0 0 63 10 0 12 0
1585927677 15158 792 0 4254 0 6393 1052 2 5 0 0 8 2 0 0 63 10 0 12 0
1585933830 15158 792 0 4254 0 6967 1052 2 5 0 0 8 2 0 0 63 10 0 12 0
1586206950 15158 792 0 4254 0 6967 1052 2 5 0 0 8 2 0 0 63 10 0 12 0
1586287229 15158 792 0 4254 0 6967 1052 2 5 0 0 8 2 0 0 63 10 0 12 0
1587054368 15158 792 0 4254 55 6967 1052 2 5 0 0 8 2 0 0 63 10 0 12 0
1588102880 15158 792 0 4254 55 6967 1052 2 5 0 0 8 2 0 0 63 10 0 12 0
1588801847 15158 812 0 4254 55 6967 1052 2 5 0 0 8 2 0 0 63 10 0 12 0
1588802353 15158 819 0 4254 55 6967 1052 2 5 0 0 8 2 0 0 63 10 0 12 0
1588803736 15158 834 0 4254 55 6967 1052 2 5 0 0 8 2 0 0 63 10 0 12 0
1588869890 15158 834 0 4254 55 7582 1052 2 5 0 0 8 2 0 0 63 10 0 12 0
1588883473 15158 843 0 4254 55 7582 1052 2 5 0 0 8 2 0 0 63 10 0 12 0
1589009791 15158 843 0 4254 55 7582 1052 2 5 0 0 8 2 0 0 63 10 0 12 0
1589009852 15158 843 0 4254 55 7582 1052 2 5 0 0 8 2 0 0 63 10 0 12 0
1589039251 15158 843 0 4254 55 8018 1052 2 5 0 0 8 2 0 0 63 10 0 12 0
1589041056 15158 843 0 4254 55 8018 1052 2 5 0 0 8 2 0 0 63 10 0 12 0
1589588022 15158 843 0 4254 55 8027 1052 2 5 0 0 8 2 0 0 63 10 0 12 0
1589600098 15158 843 0 4254 55 9273 1052 2 5 0 0 8 2 0 0 63 10 0 12 0
1592399150 15158 843 0 4254 55 9273 1052 2 5 0 0 125 2 0 0 63 10 0 12 0
1594835467 15158 843 0 4254 57 9273 1052 2 5 0 0 125 2 0 0 63 10 0 12 0
1595036057 15158 843 0 4254 57 9273 1052 2 5 0 0 125 2 0 0 63 10 0 12 0
1596469321 15158 843 0 4254 57 9273 1052 2 5 0 0 125 2 0 0 63 10 0 12 0
1599686517 15158 843 0 4254 57 9273 1052 2 5 0 0 125 2 0 0 63 10 0 12 0
1601505226 15158 843 0 4254 57 9273 1052 2 5 0 0 127 2 0 0 63 10 0 12 0
1601580090 15158 843 0 4254 57 9273 1052 2 5 0 0 127 2 0 0 63 10 0 12 0
1603848513 15158 843 0 4254 58 9273 1052 2 5 0 0 127 2 0 0 63 10 0 12 0
1604525220 15158 843 0 4254 59 9273 1052 2 5 0 0 127 2 0 0 63 10 0 12 0
1604526614 15158 843 0 4254 59 9273 1052 2 5 0 0 127 2 0 0 63 10 0 12 0
1604532310 15158 843 0 4254 86 9273 1052 2 5 0 0 127 2 0 0 63 10 0 12 0
1604700102 15158 843 0 4254 87 9273 1052 2 5 0 0 127 2 0 0 63 10 0 12 0
1605036416 15158 843 0 4254 87 9488 1052 2 5 0 0 127 2 0 0 63 10 0 12 0
1605107874 15158 843 0 4254 92 9488 1052 2 5 0 0 127 2 0 0 63 10 0 12 0
1605108324 15158 843 0 4254 92 9488 1052 2 5 0 0 127 2 0 0 63 10 0 12 0
1605145293 15158 843 15 4254 92 9488 1052 2 5 0 0 127 2 0 0 63 10 0 12 0
1605202135 15158 843 15 4254 114 9488 1052 2 5 0 0 127 2 0 0 63 10 0 12 0
1605474921 15158 843 42 4254 114 9488 1052 2 5 0 0 127 2 0 0 63 10 0 12 0
1605559431 15158 975 42 4254 114 9488 1052 2 5 0 0 127 2 0 0 63 10 0 12 0
1605630266 15158 975 42 4254 114 9488 1052 2 19 0 0 127 2 0 0 63 10 0 12 0
1605641205 15158 975 42 4254 114 11610 1052 2 19 0 0 127 2 0 0 63 10 0 12 0
1605732914 15158 975 42 4254 590 11610 1052 2 19 0 0 127 2 0 0 63 10 0 12 0
1605735517 15158 975 42 4254 593 11610 1052 2 19 0 0 127 2 0 0 63 10 0 12 0
1605909089 15158 975 42 4254 593 11610 1052 2 19 0 0 127 2 0 0 63 10 0 12 0
1606079696 15158 975 42 4254 593 11610 1052 2 19 0 0 127 2 0 0 63 10 0 12 0
1606153641 15158 975 42 4254 597 11610 1052 2 19 0 0 127 2 0 0 63 10 0 12 0
1606153650 15158 975 42 4254 628 11610 1052 2 19 0 0 127 2 0 0 63 10 0 12 0
1606230567 15158 975 42 4254 663 11610 1052 2 19 0 0 127 2 0 0 63 10 0 12 0
1606254102 15158 975 42 4254 665 11610 1052 2 19 0 0 127 2 0 0 63 10 0 12 0
1606329229 15158 975 42 4254 670 11610 1052 2 19 0 0 127 2 0 0 63 10 0 12 0
1607035872 15158 1003 42 4254 670 11610 1052 2 19 0 0 127 2 0 0 63 10 0 12 0
1607101324 15158 1003 42 4254 1070 11610 1052 2 19 0 0 127 2 0 0 63 10 0 12 0
1607439247 15158 1003 42 4254 1071 11610 1052 2 19 0 0 127 2 0 0 63 10 0 12 0
1607522178 15158 1003 42 4254 1072 11610 1052 2 19 0 0 127 2 0 0 63 10 0 12 0
1607656273 15158 1003 54 4254 1072 11610 1052 2 19 0 0 127 2 0 0 63 10 0 12 0
1607978273 15158 1003 54 4254 1084 11610 1052 2 19 0 0 127 2 0 0 63 10 0 12 0
1608249810 15158 1009 54 4254 1084 11610 1052 2 19 0 0 127 2 0 0 63 10 0 12 0
1608397089 15158 1009 66 4254 1084 11610 1052 2 19 0 0 127 2 0 0 63 10 0 12 0
1608397751 15158 1009 156 4254 1084 11610 1052 2 19 0 0 127 2 0 0 63 10 0 12 0
1608643522 15158 1009 156 4254 1084 11610 1052 2 19 0 0 127 2 0 0 63 10 0 12 0
1608734399 15158 1009 156 4254 1084 11610 1052 2 19 0 0 127 2 0 0 63 10 1 12 0
1608829008 15158 1009 178 4254 1084 11610 1052 2 19 0 0 127 2 0 0 63 10 1 12 0
1609347135 15158 1009 178 4254 1084 11799 1052 2 19 0 0 127 2 0 0 63 10 1 12 0
1609349883 15158 1009 178 4254 1084 11799 1052 2 19 0 0 127 2 0 0 63 10 1 12 0
1609429882 15158 1009 178 4254 1089 11799 1052 2 19 0 0 127 2 0 0 63 10 1 12 0
1609444925 15158 1009 178 4254 1089 11799 1052 2 19 0 0 127 2 0 0 63 10 1 12 0
1609693497 15158 1009 178 4254 1969 11799 1052 2 19 0 0 127 2 0 0 63 10 1 12 0
1609880293 15158 1009 178 4254 1973 11799 1052 2 19 0 0 127 2 0 0 63 10 1 12 0
1609948818 15158 1009 178 4254 1973 11823 1052 2 19 0 0 127 2 0 0 63 10 1 12 0
1610127884 15158 1009 178 4254 2198 11823 1052 2 19 0 0 127 2 0 0 63 10 1 12 0
1610143559 15158 1009 178 4254 2393 11823 1052 2 19 0 0 127 2 0 0 63 10 1 12 0
1610377930 15158 1009 178 4254 2433 11823 1052 2 19 0 0 127 2 0 0 63 10 1 12 0
1610378880 15158 1009 178 4254 2488 11823 1052 2 19 0 0 127 2 0 0 63 10 1 12 0
1610555507 15158 1009 178 4254 2621 11823 1052 2 19 0 0 127 2 0 0 63 10 1 12 0
1610741948 15158 1009 465 4254 2621 11823 1052 2 19 0 0 127 2 0 0 63 10 1 12 0
1611106124 15158 1009 502 4254 2621 11823 1052 2 19 0 0 127 2 0 0 63 10 1 12 0
1611165293 15158 1009 502 4254 2830 11823 1052 2 19 0 0 127 2 0 0 63 10 1 12 0
1611425540 15158 1010 502 4254 2830 11823 1052 2 19 0 0 127 2 0 0 63 10 1 12 0
1611425577 15158 1014 502 4254 2830 11823 1052 2 19 0 0 127 2 0 0 63 10 1 12 0
1611590071 15158 1014 502 4254 2959 11823 1052 2 19 0 0 127 2 0 0 63 10 1 12 0
1611621370 15158 1015 502 4254 2959 11823 1052 2 19 0 0 127 2 0 0 63 10 1 12 0
1611671828 15158 1015 502 4254 2959 11823 1052 2 19 0 0 127 2 0 0 63 10 1 12 0
1611702168 15158 1015 502 4254 2959 11823 1052 2 19 0 0 127 2 0 0 63 10 1 12 0
1611853358 15158 1015 502 4254 3318 11823 1052 2 19 0 0 127 2 0 0 63 10 1 12 0
1611940421 15158 1421 502 4254 3318 11823 1052 2 19 0 0 127 2 0 0 63 10 1 12 0
1611940706 15158 1426 502 4254 3318 11823 1052 2 19 0 0 127 2 0 0 63 10 1 12 0
1611940834 15158 1426 502 4254 3318 11823 1052 2 19 0 0 127 2 0 0 63 10 1 12 0
1612286351 15158 1426 502 4254 3361 11823 1052 2 19 0 0 127 2 0 0 63 10 1 12 0
1612450316 15158 1426 502 4254 3361 11823 1052 2 19 0 0 127 2 0 0 63 10 1 12 0
1612450341 15158 1426 502 4254 3366 11823 1052 2 19 0 0 127 2 0 0 63 10 1 12 0
1612558285 15158 1426 502 4254 3655 11823 1052 2 19 0 0 127 2 0 0 63 10 1 12 0
1612834035 15158 1426 502 4254 3655 11823 1052 2 19 0 0 127 2 0 0 63 10 1 12 0
1613414608 15158 1426 502 4254 3871 11823 1052 2 19 0 0 127 2 0 0 63 10 1 12 0
1613577018 15158 1426 507 4254 3871 11823 1052 2 19 0 0 127 2 0 0 63 10 1 12 0
1613663722 15158 1426 522 4254 3871 11823 1052 2 19 0 0 127 2 0 0 63 10 1 12 0
1613665010 15158 1426 522 4254 3871 13581 1052 2 19 0 0 127 2 0 0 63 10 1 12 0
1613667422 15158 1426 522 4254 4221 13581 1052 2 19 0 0 127 2 0 0 63 10 1 12 0
1613681439 15158 1426 522 4254 4221 13581 1052 2 19 0 0 127 2 0 0 63 10 1 12 0
1613683433 15158 1426 527 4254 4221 13581 1052 2 19 0 0 127 2 0 0 63 10 1 12 0
1614690578 15158 1426 527 4254 4221 41692 1052 2 19 0 0 127 2 0 0 63 10 1 12 0
1615225108 15158 1426 527 4254 4221 41745 1052 2 19 0 0 127 2 0 0 63 10 1 12 0
1615565404 15158 1426 527 4254 4221 41745 1052 2 19 0 0 127 2 0 0 63 10 1 12 0
1615572978 15158 1426 527 4254 4221 41745 1052 2 19 0 0 127 2 0 0 63 10 1 12 0
1615915856 15158 1426 529 4254 4221 41745 1052 2 19 0 0 127 2 0 0 63 10 1 12 0
1615999318 15158 1426 529 4254 4227 41745 1052 2 19 0 0 127 2 0 0 63 10 1 12 0
1616005682 15158 1426 529 4254 4228 41745 1052 2 19 0 0 127 2 0 0 63 10 1 12 0
1616077538 15158 1426 529 4254 4321 41745 1052 2 19 0 0 127 2 0 0 63 10 1 12 0
1616257309 15158 1426 529 4254 4322 41745 1052 2 19 0 0 127 2 0 0 63 10 1 12 0
1616257388 15158 1426 529 4254 4479 41745 1052 2 19 0 0 127 2 0 0 63 10 1 12 0
1616555192 15158 1426 529 4254 4479 41745 1052 2 19 0 0 127 2 0 0 63 10 1 12 0
1617289970 15158 1426 529 4254 4481 41745 1052 2 19 0 0 127 2 0 0 63 10 1 12 0
1617290005 15158 1426 529 4254 4487 41745 1052 2 19 0 0 127 2 0 0 63 10 1 12 0
1617290028 15158 1426 529 4254 4487 41745 1052 2 19 0 0 127 2 0 0 63 10 1 12 0
1617322473 15158 1426 529 4254 4491 41745 1052 2 19 0 0 127 2 0 0 63 10 1 12 0
1618161920 15158 1426 529 4254 4491 41745 1052 2 19 1 0 127 2 0 0 63 10 1 12 0
1618347566 15158 1426 532 4254 4491 41745 1052 2 19 1 0 127 2 0 0 63 10 1 12 0
1618347606 15158 1426 574 4254 4491 41745 1052 2 19 1 0 127 2 0 0 63 10 1 12 0
1619356493 15158 1426 575 4254 4491 41745 1052 2 19 1 0 127 2 0 0 63 10 1 12 0
1619356526 15158 1426 577 4254 4491 41745 1052 2 19 1 0 127 2 0 0 63 10 1 12 0
1619356548 15158 1426 580 4254 4491 41745 1052 2 19 1 0 127 2 0 0 63 10 1 12 0
1619356578 15158 1426 580 4254 4491 41745 1052 2 19 1 0 127 2 0 0 63 10 1 12 0
1619356619 15158 1426 582 4254 4491 41745 1052 2 19 1 0 127 2 0 0 63 10 1 12 0
1619356710 15158 1426 582 4254 4491 41745 1052 2 19 1 0 127 2 0 0 63 10 1 12 0
1619457434 15158 1426 582 4254 4491 41745 1052 2 19 1 0 127 2 0 0 63 10 1 12 0
1621883759 15158 1426 591 4254 4491 41745 1052 2 19 1 0 127 2 0 0 63 10 1 12 0
1621883769 15158 1426 595 4254 4491 41745 1052 2 19 1 0 127 2 0 0 63 10 1 12 0
1622407232 15158 1426 595 4254 4491 42045 1052 2 19 1 0 127 2 0 0 63 10 1 12 0
1623183328 15158 1426 595 4254 4491 42045 1052 2 19 1 0 127 2 0 0 63 10 1 12 0
1625858714 15158 1426 595 4254 4491 42045 1052 2 19 1 0 127 2 0 0 63 10 1 12 0
1625858870 15158 1426 595 4254 4491 42045 1052 2 19 1 0 127 2 0 0 63 10 1 12 0
1625859499 15158 1426 597 4254 4491 42045 1052 2 19 1 0 127 2 0 0 63 10 1 12 0
1625873866 15158 1426 597 4254 4491 42045 1052 2 99 1 0 127 2 0 0 63 10 1 12 0
1625879294 15158 1426 597 4254 4491 42045 1052 2 99 1 0 127 2 0 0 63 10 1 12 0
1625879749 15158 1426 598 4254 4491 42045 1052 2 99 1 0 127 2 0 0 63 10 1 12 0
1625887853 15158 1426 598 4254 4491 42045 1052 2 99 3 0 127 2 0 0 63 10 1 12 0
1626116548 15158 1457 598 4254 4491 42045 1052 2 99 3 0 127 2 0 0 63 10 1 12 0
1626117178 15158 1457 598 4254 4491 42045 1052 2 99 3 0 127 2 0 0 63 10 1 12 0
1626886340 15158 1457 601 4254 4491 42045 1052 2 99 3 0 127 2 0 0 63 10 1 12 0
1626886460 15158 1457 649 4254 4491 42045 1052 2 99 3 0 127 2 0 0 63 10 1 12 0
1626961380 15158 1457 649 4254 4491 42045 1052 5 99 3 0 127 2 0 0 63 10 1 12 0
1627057937 15158 1457 679 4254 4491 42045 1052 5 99 3 0 127 2 0 0 63 10 1 12 0
1627164857 15158 1457 679 4254 4491 42797 1052 5 99 3 0 127 2 0 0 63 10 1 12 0
1628276386 15158 1457 679 4254 4491 42797 1052 5 99 3 0 127 2 0 0 63 10 1 12 0
1628276547 15158 1457 679 4254 4491 44604 1052 5 99 3 0 127 2 0 0 63 10 1 12 0
1628520680 15158 1457 679 4254 4491 44604 1052 5 99 3 0 127 3 0 0 63 10 1 12 0
1629248186 15158 1457 679 4254 4491 44694 1052 5 99 3 0 127 3 0 0 63 10 1 12 0
1630343621 15158 1457 679 4254 4491 44694 1052 5 99 3 0 127 3 0 0 63 10 1 12 0
1630343654 15158 1457 681 4254 4491 44694 1052 5 99 3 0 127 3 0 0 63 10 1 12 0
1630343687 15158 1457 721 4254 4491 44694 1052 5 99 3 0 127 3 0 0 63 10 1 12 0
1630691517 15158 1457 721 4254 4491 44732 1052 5 99 3 0 127 3 0 0 63 10 1 12 0
1630691532 15158 1457 721 4254 4491 44732 1052 5 99 3 0 127 3 0 0 63 10 1 12 0
1631299829 15158 1457 721 4254 4491 44732 1052 5 102 3 0 127 3 0 0 63 10 1 12 0
1631815172 15158 1457 721 4254 4491 44732 1052 5 103 3 0 127 3 0 0 63 10 1 12 0
1632254924 15158 1457 721 4254 4491 44732 1052 5 103 3 0 127 3 0 0 63 10 1 12 0
1633114509 15158 1457 721 4254 4491 44732 1052 5 103 3 0 127 3 0 0 63 10 1 12 0
1633117540 15158 1457 721 4254 4491 44732 1052 5 103 3 1 127 3 0 0 63 10 1 12 0
1635459247 15158 1457 721 4254 4491 44732 1052 5 103 3 1 127 3 2 0 63 10 1 12 0
1636142517 15158 1457 721 4254 4491 44732 1052 5 103 3 1 127 3 3 0 63 10 1 12 0
1636390655 15158 1457 721 4254 4491 44732 1052 5 103 3 1 127 3 3 0 63 10 1 12 0
1636390836 15158 1457 721 4254 4491 44732 1052 5 103 3 1 127 3 3 0 63 10 1 12 0
1636397447 15158 1457 721 4254 4491 44834 1052 5 103 3 1 127 3 3 0 63 10 1 12 0
1636397484 15158 1457 721 4254 4491 44971 1052 5 103 3 1 127 3 3 0 63 10 1 12 0
1636481565 15158 1457 721 4254 4491 44971 1052 5 103 3 1 127 3 3 0 63 10 1 12 13
1636482764 15158 1457 721 4254 4491 44971 1052 5 103 3 1 127 3 3 0 63 10 1 12 13
1637186636 15158 1457 728 4254 4491 44971 1052 5 103 3 1 127 3 3 0 63 10 1 12 13
1637346099 15158 1457 803 4254 4491 44971 1052 5 103 3 1 127 3 3 0 63 10 1 12 13
1637346127 15158 1457 807 4254 4491 44971 1052 5 103 3 1 127 3 3 0 63 10 1 12 13
1637346155 15158 1457 809 4254 4491 44971 1052 5 103 3 1 127 3 3 0 63 10 1 12 13
1637352657 15158 1457 809 4254 4491 44971 1052 5 103 3 1 127 3 3 0 63 10 1 12 13
1637598202 15158 1457 823 4254 4491 44971 1052 5 103 3 1 127 3 3 0 63 10 1 12 13
1637606915 15158 1457 823 4254 4491 44971 1052 5 103 3 1 127 3 3 0 63 10 1 12 13
1637609188 15158 1457 823 4254 4491 44972 1052 5 103 3 1 127 3 3 0 63 10 1 12 13
1637609944 15158 1457 1171 4254 4491 44972 1052 5 103 3 1 127 3 3 0 63 10 1 12 13
1638192791 15158 1457 1171 4254 4491 44972 1052 5 103 3 1 127 3 3 0 63 10 1 12 14
1638469310 15158 1457 1171 4254 4491 45161 1052 5 103 3 1 127 3 3 0 63 10 1 12 14
1639166802 15158 1457 1171 4254 4491 45161 1052 5 103 3 1 127 3 3 0 63 10 1 12 14
1639265077 15158 1457 1171 4254 4491 45161 1052 5 103 3 1 127 4 3 0 63 10 1 12 14
1640022961 15158 1457 1171 4254 4491 45161 1052 5 103 3 1 127 4 3 0 63 10 1 12 14
1641490124 15158 1457 1171 4254 4491 45161 1052 5 103 3 1 127 4 3 0 63 10 1 12 14
1642190073 15158 1457 1173 4254 4491 45161 1052 5 103 3 1 127 4 3 0 63 10 1 12 14
1642194265 15158 1457 1175 4254 4491 45161 1052 5 103 3 1 127 4 3 0 63 10 1 12 14
1642222065 15158 1457 1177 4254 4491 45161 1052 5 103 3 1 127 4 3 0 63 10 1 12 14
1642282666 15158 1457 1316 4254 4491 45161 1052 5 103 3 1 127 4 3 0 63 10 1 12 14
1642364271 15158 1457 1316 4254 4491 45163 1052 5 103 3 1 127 4 3 0 63 10 1 12 14
1643042065 15158 1457 1316 4254 4491 45163 1052 5 103 3 1 127 4 3 0 63 10 1 12 14
1643042079 15158 1512 1316 4254 4491 45163 1052 5 103 3 1 127 4 3 0 63 10 1 12 14
1643322162 15158 1512 1321 4254 4491 45163 1052 5 103 3 1 127 4 3 0 63 10 1 12 14
1643400076 15158 1512 1323 4254 4491 45163 1052 5 103 3 1 127 4 3 0 63 10 1 12 14
1643400590 15158 1512 1323 4254 4491 45163 1052 5 103 3 1 127 4 3 0 63 10 1 12 14
1643402321 15158 1512 1323 4254 4491 45163 1052 5 103 3 1 127 4 4 0 63 10 1 12 14
1643828836 15158 1530 1323 4254 4491 45163 1052 5 103 3 1 127 4 4 0 63 10 1 12 14
1644004204 15158 1530 1323 4254 4491 45163 1052 5 103 3 1 127 4 4 0 63 10 1 12 14
1644023532 15158 1537 1323 4254 4491 45163 1052 5 103 3 1 127 4 4 0 63 10 1 12 14
1644023669 15158 1539 1323 4254 4491 45163 1052 5 103 3 1 127 4 4 0 63 10 1 12 14
1644610274 15158 1539 1323 4254 4491 45163 1052 5 103 3 1 127 4 4 0 63 10 1 12 14
1646421676 15158 1539 1324 4254 4491 45163 1052 5 103 3 1 127 4 4 0 63 10 1 12 14
1646424305 15158 1539 1324 4254 4491 45163 1052 5 111 3 1 127 4 4 0 63 10 1 12 14
1646424364 15158 1539 1324 4254 4491 45163 1052 5 112 3 1 127 4 4 0 63 10 1 12 14
1646677168 15158 1539 1336 4254 4491 45163 1052 5 112 3 1 127 4 4 0 63 10 1 12 14
1646869997 15158 1539 1336 4254 4491 45163 1052 5 112 3 1 127 4 4 0 63 10 1 12 14
1647030328 15158 1539 1336 4254 4491 45163 1052 5 112 3 1 127 4 4 0 63 10 1 12 14
1647451202 15158 1539 1493 4254 4491 45163 1052 5 112 3 1 127 4 4 0 63 10 1 12 14
1647475867 15158 1539 1493 4254 4491 45163 1052 5 112 3 1 127 4 4 0 63 10 1 12 14
1647542585 15158 1539 1493 4254 4491 45163 1052 5 112 3 1 127 4 4 0 63 10 1 12 14
1647543692 15158 1539 1511 4254 4491 45163 1052 5 112 3 1 127 4 4 0 63 10 1 12 14
1647627641 15158 1539 1529 4254 4491 45163 1052 5 112 3 1 127 4 4 0 63 10 1 12 14
1647627663 15158 1539 1530 4254 4491 45163 1052 5 112 3 1 127 4 4 0 63 10 1 12 14
1647630292 15158 1539 1530 4254 4491 45163 1052 5 112 3 1 127 4 4 0 63 10 1 12 14
1647905096 15158 1539 1530 4254 4491 45163 1052 5 112 3 1 127 4 4 0 63 10 1 12 16
1648327804 15158 1539 1530 4254 4491 45293 1052 5 112 3 1 127 4 4 0 63 10 1 12 16
1649345194 15158 1539 1530 4254 4491 45293 1052 5 112 3 1 127 4 16 0 63 10 1 12 16
1649444294 15158 1539 1530 4254 4491 46036 1052 5 112 3 1 127 4 16 0 63 10 1 12 16
1650049385 15158 1539 1550 4254 4491 46036 1052 5 112 3 1 127 4 16 0 63 10 1 12 16
1650049444 15158 1539 1550 4254 4491 46036 1052 5 112 3 1 127 4 16 0 63 10 1 12 16
1650111178 15158 1539 1566 4254 4491 46036 1052 5 112 3 1 127 4 16 0 63 10 1 12 16
1650211629 15158 1539 1576 4254 4491 46036 1052 5 112 3 1 127 4 16 0 63 10 1 12 16
1650601519 15158 1539 1576 4254 4491 46036 1052 5 112 3 1 127 4 16 0 63 10 1 12 16
1650914124 15158 1539 1578 4254 4491 46036 1052 5 112 3 1 127 4 16 0 63 10 1 12 16
1650930210 15158 1539 1578 4254 4491 46037 1052 5 112 3 1 127 4 16 0 63 10 1 12 16
1650991892 15158 1539 1580 4254 4491 46037 1052 5 112 3 1 127 4 16 0 63 10 1 12 16
1651092668 15158 1539 1580 4254 4491 46037 1052 5 112 3 1 127 4 16 0 63 10 1 12 16
1651124277 15158 1539 1582 4254 4491 46037 1052 5 112 3 1 127 4 16 0 63 10 1 12 16
1651124299 15158 1539 1582 4254 4491 46037 1052 5 112 3 1 127 4 16 0 63 10 1 12 16
1651254190 15158 1539 1594 4254 4491 46037 1052 5 112 3 1 127 4 16 0 63 10 1 12 16
1651554872 15158 1539 1594 4254 4491 46037 1052 5 112 3 1 127 4 16 0 63 10 1 12 16
1651554947 15158 1539 1601 4254 4491 46037 1052 5 112 3 1 127 4 16 0 63 10 1 12 16
1651667326 15158 1539 1612 4254 4491 46037 1052 5 112 3 1 127 4 16 0 63 10 1 12 16
1651852715 15158 1539 1612 4254 4491 46037 1052 5 112 3 1 127 4 16 0 63 10 2 12 16
1651864164 15158 1539 1650 4254 4491 46037 1052 5 112 3 1 127 4 16 0 63 10 2 12 16
1651865165 15158 1539 1653 4254 4491 46037 1052 5 112 3 1 127 4 16 0 63 10 2 12 16
1651867237 15158 1539 1653 4254 4491 46037 1052 5 112 3 1 127 4 16 0 63 10 2 12 16
1651868192 15158 1539 1692 4254 4491 46037 1052 5 112 3 1 127 4 16 0 63 10 2 12 16
1651869262 15158 1539 1701 4254 4491 46037 1052 5 112 3 1 127 4 16 0 63 10 2 12 16
1651869693 15158 1539 1706 4254 4491 46037 1052 5 112 3 1 127 4 16 0 63 10 2 12 16
1651869999 15158 1539 1707 4254 4491 46037 1052 5 112 3 1 127 4 16 0 63 10 2 12 16
1652115823 15158 1539 1720 4254 4491 46037 1052 5 112 3 1 127 4 16 0 63 10 2 12 16
1652469855 15158 1539 1720 4254 4491 46037 1052 5 112 3 1 127 4 16 0 63 10 3 12 16
1653335853 15158 1539 1724 4254 4491 46037 1052 5 112 3 1 127 4 16 0 63 10 3 12 16
1653500724 15158 1539 1732 4254 4491 46037 1052 5 112 3 1 127 4 16 0 63 10 3 12 16
1653524619 15158 1539 1738 4254 4491 46037 1052 5 112 3 1 127 4 16 0 63 10 3 12 16
1653589249 15158 1539 2119 4254 4491 46037 1052 5 112 3 1 127 4 16 0 63 10 3 12 16
1653630804 15158 1539 2119 4254 4491 46037 1052 5 112 42 1 127 4 16 0 63 10 3 12 16
1653679211 15158 1539 2120 4254 4491 46037 1052 5 112 42 1 127 4 16 0 63 10 3 12 16
1653679362 15158 1539 2121 4254 4491 46037 1052 5 112 42 1 127 4 16 0 63 10 3 12 16
1653679706 15158 1539 2123 4254 4491 46037 1052 5 112 42 1 127 4 16 0 63 10 3 12 16
1653679933 15158 1539 2126 4254 4491 46037 1052 5 112 42 1 127 4 16 0 63 10 3 12 16
1653682033 15158 1539 2128 4254 4491 46037 1052 5 112 42 1 127 4 16 0 63 10 3 12 16
1653682049 15158 1539 2130 4254 4491 46037 1052 5 112 42 1 127 4 16 0 63 10 3 12 16
1654203232 15158 1539 2130 4254 4491 46037 1052 5 112 45 1 127 4 16 0 63 10 3 12 16
1654629447 15158 1539 2183 4254 4491 46037 1052 5 112 45 1 127 4 16 0 63 10 3 12 16
1654629473 15158 1539 2196 4254 4491 46037 1052 5 112 45 1 127 4 16 0 63 10 3 12 16
1654890847 15158 1539 2209 4254 4491 46037 1052 5 112 45 1 127 4 16 0 63 10 3 12 16
1654891732 15158 1539 2209 4254 4491 46067 1052 5 112 45 1 127 4 16 0 63 10 3 12 16
1655323871 15158 1539 2211 4254 4491 46067 1052 5 112 45 1 127 4 16 0 63 10 3 12 16
1655323886 15158 1539 2219 4254 4491 46067 1052 5 112 45 1 127 4 16 0 63 10 3 12 16
1655324093 15158 1539 2219 4254 4491 46067 1052 35 112 45 1 127 4 16 0 63 10 3 12 16
1655326948 15158 1539 2219 4254 4491 46067 1052 63 112 45 1 127 4 16 0 63 10 3 12 16
1655397637 15158 1539 2219 4254 4491 46067 1052 66 112 45 1 127 4 16 0 63 10 3 12 16
1655397674 15158 1539 2219 4254 4491 46067 1052 96 112 45 1 127 4 16 0 63 10 3 12 16
1655621162 15158 1539 2219 4254 4491 46067 1052 96 112 45 4 127 4 16 0 63 10 3 12 16
1655654860 15158 1539 2219 4254 4491 46067 1052 96 112 45 6 127 4 16 0 63 10 3 12 16
1655685040 15158 1539 2219 4254 4491 46067 1052 96 112 45 9 127 4 16 0 63 10 3 12 16
1656100350 15158 1539 2219 4254 4491 46067 1052 96 112 45 9 127 4 16 0 63 10 3 12 16
1656100550 15158 1539 2219 4254 4491 46067 1052 96 112 45 9 127 4 16 1 63 10 3 12 16
1656100675 15158 1539 2219 4254 4491 46067 1052 96 112 45 9 127 4 16 1 63 10 3 12 16
1656100934 15158 1539 2219 4254 4491 46067 1052 96 112 45 9 127 4 16 7 63 10 3 12 16
1656176599 15158 1539 2219 4254 4491 46067 1052 96 112 45 9 127 4 16 169 63 10 3 12 16
1656360456 15158 1539 2219 4254 4491 46108 1052 96 112 45 9 127 4 16 169 63 10 3 12 16
1656536818 15158 1539 2219 4254 4491 46108 1052 96 112 58 9 127 4 16 169 63 10 3 12 16
1656697405 15158 1539 2219 4254 4491 46108 1052 96 112 58 9 127 4 16 178 63 10 3 12 16
1656705207 15158 1539 2219 4254 4491 46108 1052 96 112 58 9 127 4 16 178 63 10 3 12 16
1656705311 15158 1539 2255 4254 4491 46108 1052 96 112 58 9 127 4 16 178 63 10 3 12 16
1656941972 15158 1539 2255 4254 4491 46108 1052 96 112 58 9 127 4 16 178 63 10 3 12 16
1657214090 15158 1539 2255 4254 4491 46108 1052 96 112 58 9 127 4 16 178 63 10 3 12 16
1657317499 15158 1539 2257 4254 4491 46108 1052 96 112 58 9 127 4 16 178 63 10 3 12 16
1657495955 15158 1539 2257 4254 4491 46108 1052 96 112 65 9 127 4 16 178 63 10 3 12 16
