1529614845 0 0 0 1 0 0 0 0 0 0 0 0 0 0 0 0 0 0 0 0
1529615423 0 0 0 1 1 0 0 0 0 0 0 0 0 0 0 0 0 0 0 0
1529616428 0 0 0 1 2 0 0 0 0 0 0 0 0 0 0 0 0 0 0 0
1529616692 0 0 0 1 3 0 0 0 0 0 0 0 0 0 0 0 0 0 0 0
1529616881 0 0 0 1 4 0 0 0 0 0 0 0 0 0 0 0 0 0 0 0
1530566795 0 0 0 1 5 0 0 0 0 0 0 0 0 0 0 0 0 0 0 0
1531168699 0 0 0 1 6 0 0 0 0 0 0 0 0 0 0 0 0 0 0 0
1531172679 0 0 0 1 7 0 0 0 0 0 0 0 0 0 0 0 0 0 0 0
1531172786 0 0 0 1 8 0 0 0 0 0 0 0 0 0 0 0 0 0 0 0
1531173879 0 0 0 1 9 0 0 0 0 0 0 0 0 0 0 0 0 0 0 0
1531174092 0 0 0 1 10 0 0 0 0 0 0 0 0 0 0 0 0 0 0 0
1531174383 0 0 0 1 11 0 0 0 0 0 0 0 0 0 0 0 0 0 0 0
1531174423 0 0 0 2 11 0 0 0 0 0 0 0 0 0 0 0 0 0 0 0
1531224064 0 0 0 2 11 0 0 0 0 0 0 0 0 0 0 0 0 1 0 0
1531224787 0 0 0 2 11 0 0 0 0 0 0 0 0 0 0 0 0 2 0 0
1531227883 0 0 0 2 11 0 0 0 0 0 0 0 0 1 0 0 0 2 0 0
1531257573 0 0 0 2 11 0 0 0 0 0 0 0 1 1 0 0 0 2 0 0
1531264751 0 0 0 2 11 0 0 0 0 0 0 0 2 1 0 0 0 2 0 0
1531273579 0 0 0 2 11 0 0 0 0 0 0 0 3 1 0 0 0 2 0 0
1531276063 0 0 0 3 11 0 0 0 0 0 0 0 3 1 0 0 0 2 0 0
1531327782 0 0 0 4 11 0 0 0 0 0 0 0 3 1 0 0 0 2 0 0
1531482036 0 1 0 4 11 0 0 0 0 0 0 0 3 1 0 0 0 2 0 0
1531485250 0 2 0 4 11 0 0 0 0 0 0 0 3 1 0 0 0 2 0 0
1531496647 0 2 0 4 11 0 0 0 0 0 0 0 4 1 0 0 0 2 0 0
1531532662 0 2 0 4 11 0 0 0 0 0 0 0 5 1 0 0 0 2 0 0
1531741977 0 2 0 4 11 0 0 0 0 0 0 0 5 2 0 0 0 2 0 0
1531766884 0 2 0 4 11 0 0 0 0 0 0 0 5 3 0 0 0 2 0 0
1531850658 0 2 0 4 11 0 0 0 0 0 0 0 5 4 0 0 0 2 0 0
1531900688 0 2 0 4 11 0 0 0 0 0 0 0 6 4 0 0 0 2 0 0
1532363722 0 2 0 4 11 0 0 0 0 0 0 0 6 4 0 0 1 2 0 0
1532520583 0 2 0 4 11 0 0 0 0 0 0 0 6 4 0 0 1 2 0 0
1532695416 0 2 0 4 11 0 0 0 0 0 0 1 6 4 0 0 1 2 0 0
1532703186 1 2 0 4 11 0 0 0 0 0 0 1 6 4 0 0 1 2 0 0
1533325502 1 2 0 4 11 0 0 0 0 0 0 1 6 4 0 0 2 2 0 0
1533741916 1 2 0 4 11 0 0 0 0 0 0 1 6 4 0 0 2 2 0 0
1533885543 1 3 0 4 11 0 0 0 0 0 0 1 6 4 0 0 2 2 0 0
1533965183 1 3 0 5 11 0 0 0 0 0 0 1 6 4 0 0 2 2 0 0
1534278868 1 3 0 6 11 0 0 0 0 0 0 1 6 4 0 0 2 2 0 0
1534443630 1 3 0 6 11 0 0 0 0 0 0 1 6 4 0 0 3 2 0 0
1534852734 1 3 0 6 11 0 0 0 0 0 0 1 6 4 0 0 3 2 0 0
1535399382 1 3 0 6 11 0 0 0 0 0 0 1 6 4 0 0 4 2 0 0
1535708271 1 4 0 6 11 0 0 0 0 0 0 1 6 4 0 0 4 2 0 0
1535726893 1 4 0 6 11 0 0 0 0 0 0 1 6 4 1 0 4 2 0 0
1536354418 1 4 0 7 11 0 0 0 0 0 0 1 6 4 1 0 4 2 0 0
1538750818 2 4 0 7 11 0 0 0 0 0 0 1 6 4 1 0 4 2 0 0
1539197623 2 4 1 7 11 0 0 0 0 0 0 1 6 4 1 0 4 2 0 0
1539201167 3 4 1 7 11 0 0 0 0 0 0 1 6 4 1 0 4 2 0 0
1539280562 4 4 1 7 11 0 0 0 0 0 0 1 6 4 1 0 4 2 0 0
1539281431 4 4 1 7 11 0 0 0 0 0 0 1 6 4 1 0 4 2 0 0
1539287629 4 4 2 7 11 0 0 0 0 0 0 1 6 4 1 0 4 2 0 0
1539311270 5 4 2 7 11 0 0 0 0 0 0 1 6 4 1 0 4 2 0 0
1539311393 5 4 3 7 11 0 0 0 0 0 0 1 6 4 1 0 4 2 0 0
1539606039 5 5 3 7 11 0 0 0 0 0 0 1 6 4 1 0 4 2 0 0
1539703192 5 5 3 7 11 0 0 0 0 0 0 2 6 4 1 0 4 2 0 0
1539718052 6 5 3 7 11 0 0 0 0 0 0 2 6 4 1 0 4 2 0 0
1539807052 6 5 3 7 11 0 0 0 0 0 0 2 6 4 1 1 4 2 0 0
1539966253 6 5 3 8 11 0 0 0 0 0 0 2 6 4 1 1 4 2 0 0
1539968550 6 5 3 9 11 0 0 0 0 0 0 2 6 4 1 1 4 2 0 0
1539972280 7 5 3 9 11 0 0 0 0 0 0 2 6 4 1 1 4 2 0 0
1540304146 8 5 3 9 11 0 0 0 0 0 0 2 6 4 1 1 4 2 0 0
1540306151 8 5 3 9 11 0 0 0 0 0 0 2 6 4 1 1 4 2 0 0
1540308034 9 5 3 9 11 0 0 0 0 0 0 2 6 4 1 1 4 2 0 0
1540386458 9 5 3 9 11 0 0 0 0 0 0 2 6 4 1 1 4 2 0 0
1540652530 9 5 3 10 11 0 0 0 0 0 0 2 6 4 1 1 4 2 0 0
1540829841 9 5 3 10 11 0 0 0 0 0 0 2 6 4 1 1 4 2 0 0
1540938682 9 6 3 10 11 0 0 0 0 0 0 2 6 4 1 1 4 2 0 0
1541526246 9 6 3 10 11 0 0 0 0 0 0 2 6 4 1 1 4 2 0 0
1541619514 9 6 3 10 11 0 0 0 0 0 0 2 6 4 1 1 4 2 1 0
1541620453 9 6 3 10 11 0 0 0 0 0 0 2 6 4 1 1 4 2 2 0
1541687974 9 6 3 10 11 0 0 0 1 0 0 2 6 4 1 1 4 2 2 0
1541791499 9 6 3 10 11 0 0 0 2 0 0 2 6 4 1 1 4 2 2 0
1541794178 9 6 3 11 11 0 0 0 2 0 0 2 6 4 1 1 4 2 2 0
1541859446 9 7 3 11 11 0 0 0 2 0 0 2 6 4 1 1 4 2 2 0
1541877802 9 7 3 11 11 0 0 0 2 0 0 2 6 4 1 1 4 2 2 0
1542008780 9 8 3 11 11 0 0 0 2 0 0 2 6 4 1 1 4 2 2 0
1542136555 9 8 4 11 11 0 0 0 2 0 0 2 6 4 1 1 4 2 2 0
1542142555 9 8 5 11 11 0 0 0 2 0 0 2 6 4 1 1 4 2 2 0
1542211467 10 8 5 11 11 0 0 0 2 0 0 2 6 4 1 1 4 2 2 0
1542211853 11 8 5 11 11 0 0 0 2 0 0 2 6 4 1 1 4 2 2 0
1542738289 11 8 5 12 11 0 0 0 2 0 0 2 6 4 1 1 4 2 2 0
1542753103 11 8 6 12 11 0 0 0 2 0 0 2 6 4 1 1 4 2 2 0
1543305674 11 9 6 12 11 0 0 0 2 0 0 2 6 4 1 1 4 2 2 0
1543392373 11 10 6 12 11 0 0 0 2 0 0 2 6 4 1 1 4 2 2 0
1543858322 11 10 6 12 11 0 0 0 2 0 0 2 6 4 2 1 4 2 2 0
1543858387 11 10 6 12 11 0 0 0 2 0 0 2 6 4 3 1 4 2 2 0
1543860024 11 10 6 12 11 0 0 0 2 0 0 3 6 4 3 1 4 2 2 0
1544824427 11 10 6 13 11 0 0 0 2 0 0 3 6 4 3 1 4 2 2 0
1544825144 11 10 6 14 11 0 0 0 2 0 0 3 6 4 3 1 4 2 2 0
1545120087 11 11 6 14 11 0 0 0 2 0 0 3 6 4 3 1 4 2 2 0
1545148467 11 11 6 14 11 0 0 0 2 0 0 3 6 4 3 1 4 2 2 0
1547502889 11 11 6 14 11 0 0 0 2 0 0 3 6 4 3 2 4 2 2 0
1547502912 11 11 6 14 11 0 0 0 2 0 0 3 6 4 3 3 4 2 2 0
1547556565 11 12 6 14 11 0 0 0 2 0 0 3 6 4 3 3 4 2 2 0
1547648434 11 12 6 14 11 0 0 0 2 0 0 3 6 4 3 3 4 2 2 0
1548343830 11 12 6 14 11 0 0 0 2 0 0 4 6 4 3 3 4 2 2 0
1548366177 11 12 7 14 11 0 0 0 2 0 0 4 6 4 3 3 4 2 2 0
1548931560 11 12 7 14 11 0 0 0 2 0 0 5 6 4 3 3 4 2 2 0
1549018147 11 12 7 14 11 0 0 0 2 0 0 6 6 4 3 3 4 2 2 0
1549441273 11 13 7 14 11 0 0 0 2 0 0 6 6 4 3 3 4 2 2 0
1549607444 11 14 7 14 11 0 0 0 2 0 0 6 6 4 3 3 4 2 2 0
1549999283 11 14 7 14 11 0 0 0 3 0 0 6 6 4 3 3 4 2 2 0
1550002992 11 14 7 14 11 0 0 0 3 0 0 6 6 4 3 4 4 2 2 0
1550083311 12 14 7 14 11 0 0 0 3 0 0 6 6 4 3 4 4 2 2 0
1550144117 12 14 7 14 11 0 0 0 3 0 0 6 6 4 3 4 4 2 3 0
1550144163 12 14 7 14 11 0 0 0 3 0 0 6 6 4 3 4 4 2 3 0
1550154917 13 14 7 14 11 0 0 0 3 0 0 6 6 4 3 4 4 2 3 0
1551205420 14 14 7 14 11 0 0 0 3 0 0 6 6 4 3 4 4 2 3 0
1553187243 14 15 7 14 11 0 0 0 3 0 0 6 6 4 3 4 4 2 3 0
1553196583 15 15 7 14 11 0 0 0 3 0 0 6 6 4 3 4 4 2 3 0
1553279751 16 15 7 14 11 0 0 0 3 0 0 6 6 4 3 4 4 2 3 0
1554384858 16 15 7 14 11 0 0 0 3 0 0 6 6 4 3 4 4 2 3 0
1554457066 16 16 7 14 11 0 0 0 3 0 0 6 6 4 3 4 4 2 3 0
1554461844 16 16 7 14 11 0 0 0 3 0 0 6 6 4 3 4 4 2 3 0
1555357850 16 16 7 14 11 0 0 0 3 0 0 6 6 4 3 4 4 2 3 0
1555528222 16 16 8 14 11 0 0 0 3 0 0 6 6 4 3 4 4 2 3 0
1555704088 16 16 9 14 11 0 0 0 3 0 0 6 6 4 3 4 4 2 3 0
1555961260 16 16 9 14 11 0 0 1 3 0 0 6 6 4 3 4 4 2 3 0
1556055711 16 16 10 14 11 0 0 1 3 0 0 6 6 4 3 4 4 2 3 0
1556185466 16 16 10 14 11 0 0 1 3 0 0 6 6 4 3 4 4 2 3 0
1556782449 16 17 10 14 11 0 0 1 3 0 0 6 6 4 3 4 4 2 3 0
1556812199 16 17 10 14 11 0 0 1 3 0 0 6 6 4 3 4 4 2 3 0
1557145601 16 17 10 14 11 0 0 1 3 0 0 6 6 4 3 4 4 2 3 0
1557147509 16 17 10 14 11 0 0 1 3 0 0 6 6 4 3 4 4 2 3 0
1557345062 16 17 10 14 11 0 0 1 3 0 0 6 6 4 3 4 4 2 3 0
1558091696 16 18 10 14 11 0 0 1 3 0 0 6 6 4 3 4 4 2 3 0
1558122873 16 18 10 14 11 0 0 1 3 0 0 6 6 4 3 4 4 2 3 0
1558697465 16 19 10 14 11 0 0 1 3 0 0 6 6 4 3 4 4 2 3 0
1558964990 16 20 10 14 11 0 0 1 3 0 0 6 6 4 3 4 4 2 3 0
1559919591 17 20 10 14 11 0 0 1 3 0 0 6 6 4 3 4 4 2 3 0
1560523082 17 21 10 14 11 0 0 1 3 0 0 6 6 4 3 4 4 2 3 0
1561638861 18 21 10 14 11 0 0 1 3 0 0 6 6 4 3 4 4 2 3 0
1561643926 19 21 10 14 11 0 0 1 3 0 0 6 6 4 3 4 4 2 3 0
1562582494 19 22 10 14 11 0 0 1 3 0 0 6 6 4 3 4 4 2 3 0
1562879649 19 22 10 14 11 0 0 1 3 1 0 6 6 4 3 4 4 2 3 0
1563297919 19 22 11 14 11 0 0 1 3 1 0 6 6 4 3 4 4 2 3 0
1563389335 20 22 11 14 11 0 0 1 3 1 0 6 6 4 3 4 4 2 3 0
1564046653 20 22 11 14 11 0 0 1 3 1 0 6 6 4 4 4 4 2 3 0
1564081850 20 22 11 14 11 0 0 1 3 2 0 6 6 4 4 4 4 2 3 0
1564687522 21 22 11 14 11 0 0 1 3 2 0 6 6 4 4 4 4 2 3 0
1566554389 21 22 11 14 11 0 0 1 3 3 0 6 6 4 4 4 4 2 3 0
1566567144 21 22 11 14 11 0 0 1 3 3 0 6 6 4 5 4 4 2 3 0
1566567247 21 22 11 14 11 0 0 1 3 3 0 6 6 4 5 4 4 2 3 0
1566567371 21 22 11 14 11 0 0 1 3 3 0 6 6 4 5 4 4 2 3 0
1566593420 21 22 11 14 11 0 0 2 3 3 0 6 6 4 5 4 4 2 3 0
1566849357 21 22 11 14 11 0 0 2 3 3 0 6 6 4 5 5 4 2 3 0
1571140895 21 22 11 14 11 0 0 2 3 3 0 6 6 4 5 5 4 2 3 0
1571156143 21 23 11 14 11 0 0 2 3 3 0 6 6 4 5 5 4 2 3 0
1571723937 21 24 11 14 11 0 0 2 3 3 0 6 6 4 5 5 4 2 3 0
1571918414 21 25 11 14 11 0 0 2 3 3 0 6 6 4 5 5 4 2 3 0
1571983976 21 26 11 14 11 0 0 2 3 3 0 6 6 4 5 5 4 2 3 0
1572867522 21 27 11 14 11 0 0 2 3 3 0 6 6 4 5 5 4 2 3 0
1573458023 21 28 11 14 11 0 0 2 3 3 0 6 6 4 5 5 4 2 3 0
1573656366 22 28 11 14 11 0 0 2 3 3 0 6 6 4 5 5 4 2 3 0
1573662613 23 28 11 14 11 0 0 2 3 3 0 6 6 4 5 5 4 2 3 0
1573664331 23 29 11 14 11 0 0 2 3 3 0 6 6 4 5 5 4 2 3 0
1574710538 24 29 11 14 11 0 0 2 3 3 0 6 6 4 5 5 4 2 3 0
1574711063 25 29 11 14 11 0 0 2 3 3 0 6 6 4 5 5 4 2 3 0
1575986435 26 29 11 14 11 0 0 2 3 3 0 6 6 4 5 5 4 2 3 0
1576858397 27 29 11 14 11 0 0 2 3 3 0 6 6 4 5 5 4 2 3 0
1577372918 27 29 12 14 11 0 0 2 3 3 0 6 6 4 5 5 4 2 3 0
1577373016 27 29 13 14 11 0 0 2 3 3 0 6 6 4 5 5 4 2 3 0
1578408176 27 29 13 14 11 0 0 2 3 3 0 6 6 4 5 5 4 2 3 0
1578523004 27 29 14 14 11 0 0 2 3 3 0 6 6 4 5 5 4 2 3 0
1579191353 27 29 14 14 11 0 0 3 3 3 0 6 6 4 5 5 4 2 3 0
1579193802 27 29 14 14 11 0 0 4 3 3 0 6 6 4 5 5 4 2 3 0
1579706753 27 29 15 14 11 0 0 4 3 3 0 6 6 4 5 5 4 2 3 0
1579708645 27 29 15 14 11 0 0 4 3 3 0 6 6 4 5 5 4 2 3 0
1580163155 27 29 15 14 11 0 0 4 3 3 0 6 6 4 5 5 4 2 3 0
1580178814 27 29 15 14 11 0 0 4 3 3 0 6 6 4 5 5 4 2 3 0
1580292562 27 29 15 14 11 0 0 4 3 3 0 6 6 4 5 5 4 2 3 0
1580743515 28 29 15 14 11 0 0 4 3 3 0 6 6 4 5 5 4 2 3 0
1581347628 29 29 15 14 11 0 0 4 3 3 0 6 6 4 5 5 4 2 3 0
1581351654 30 29 15 14 11 0 0 4 3 3 0 6 6 4 5 5 4 2 3 0
1581441337 30 29 15 14 11 0 1 4 3 3 0 6 6 4 5 5 4 2 3 0
1581527470 30 29 15 14 11 0 1 4 3 3 0 6 6 4 5 5 4 2 3 0
1582234870 30 29 15 14 11 0 1 4 3 3 0 6 6 4 5 5 4 2 4 0
1582645752 31 29 15 14 11 0 1 4 3 3 0 6 6 4 5 5 4 2 4 0
1583156896 31 29 16 14 11 0 1 4 3 3 0 6 6 4 5 5 4 2 4 0
1584729318 32 29 16 14 11 0 1 4 3 3 0 6 6 4 5 5 4 2 4 0
1584976387 33 29 16 14 11 0 1 4 3 3 0 6 6 4 5 5 4 2 4 0
1587152444 33 29 16 14 11 0 1 4 3 3 0 6 6 4 5 5 4 2 4 0
1587478463 33 29 16 14 11 0 1 4 3 3 0 7 6 4 5 5 4 2 4 0
1589182448 33 29 16 14 11 0 2 4 3 3 0 7 6 4 5 5 4 2 4 0
1589374559 34 29 16 14 11 0 2 4 3 3 0 7 6 4 5 5 4 2 4 0
1589377812 35 29 16 14 11 0 2 4 3 3 0 7 6 4 5 5 4 2 4 0
1589381797 36 29 16 14 11 0 2 4 3 3 0 7 6 4 5 5 4 2 4 0
1589396961 36 29 16 14 11 0 2 4 3 3 0 7 6 5 5 5 4 2 4 0
1589549533 37 29 16 14 11 0 2 4 3 3 0 7 6 5 5 5 4 2 4 0
1589814430 37 29 16 14 11 0 2 4 4 3 0 7 6 5 5 5 4 2 4 0
1589900556 37 29 16 14 11 0 2 4 4 3 0 7 6 5 5 5 4 2 4 0
1589905819 38 29 16 14 11 0 2 4 4 3 0 7 6 5 5 5 4 2 4 0
1590687003 38 29 16 14 11 0 2 4 5 3 0 7 6 5 5 5 4 2 4 0
1595438460 38 29 16 14 11 0 2 4 5 3 0 7 6 5 5 5 4 2 4 0
1597431187 38 29 16 14 11 0 2 4 5 3 0 7 6 5 5 5 4 2 4 0
1601387317 38 29 16 14 11 1 2 4 5 3 0 7 6 5 5 5 4 2 4 0
1601478572 39 29 16 14 11 1 2 4 5 3 0 7 6 5 5 5 4 2 4 0
1601576239 39 29 16 14 11 2 2 4 5 3 0 7 6 5 5 5 4 2 4 0
1602252960 39 29 16 14 11 2 2 4 5 3 0 7 6 5 5 5 4 2 4 0
1602272133 39 29 16 14 11 2 2 4 5 3 0 7 6 5 5 5 4 2 4 0
1602487228 39 29 16 14 11 2 3 4 5 3 0 7 6 5 5 5 4 2 4 0
1603081756 39 29 16 14 11 2 3 4 5 3 0 7 6 5 5 5 4 2 4 1
1603102258 39 29 16 14 11 3 3 4 5 3 0 7 6 5 5 5 4 2 4 1
1604075799 39 29 16 14 11 4 3 4 5 3 0 7 6 5 5 5 4 2 4 1
1604929360 39 29 16 14 11 5 3 4 5 3 0 7 6 5 5 5 4 2 4 1
1606203919 39 29 16 14 11 5 3 4 5 3 0 7 6 5 5 5 4 2 4 1
1606744912 39 29 16 14 11 5 3 4 5 3 0 7 6 6 5 5 4 2 4 1
1606748751 39 29 16 14 11 6 3 4 5 3 0 7 6 6 5 5 4 2 4 1
1610728893 39 29 16 14 11 6 3 4 6 3 0 7 6 6 5 5 4 2 4 1
1613029253 39 29 16 14 11 6 3 4 6 3 0 7 6 6 5 5 4 2 4 1
1613386118 39 29 16 14 11 6 4 4 6 3 0 7 6 6 5 5 4 2 4 1
1613390192 39 29 16 14 11 6 5 4 6 3 0 7 6 6 5 5 4 2 4 1
1613405633 39 29 16 14 11 6 5 4 6 3 0 7 6 6 5 5 4 3 4 1
1613659884 39 29 16 14 11 6 5 4 6 4 0 7 6 6 5 5 4 3 4 1
1613664199 39 29 16 14 11 6 5 4 6 5 0 7 6 6 5 5 4 3 4 1
1613746465 39 29 16 14 11 6 5 4 6 5 0 7 6 6 5 5 4 3 4 1
1614072331 39 29 16 14 11 6 5 4 6 5 0 7 6 6 5 5 4 3 4 1
1614072391 39 29 16 14 11 6 6 4 6 5 0 7 6 6 5 5 4 3 4 1
1614092842 39 29 16 14 11 6 6 4 6 5 0 7 6 6 5 5 4 3 4 1
1615365799 39 29 16 14 11 6 6 4 6 5 0 7 6 6 5 5 4 3 4 1
1615366517 39 29 16 14 11 7 6 4 6 5 0 7 6 6 5 5 4 3 4 1
1616592135 39 29 16 14 11 8 6 4 6 5 0 7 6 6 5 5 4 3 4 1
1619116490 39 29 16 14 11 8 6 4 7 5 0 7 6 6 5 5 4 3 4 1
1619680003 39 29 16 14 11 8 6 4 7 5 0 7 6 6 5 5 4 3 4 1
1620764538 39 29 16 14 11 8 6 4 8 5 0 7 6 6 5 5 4 3 4 1
1621945345 39 29 16 14 11 8 6 5 8 5 0 7 6 6 5 5 4 3 4 1
1623252156 39 29 16 14 11 8 6 5 8 5 0 7 6 6 5 5 4 3 4 1
1623836016 39 29 16 14 11 8 6 5 8 5 0 7 6 6 5 5 4 3 4 1
1624515052 39 29 16 14 11 8 6 5 8 5 0 7 6 6 5 5 4 3 4 1
1624608984 39 29 16 14 11 8 6 5 8 5 0 7 6 6 5 5 4 3 4 1
1626448717 39 29 16 14 11 8 6 5 8 5 1 7 6 6 5 5 4 3 4 1
1626882680 39 29 16 14 11 8 6 5 8 5 2 7 6 6 5 5 4 3 4 1
1627986036 39 29 16 14 11 8 6 5 8 5 2 7 6 6 5 5 4 3 4 1
1631865144 39 29 16 14 11 8 6 5 8 5 2 7 6 6 5 5 4 3 4 1
1633637419 39 29 16 14 11 8 6 6 8 5 2 7 6 6 5 5 4 3 4 1
1636463000 39 29 16 14 11 8 6 6 8 5 2 7 6 6 5 5 4 4 4 1
1639449849 39 29 16 14 11 8 6 6 8 5 2 7 6 6 5 5 4 4 4 1
1642555565 39 29 16 14 11 8 6 6 8 5 2 7 6 6 5 5 4 4 4 1
1642809655 39 29 16 14 11 8 6 6 8 5 3 7 6 6 5 5 4 4 4 1
1643055497 39 29 16 14 11 8 6 6 8 5 4 7 6 6 5 5 4 4 4 1
1643225329 39 29 16 14 11 8 6 6 8 5 5 7 6 6 5 5 4 4 4 1
1643304821 39 29 16 14 11 8 6 6 8 5 6 7 6 6 5 5 4 4 4 1
1644006693 39 29 16 14 11 8 6 6 8 5 7 7 6 6 5 5 4 4 4 1
1646767586 39 29 16 14 11 8 6 6 8 5 7 7 6 6 5 5 4 4 4 1
1646770554 39 29 16 14 11 8 6 6 8 5 7 7 6 6 5 5 4 4 4 1
1647435276 39 29 16 14 11 9 6 6 8 5 7 7 6 6 5 5 4 4 4 1
1647619222 39 29 16 14 11 10 6 6 8 5 7 7 6 6 5 5 4 4 4 1
1651056044 39 29 16 14 11 10 6 6 8 5 7 7 6 6 5 5 4 4 4 1
1651066844 39 29 16 14 11 10 6 6 8 5 7 7 6 6 5 5 4 4 4 1
1651152373 39 29 16 14 11 10 6 6 8 5 7 7 6 6 5 5 4 4 4 1
1651250619 39 29 16 14 11 10 6 7 8 5 7 7 6 6 5 5 4 4 4 1
1652182321 39 29 16 14 11 10 7 7 8 5 7 7 6 6 5 5 4 4 4 1
1652363165 39 29 16 14 11 10 7 7 8 5 7 7 6 6 5 5 4 4 4 1
1652786717 39 29 16 14 11 10 7 7 8 5 7 7 6 6 5 5 4 4 4 2
1652802935 39 29 16 14 11 10 8 7 8 5 7 7 6 6 5 5 4 4 4 2
1652882540 39 29 16 14 11 10 8 8 8 5 7 7 6 6 5 5 4 4 4 2
1653912571 39 29 16 14 11 10 8 8 8 5 7 7 6 6 5 5 4 4 4 3
1654686272 39 29 16 14 11 10 8 8 8 6 7 7 6 6 5 5 4 4 4 3
1654781063 39 29 16 14 11 10 9 8 8 6 7 7 6 6 5 5 4 4 4 3
1656508552 39 29 16 14 11 10 9 8 8 7 7 7 6 6 5 5 4 4 4 3
1656586212 39 29 16 14 11 10 9 8 8 7 7 7 6 6 5 5 4 4 4 3
1657218844 39 29 16 14 11 10 9 8 8 7 7 7 6 6 5 5 4 4 4 3
1657542556 39 29 16 14 11 10 9 8 8 7 7 7 6 6 5 5 4 4 4 3
