1529614845 1
1529615423 9
1529616428 18
1529616692 20
1529616881 20
1530566795 274
1531168699 275
1531172679 296
1531172786 295
1531174423 324
1531227883 325
1531276063 333
1531327782 332
1531482036 472
1531485250 473
1531496647 473
1531532662 473
1531741977 719
1531766884 756
1531850658 757
1531900688 758
1532363722 759
1532520583 760
1532695416 760
1532703186 761
1533325502 761
1533741916 762
1533885543 776
1533965183 775
1534278868 776
1534443630 777
1534852734 779
1535399382 779
1535708271 778
1535726893 779
1536354418 779
1538750818 778
1539197623 779
1539201167 864
1539280562 865
1539281431 865
1539287629 865
1539311270 865
1539311393 866
1539606039 866
1539703192 867
1539718052 864
1539807052 865
1539966253 860
1539968550 866
1539972280 866
1540304146 925
1540306151 926
1540308034 926
1540386458 927
1540652530 928
1540829841 929
1540938682 1020
1541526246 1020
1541619514 1021
1541620453 1021
1541687974 1022
1541791499 1023
1541794178 1023
1541859446 1285
1541877802 1286
1542008780 1286
1542136555 1748
1542142555 1749
1542211467 1749
1542211853 1749
1542738289 1750
1542753103 1750
1543305674 1881
1543392373 2034
1543858322 2035
1543858387 2037
1543860024 2036
1544824427 2036
1544825144 2036
1545120087 2096
1545148467 2096
1547502889 2096
1547502912 2097
1547556565 2190
1547648434 2191
1548343830 2192
1548366177 2192
1548931560 2193
1549018147 2195
1549441273 2195
1549607444 2259
1549999283 2260
1550002992 2260
1550083311 2457
1550144117 2459
1550144163 2460
1550154917 2462
1551205420 2517
1553187243 2641
1553196583 2669
1553279751 2672
1554384858 2738
1554457066 2738
1554461844 2739
1555357850 2739
1555528222 2740
1555704088 2741
1555961260 2742
1556055711 2742
1556185466 2742
1556782449 2843
1556812199 2961
1557145601 2961
1557147509 2963
1557345062 2964
1558091696 2964
1558122873 2964
1558697465 2964
1558964990 3084
1559919591 3086
1560523082 3085
1561638861 3239
1561643926 3240
1562582494 3245
1562879649 3246
1563297919 3246
1563389335 3251
1564046653 3252
1564081850 3252
1564687522 3258
1566554389 3259
1566567144 3259
1566567247 3260
1566567371 3261
1566593420 3261
1566849357 3264
1571140895 3265
1571156143 3341
1571723937 3353
1571918414 3396
1571983976 3464
1572867522 3485
1573458023 3484
1573656366 3622
1573662613 3623
1573664331 3623
1574710538 3571
1574711063 3571
1575986435 3571
1576858397 3571
1577372918 3572
1577373016 3573
1578408176 3574
1578523004 3574
1579191353 3575
1579193802 3575
1579706753 3575
1579708645 3576
1580163155 3576
1580178814 3577
1580292562 4187
1580743515 4186
1581347628 4299
1581351654 4299
1581441337 4300
1581527470 4299
1582234870 4300
1582645752 4314
1583156896 4315
1584729318 4323
1584976387 4323
1587152444 4324
1587478463 4324
1589182448 4325
1589374559 4325
1589377812 4450
1589381797 4453
1589396961 4453
1589549533 4454
1589814430 4455
1589900556 4456
1589905819 4456
1590687003 4456
1595438460 4457
1597431187 4458
1601387317 4556
1601478572 4556
1601576239 4556
1602252960 4557
1602272133 4603
1602487228 4604
1603081756 4605
1603102258 4605
1604075799 4606
1604929360 4606
1606203919 4606
1606744912 4606
1606748751 4607
1610728893 4607
1613029253 4834
1613386118 4830
1613390192 4830
1613405633 4831
1613659884 4832
1613664199 4833
1613746465 4833
1614072331 4834
1614072391 4834
1614092842 4834
1615365799 4957
1615366517 4958
1616592135 4958
1619116490 4959
1619680003 4986
1620764538 4986
1621945345 4987
1623252156 4988
1623836016 4988
1624515052 5267
1624608984 5268
1626448717 5352
1626882680 5359
1627986036 5359
1631865144 5520
1633637419 5521
1636463000 5522
1639449849 5523
1642555565 5523
1642809655 5722
1643055497 5722
1643225329 5741
1643304821 5749
1644006693 5749
1646767586 5884
1646770554 5886
1647435276 5887
1647619222 5888
1651056044 5889
1651066844 5889
1651152373 5890
1651250619 5891
1652182321 5892
1652363165 5893
1652786717 5894
1652802935 5894
1652882540 5895
1653912571 5895
1654686272 5996
1654781063 5998
1656508552 6059
1656586212 6059
1657218844 6152
1657542556 6162
