1532016627 233
1532378992 233
1548629841 263
1548678171 312
1548932491 313
1553113646 326
1553163439 326
1558269343 363
1559502708 403
1561798563 418
1563038633 418
1564994190 432
1576345052 437
1576587191 447
1577102192 450
1578522964 452
1578617289 560
1578692762 560
1578782028 563
1578782051 574
1578853824 575
1579034750 576
1580237493 794
1581678976 869
1581790614 900
1581790775 900
1581797985 904
1581798837 1268
1582034698 1268
1582044315 1269
1582044424 1275
1582044497 1275
1582044591 1275
1582044649 1277
1582044735 1283
1582044793 1283
1582044923 1294
1582045102 1304
1582045297 1358
1582050550 1362
1583695882 1362
1583696009 1384
1583782021 1387
1584224720 1437
1586121964 1437
1586122002 1441
1587138596 1456
1587138638 1486
1587138975 1479
1587139026 1552
1587405314 1559
1587757935 1563
1587758025 1626
1589050669 1630
1589050706 1626
1589050731 1627
1589050747 1628
1589050762 1636
1589050953 1636
1589065300 1638
1589462734 1669
1589462924 1669
1589463056 1894
1589481409 1950
1589488748 1966
1589551731 1995
1591620854 1995
1593275120 1996
1611221046 1996
1613475709 2061
1613475730 2062
1613476089 2061
1613476137 2061
1618073150 2077
1618325853 2146
1618326012 2151
1618328686 2158
1618414153 2156
1618414455 2158
1618414717 2158
1618414993 2172
1618487339 2172
1618487355 2160
1618487485 2155
1618500448 2159
1618500464 2159
1618500572 2223
1618928687 2223
1618928704 2225
1618928725 2256
1618928750 2286
1618928769 2286
1618928783 2286
1618928808 2280
1618928820 2284
1618930080 2662
1618930350 2665
1618932044 2667
1619001109 2684
1619001122 2684
1619001136 2684
1619001149 2684
1619001171 2706
1619001200 2707
1619001215 2724
1619001567 2734
1619001587 2739
1619001726 2759
1619001741 2758
1619001760 2827
1619024668 2876
1619427506 2916
1619615633 2916
1619615648 2924
1619615673 2922
1619615687 3068
1619615710 3068
1619615732 3068
1619615745 3061
1619615758 3064
1619615773 3065
1619615803 3066
1619615845 3063
1619615869 3081
1619618610 3082
1619618636 3142
1619618694 3143
1619619172 3564
1619619475 3601
1619620827 3693
1619621496 3714
1619622262 3715
1619776646 3717
1621177778 3717
1621177793 3743
1621177807 3742
1621177825 3742
1621177840 3761
1621177853 3761
1621177866 3766
1621177879 3772
1621177892 3772
1621177915 3774
1621177930 3773
1621177951 3773
1621177965 3775
1621178017 3791
1621178029 3791
1621178043 3791
1621178055 3791
1621178068 3790
1621178115 3791
1621178129 3786
1621178168 3786
1621178182 3784
1621178197 3756
1621178213 3759
1621178231 3757
1621178245 3858
1621178269 3868
1621178299 3875
1621178312 3875
1621178638 3957
1621178827 3959
1621180161 3996
1621180383 3987
1621180560 3986
1621181006 3995
1621181162 4001
1621181254 4065
1621181303 4085
1621181610 4085
1621182237 4099
1621185877 4306
1622013902 4306
1622013921 4306
1622013941 4307
1622013958 4310
1622013975 4310
1622013990 4310
1622014007 4313
1622014023 4312
1622014038 4344
1622014055 4352
1622014071 4355
1622014089 4355
1622014104 4347
1622014152 4400
1622014168 4396
1622014195 4406
1622014211 4435
1622014250 4526
1622014289 4528
1622014327 4526
1622014344 4530
1622014362 4533
1622014387 4536
1622014411 4537
1622014426 4537
1622014442 4536
1622014461 4599
1622015505 4716
1622016836 4797
1622017155 4858
1622017191 4862
1622017702 4854
1622017774 4856
1622026814 4857
1622026836 4856
1622028147 4843
1622031849 4926
1622049991 4965
1622054525 5021
1622445246 5036
1622445262 5036
1622445291 5050
1622445308 5050
1622445322 5051
1622445337 5070
1622445352 5077
1622445374 5068
1622445389 5107
1622445419 5106
1622445436 5103
1622445451 5111
1622445480 5110
1622445502 5111
1622445515 5124
1622445538 5122
1622445559 5125
1622445583 5089
1622445600 5089
1622445614 5094
1622446623 5115
1622446660 5119
1622446836 5120
1622446851 5119
1622447364 5147
1622447415 5144
1622447830 5144
1622447847 5149
1622448569 5297
1622449775 5398
1622455883 5604
1622883895 5605
1622883909 5605
1622883924 5611
1622883940 5612
1622883957 5612
1622883970 5614
1622884001 5614
1622884658 5617
1622884889 5654
1626389479 5660
1626389499 5654
1626389516 5649
1626389539 5649
1626389556 5653
1626389581 5669
1626389596 5683
1626389612 5700
1626389628 5713
1626389652 5712
1626389668 5743
1626389692 5743
1626389706 5741
1626389722 5745
1626389736 5850
1626389750 5861
1626389774 5859
1626389788 5858
1626389801 5868
1626389813 5866
1626391520 5901
1626391532 5908
1626391551 5912
1626391566 5910
1628087479 5914
1628087511 5914
1628087555 5894
1628087569 5937
1629716476 5937
1629716499 5937
1629717594 5951
1629730929 5952
1629731037 5952
1629731106 5952
1633510466 5987
1633510481 5987
1633510493 5989
1633510506 5975
1635709226 5969
1635709268 5970
1638290754 5975
1642016874 6021
1642017098 6026
1642017129 6035
1642017156 6036
1642017467 6041
1642017827 6063
1642017872 6316
1642017905 6312
1642017929 6312
1642017953 6313
1642018002 6313
1642018046 6315
1642018082 6315
1642018872 6337
1642019900 6346
1642020011 6355
1642020596 6452
1642020616 6443
1642164208 6443
1642166435 6445
1644342213 6451
1644342260 6458
1644342293 6467
1644343039 6472
1644343076 6490
1644343105 6490
1644344329 6490
1645448916 6488
1645448966 6485
1645449238 6504
1645450351 6500
1645476846 6500
1645541522 6500
1645541552 6496
1645541574 6496
1645546606 6566
1645548240 6577
1656508952 6577
1656509025 6577
1656509054 6575
1656592605 6581
1656594137 6581
1657208743 6581
1657208785 6581
1657208816 6569
1657208837 6568
1657208871 6568
1657208891 6556
1657208920 6555
1657208946 6547
1657208963 6543
1657208987 6539
