1534413231 202
1534414000 278
1534939139 286
1535306278 285
1537272306 285
1537556656 285
1538058937 322
1538058995 329
1538136394 335
1539605627 335
1539606175 335
1539607831 333
1540825991 333
1542464824 335
1542465942 335
1542648199 335
1543854000 342
1543854182 345
1543855247 345
1543858618 345
1543933315 345
1545342570 345
1548690101 345
1548690137 348
1549383114 350
1550581427 393
1551217682 393
1551223707 394
1551703446 394
1551707301 395
1551805975 395
1552483704 395
1553635061 395
1554304009 395
1554817061 395
1556817289 395
1557505907 394
1557506823 395
1557508116 395
1557509289 393
1557758143 393
1558010966 393
1559040047 393
1559668236 393
1559853885 393
1560780017 393
1562750698 393
1562916820 393
1564158071 393
1565271241 393
1566217796 393
1567027782 393
1568364961 393
1570720382 393
1571044212 393
1571667450 393
1574265840 393
1574798182 393
1576773047 393
1576856609 395
1576859013 395
1576868724 395
1576873027 395
1581332272 417
1581332620 417
1581333273 417
1581333784 421
1581334394 424
1583311691 424
1586187744 424
1589230141 424
1589285557 424
1590408215 435
1590603751 435
1590603906 435
1590662898 431
1590681467 431
1592403031 431
1596182861 419
1596202040 378
1596207484 322
1630498330 309
1638193872 308
1638193906 308
1644421643 316
1646804216 316
