1534413231 202 0 0 0 0 0 0 0 0 0 0 0 0 0 0 0 0 0 0 0
1534414000 202 0 0 0 0 0 0 0 76 0 0 0 0 0 0 0 0 0 0 0
1534939139 202 0 0 0 0 0 0 0 84 0 0 0 0 0 0 0 0 0 0 0
1535306278 202 0 0 0 0 0 0 0 84 0 0 0 0 0 0 0 0 0 0 0
1537272306 202 0 0 0 0 0 0 0 84 0 0 2 0 0 0 0 0 0 0 0
1537556656 202 0 0 0 0 0 0 0 84 0 0 4 0 0 0 0 0 0 0 0
1538058937 202 0 0 0 37 0 0 0 84 0 0 4 0 0 0 0 0 0 0 0
1538058995 202 0 0 0 44 0 0 0 84 0 0 4 0 0 0 0 0 0 0 0
1538136394 202 0 0 0 44 0 0 0 84 0 0 4 0 0 0 0 0 0 0 6
1539605627 202 0 0 0 44 0 2 0 84 0 0 4 0 0 0 0 0 0 0 6
1539606175 202 0 0 0 47 0 2 0 84 0 0 4 0 0 0 0 0 0 0 6
1539607831 206 0 0 0 47 0 2 0 84 0 0 4 0 0 0 0 0 0 0 6
1540825991 206 0 3 0 47 0 2 0 84 0 0 4 0 0 0 0 0 0 0 6
1542464824 208 0 3 0 47 0 2 0 84 0 0 4 0 0 0 0 0 0 0 6
1542465942 208 0 3 0 49 0 2 0 84 0 0 4 0 0 0 0 0 0 0 6
1542648199 208 0 6 0 49 0 2 0 84 0 0 4 0 0 0 0 0 0 0 6
1543854000 208 0 13 0 49 0 2 0 84 0 0 4 0 0 0 0 0 0 0 6
1543854182 208 0 13 0 54 0 2 0 84 0 0 4 0 0 0 0 0 0 0 6
1543855247 208 0 13 0 54 0 2 0 84 3 0 4 0 0 0 0 0 0 0 6
1543858618 208 0 13 0 54 0 2 0 84 4 0 4 0 0 0 0 0 0 0 6
1543933315 208 0 13 0 58 0 2 0 84 4 0 4 0 0 0 0 0 0 0 6
1545342570 208 0 13 0 58 0 2 3 84 4 0 4 0 0 0 0 0 0 0 6
1548690101 208 0 13 0 58 0 5 3 84 4 0 4 0 0 0 0 0 0 0 6
1548690137 208 0 13 0 61 0 5 3 84 4 0 4 0 0 0 0 0 0 0 6
1549383114 208 0 13 0 61 0 5 3 84 6 0 4 0 0 0 0 0 0 0 6
1550581427 208 46 13 0 61 0 5 3 84 6 0 4 0 0 0 0 0 0 0 6
1551217682 208 46 13 0 61 0 5 6 84 6 0 4 0 0 0 0 0 0 0 6
1551223707 208 46 13 0 61 0 5 7 84 6 0 4 0 0 0 0 0 0 0 6
1551703446 208 49 13 0 61 0 5 7 84 6 0 4 0 0 0 0 0 0 0 6
1551707301 208 50 13 0 61 0 5 7 84 6 0 4 0 0 0 0 0 0 0 6
1551805975 208 50 13 0 61 0 5 10 84 6 0 4 0 0 0 0 0 0 0 6
1552483704 208 54 13 0 61 0 5 10 84 6 0 4 0 0 0 0 0 0 0 6
1553635061 208 54 16 0 61 0 5 10 84 6 0 4 0 0 0 0 0 0 0 6
1554304009 208 54 19 0 61 0 5 10 84 6 0 4 0 0 0 0 0 0 0 6
1554817061 208 58 19 0 61 0 5 10 84 6 0 4 0 0 0 0 0 0 0 6
1556817289 208 58 19 0 61 0 5 10 84 6 0 4 0 0 0 0 0 0 0 6
1557505907 208 58 19 11 61 0 5 10 84 6 0 4 0 0 0 0 0 0 0 6
1557506823 208 58 19 23 61 0 5 10 84 6 0 4 0 0 0 0 0 0 0 6
1557508116 208 58 19 39 61 0 5 10 84 6 0 4 0 0 0 0 0 0 0 6
1557509289 208 58 19 45 61 0 5 10 84 6 0 4 0 0 0 0 0 0 0 6
1557758143 208 58 19 48 61 0 5 10 84 6 0 4 0 0 0 0 0 0 0 6
1558010966 208 62 19 48 61 0 5 10 84 6 0 4 0 0 0 0 0 0 0 6
1559040047 208 62 19 48 61 0 8 10 84 6 0 4 0 0 0 0 0 0 0 6
1559668236 208 62 19 48 61 0 8 10 84 6 0 4 0 0 0 0 0 5 0 6
1559853885 208 62 19 51 61 0 8 10 84 6 0 4 0 0 0 0 0 5 0 6
1560780017 208 62 19 54 61 0 8 10 84 6 0 4 0 0 0 0 0 5 0 6
1562750698 208 62 19 54 61 0 8 10 84 6 0 4 0 0 0 0 0 5 0 6
1562916820 208 62 19 57 61 0 8 10 84 6 0 4 0 0 0 0 0 5 0 6
1564158071 208 62 19 57 61 0 8 10 84 6 0 4 0 0 0 0 0 5 0 6
1565271241 212 62 19 57 61 0 8 10 84 6 0 4 0 0 0 0 0 5 0 6
1566217796 212 63 19 57 61 0 8 10 84 6 0 4 0 0 0 0 0 5 0 6
1567027782 212 63 22 57 61 0 8 10 84 6 0 4 0 0 0 0 0 5 0 6
1568364961 212 63 25 57 61 0 8 10 84 6 0 4 0 0 0 0 0 5 0 6
1570720382 212 63 25 60 61 0 8 10 84 6 0 4 0 0 0 0 0 5 0 6
1571044212 216 63 25 60 61 0 8 10 84 6 0 4 0 0 0 0 0 5 0 6
1571667450 216 63 25 60 61 0 8 10 84 6 0 4 0 0 3 0 0 5 0 6
1574265840 216 63 25 60 61 0 8 10 84 6 3 4 0 0 3 0 0 5 0 6
1574798182 216 63 25 60 61 0 8 10 84 6 6 4 0 0 3 0 0 5 0 6
1576773047 216 63 25 60 61 0 11 10 84 6 6 4 0 0 3 0 0 5 0 6
1576856609 216 63 25 60 61 0 11 10 84 6 6 4 3 0 3 0 0 5 0 6
1576859013 216 67 25 60 61 0 11 10 84 6 6 4 3 0 3 0 0 5 0 6
1576868724 216 68 25 60 61 0 11 10 84 6 6 4 3 0 3 0 0 5 0 6
1576873027 216 72 25 60 61 0 11 10 84 6 6 4 3 0 3 0 0 5 0 6
1581332272 216 72 25 60 61 0 11 10 84 6 6 4 3 0 3 0 0 5 0 6
1581332620 216 72 25 60 61 0 11 10 84 6 6 4 3 0 3 0 0 5 0 6
1581333273 220 72 25 60 61 0 11 10 84 6 6 4 3 0 3 0 0 5 0 6
1581333784 227 72 25 60 61 0 11 10 84 6 6 4 3 0 3 0 0 5 0 6
1581334394 233 72 25 60 61 0 11 10 84 6 6 4 3 0 3 0 0 5 0 6
1583311691 233 72 25 60 61 0 11 10 84 6 6 4 3 0 3 0 0 5 0 6
1586187744 233 72 29 60 61 0 11 10 84 6 6 4 3 0 3 0 0 5 0 6
1589230141 233 72 29 60 61 0 11 10 84 6 6 4 3 4 3 0 0 5 0 6
1589285557 233 72 29 60 61 0 11 10 84 6 6 4 3 8 3 0 0 5 0 6
1590408215 233 72 29 60 61 0 11 10 84 6 6 4 15 8 3 0 0 5 0 6
1590603751 233 72 29 60 61 0 11 10 84 6 6 4 15 8 3 0 0 5 0 6
1590603906 237 72 29 60 61 0 11 10 84 6 6 4 15 8 3 0 0 5 0 6
1590662898 237 72 29 60 61 6 11 10 84 6 6 4 15 8 3 0 0 5 0 6
1590681467 237 72 29 60 61 9 11 10 84 6 6 4 15 8 3 0 0 5 0 6
1592403031 237 72 33 60 61 9 11 10 84 6 6 4 15 8 3 0 0 5 0 6
1596182861 237 72 33 60 61 24 11 10 84 6 6 4 15 8 3 0 0 5 0 6
1596202040 237 72 33 60 61 39 11 10 84 6 6 4 15 8 3 0 0 5 0 6
1596207484 237 72 33 60 61 39 11 10 84 6 6 4 15 8 3 0 0 5 0 6
1630498330 237 72 33 60 61 39 11 10 84 6 6 4 15 8 3 0 0 5 0 6
1638193872 237 72 33 60 61 39 11 10 84 6 6 4 15 8 3 0 0 5 0 6
1638193906 237 72 33 60 61 39 11 10 84 6 6 4 15 8 3 4 0 5 0 6
1644421643 237 72 33 60 61 39 11 10 84 6 6 4 15 8 3 4 0 5 0 6
1646804216 237 72 33 60 61 39 11 10 84 6 6 4 15 8 3 4 4 5 0 6
