1535465232 233
1537036991 1289
1537781822 4189
1537969763 4331
1538089875 5436
1541373921 5642
1541375051 5652
1541598659 5729
1541888464 5736
1541892559 5759
1541893983 5750
1541899954 5742
1541911199 5747
1541951884 5750
1541952877 5780
1541954251 5785
1541954386 5785
1541958510 5947
1541959529 5787
1541971595 5793
1541981104 5970
1543333582 6237
1543419606 6238
1543419629 6242
1543431551 6225
1543950355 6380
1543958271 6616
1544001100 7150
1544002664 7176
1544033609 7196
1544044667 9617
1544203853 7364
1544352844 7430
1544446411 7376
1544446757 7413
1544452533 7965
1544473058 7427
1544485655 9618
1544486172 9407
1544491027 9618
1544566491 9407
1544575302 9630
1544677504 9524
1545067764 9630
1545070497 9675
1545072385 9705
1545073044 9740
1548263542 9767
1548854752 9768
1549404185 9802
1551149297 9807
1551201539 9802
1551221067 10058
1551454231 10061
1551713344 10062
1552063737 10070
1552065391 10082
1552069542 10063
1553698618 8816
1553707572 8823
1554819424 10303
1554820553 10081
1554821874 10066
1554825534 10081
1554827803 10079
1554834709 10304
1554840827 10319
1555090621 10327
1555108920 10406
1555353530 10438
1555359341 10406
1555424695 8780
1555426206 8780
1555446043 8790
1555446836 8780
1555446842 8786
1555447488 8812
1557512120 8825
1557515009 8825
1557957170 8831
1558362560 8790
1558448272 8832
1559325986 8831
1559329048 8886
1559329088 8887
1559329868 8832
1559333823 8888
1560881285 8888
1560983948 8889
1560989002 8889
1564500452 8893
1568211863 8905
1568644329 8906
1568927197 8921
1571936828 8932
1571942713 8926
1571942824 8960
1571944016 8946
1571945244 8961
1571945735 8960
1572026319 8951
1573243142 8951
1573244962 8952
1573256795 8978
1573837298 8986
1573848830 8986
1573848947 8905
1573849254 8923
1574093719 8920
1575310543 8920
1575396153 8919
1575912274 8905
1575919176 8905
1575925314 8905
1575927802 8910
1575998018 8947
1575999445 8948
1576092417 8956
1576530234 8962
1577378132 9013
1577381973 9016
1577487050 9028
1583179318 9027
1583181060 9030
1583787691 9047
1588606718 9054
1591111277 9056
1591632330 9056
1598015589 9067
1598024453 8564
1606238077 8564
1618238798 8566
1618422210 8572
1633694938 8724
1633695408 8724
1633695589 8724
1633696208 8724
1633959565 9430
1634021682 9432
1634021831 9436
1634634183 9442
1635516319 9459
1635517818 9459
1643752040 9461
