1535465232 0 0 0 0 0 0 0 0 233 0 0 0 0 0 0 0 0 0 0 0
1537036991 1056 0 0 0 0 0 0 0 233 0 0 0 0 0 0 0 0 0 0 0
1537781822 3971 0 0 0 0 0 0 0 233 0 0 0 0 0 0 0 0 0 0 0
1537969763 4117 0 0 0 0 0 0 0 233 0 0 0 0 0 0 0 0 0 0 0
1538089875 5246 0 0 0 0 0 0 0 233 0 0 0 0 0 0 0 0 0 0 0
1541373921 5464 0 0 0 0 0 0 0 233 0 0 0 0 0 0 0 0 0 0 0
1541375051 5483 0 0 0 0 0 0 0 233 0 0 0 0 0 0 0 0 0 0 0
1541598659 5565 0 0 0 0 0 0 0 233 0 0 0 0 0 0 0 0 0 0 0
1541888464 5572 0 0 0 0 0 0 0 233 0 0 0 0 0 0 0 0 0 0 0
1541892559 5597 0 0 0 0 0 0 0 233 0 0 0 0 0 0 0 0 0 0 0
1541893983 5597 0 0 0 0 0 0 0 233 0 0 0 0 0 0 0 0 0 0 0
1541899954 5602 0 0 0 0 0 0 0 233 0 0 0 0 0 0 0 0 0 0 0
1541911199 5613 0 0 0 0 0 0 0 233 0 0 0 0 0 0 0 0 0 0 0
1541951884 5616 0 0 0 0 0 0 0 233 0 0 0 0 0 0 0 0 0 0 0
1541952877 5647 0 0 0 0 0 0 0 233 0 0 0 0 0 0 0 0 0 0 0
1541954251 5652 0 0 0 0 0 0 0 233 0 0 0 0 0 0 0 0 0 0 0
1541954386 5653 0 0 0 0 0 0 0 233 0 0 0 0 0 0 0 0 0 0 0
1541959529 5656 0 0 0 0 0 0 0 233 0 0 0 0 0 0 0 0 0 0 0
1541971595 5823 0 0 0 0 0 0 0 233 0 0 0 0 0 0 0 0 0 0 0
1541981104 5849 0 0 0 0 0 0 0 233 0 0 0 0 0 0 0 0 0 0 0
1543333582 6385 0 0 0 0 0 0 0 233 0 0 0 0 0 0 0 0 0 0 0
1543419606 6421 0 0 0 0 0 0 0 233 0 0 0 0 0 0 0 0 0 0 0
1543419629 6425 0 0 0 0 0 0 0 233 0 0 0 0 0 0 0 0 0 0 0
1543431551 6450 0 0 0 0 0 0 0 233 0 0 0 0 0 0 0 0 0 0 0
1543950355 6450 0 0 158 0 0 0 0 233 0 0 0 0 0 0 0 0 0 0 0
1543958271 6689 0 0 158 0 0 0 0 233 0 0 0 0 0 0 0 0 0 0 0
1544001100 8292 0 0 158 0 0 0 0 233 0 0 0 0 0 0 0 0 0 0 0
1544002664 8322 0 0 158 0 0 0 0 233 0 0 0 0 0 0 0 0 0 0 0
1544033609 8345 0 0 158 0 0 0 0 233 0 0 0 0 0 0 0 0 0 0 0
1544203853 8345 0 0 364 0 0 0 0 233 0 0 0 0 0 0 0 0 0 0 0
1544287854 8360 0 0 364 0 0 0 0 233 0 0 0 0 0 0 0 0 0 0 0
1544312899 8400 0 0 364 0 0 0 0 233 0 0 0 0 0 0 0 0 0 0 0
1544446411 8400 0 0 364 0 0 0 0 233 0 0 0 0 0 0 0 0 0 0 0
1544446757 8400 0 0 364 0 0 0 0 233 0 0 0 0 0 0 0 0 0 0 0
1544473058 10615 0 14 364 0 0 0 0 233 0 0 0 0 0 0 0 0 0 0 0
1544485655 10615 0 17 364 0 0 0 0 233 0 0 0 0 0 0 0 0 0 0 0
1544491027 10744 0 19 364 0 0 0 0 233 0 0 0 0 0 0 0 0 0 0 0
1544566178 10748 0 19 364 0 0 0 0 233 0 0 0 0 0 0 0 0 0 0 0
1544566491 10748 0 19 364 0 0 0 0 233 0 0 0 0 0 0 0 0 0 0 0
1544677504 11059 0 19 364 0 0 0 0 233 0 0 0 0 0 0 0 0 0 0 0
1545067764 11059 1 19 364 0 0 0 0 233 0 0 0 0 0 0 0 0 0 0 0
1545070497 11105 1 19 364 0 0 0 0 233 0 0 0 0 0 0 0 0 0 0 0
1545072385 11136 1 19 364 0 0 0 0 233 0 0 0 0 0 0 0 0 0 0 0
1545073044 11196 1 19 364 0 0 0 0 233 0 0 0 0 0 0 0 0 0 0 0
1548263542 11226 1 19 364 0 0 0 0 233 0 0 0 0 0 0 0 0 0 0 0
1548854752 11226 1 19 364 0 0 0 0 233 0 0 0 0 0 0 0 0 0 0 0
1549404185 11263 1 19 364 0 0 0 0 233 0 0 0 0 0 0 0 0 0 0 0
1551149297 11263 1 19 364 0 0 0 0 233 0 0 0 0 0 0 0 5 0 0 0
1551201539 11263 1 19 364 0 0 0 0 233 0 0 0 0 0 0 0 5 0 0 0
1551221067 11263 1 19 364 0 0 0 0 233 0 0 0 0 0 0 0 5 0 0 0
1551454231 11263 1 19 364 0 0 0 5 233 0 0 0 0 0 0 0 5 0 0 0
1551713344 11263 1 19 364 0 0 0 6 233 0 0 0 0 0 0 0 5 0 0 0
1552063737 11271 1 19 364 0 0 0 6 233 0 0 0 0 0 0 0 5 0 0 0
1552065391 11285 1 19 364 0 0 0 6 233 0 0 0 0 0 0 0 5 0 0 0
1552069542 11285 1 19 364 0 0 0 6 233 0 0 0 0 0 0 0 5 0 0 0
1554821874 11285 23 19 364 0 0 0 6 233 0 0 0 0 0 0 0 5 0 0 0
1554825534 11285 26 19 364 0 0 0 6 233 0 0 0 0 0 0 0 5 0 0 0
1554827803 11285 254 19 364 0 0 0 6 233 0 0 0 0 0 0 0 5 0 0 0
1554834709 11285 265 19 364 0 0 0 6 233 0 0 0 0 0 0 0 5 0 0 0
1554840827 11285 282 19 364 0 0 0 6 233 0 0 0 0 0 0 0 5 0 0 0
1555090621 11285 282 19 364 9 0 0 6 233 0 0 0 0 0 0 0 5 0 0 0
1555108920 11285 282 19 364 90 0 0 6 233 0 0 0 0 0 0 0 5 0 0 0
1555359341 11285 283 19 364 152 0 0 6 233 0 0 0 0 0 0 0 5 0 0 0
1555424695 11285 393 19 364 152 0 0 6 233 0 0 0 0 0 0 0 5 0 0 0
1555426206 11285 394 19 364 152 0 0 6 233 0 0 0 0 0 0 0 5 0 0 0
1555446836 11285 400 19 364 152 0 0 6 233 0 0 0 0 0 0 0 5 0 0 0
1555446842 11285 400 19 364 245 0 0 6 233 0 0 0 0 0 0 0 5 0 0 0
1555447488 11285 422 19 364 245 0 0 6 233 19 0 0 0 0 0 0 5 0 0 0
1557512120 11285 427 19 364 245 0 0 6 233 19 0 0 0 0 0 0 5 0 0 0
1557515009 11285 429 19 364 245 0 0 6 233 19 0 0 0 0 0 0 5 0 0 0
1557957170 11301 429 19 364 245 0 0 6 233 19 0 0 0 0 0 0 5 0 0 0
1558362560 11368 429 19 364 245 0 0 6 233 19 0 0 0 0 0 0 5 0 0 0
1558448272 11368 429 19 364 245 0 0 6 233 19 0 0 0 0 0 0 5 0 0 42
1559329868 11546 429 19 364 245 0 0 6 233 19 0 0 0 0 0 0 5 0 0 42
1559333823 11556 429 19 364 245 0 0 6 233 19 0 0 0 0 0 0 5 0 0 42
1560881285 11556 430 19 364 245 0 0 6 233 19 0 0 0 0 0 0 5 0 0 42
1560983948 11556 430 20 364 245 0 0 6 233 19 0 0 0 0 0 0 5 0 0 42
1560989002 11556 430 21 364 245 0 0 6 233 19 0 0 0 0 0 0 5 0 0 42
1564500452 11556 437 21 364 245 0 0 6 233 19 0 0 0 0 0 0 5 0 0 42
1568211863 11556 437 21 364 245 0 0 6 233 19 0 0 0 0 15 0 5 0 0 42
1568644329 11556 437 21 364 245 0 0 6 233 19 0 0 0 0 15 0 5 0 0 42
1568927197 11576 437 21 364 245 0 0 6 233 19 0 0 0 0 15 0 5 0 0 42
1571936828 11576 453 21 364 245 0 0 6 233 19 0 0 0 0 15 0 5 0 0 42
1571942713 11576 455 21 364 245 0 0 6 233 19 0 0 0 0 15 0 5 0 0 42
1571942824 11576 490 21 364 245 0 0 6 233 19 0 0 0 0 15 0 5 0 0 42
1571945244 11576 491 21 364 245 0 0 6 233 19 0 0 0 0 15 0 5 0 0 42
1571945735 11576 638 21 364 245 0 0 6 233 19 0 0 0 0 15 0 5 0 0 42
1572026319 11576 656 21 364 245 0 0 6 233 19 0 0 0 0 15 0 5 0 0 42
1573243142 11576 669 21 364 245 0 0 6 233 19 0 0 0 0 15 0 5 0 0 42
1573244962 11576 671 21 364 245 0 0 6 233 19 0 0 0 0 15 0 5 0 0 42
1573248703 11576 703 21 364 245 0 0 6 233 19 0 0 0 0 15 0 5 0 0 42
1573256292 11576 710 21 364 245 0 0 6 233 19 0 0 0 0 15 0 5 0 0 42
1573256795 11576 710 21 364 245 0 0 6 233 19 0 0 0 0 15 0 5 0 0 42
1573741665 11576 721 21 364 245 0 0 6 233 19 0 0 0 0 15 0 5 0 0 42
1573742162 11576 723 21 364 245 0 0 6 233 19 0 0 0 0 15 0 5 0 0 42
1573837298 11576 723 21 364 245 0 0 6 233 19 0 0 0 0 15 0 5 0 0 42
1573847343 11576 751 21 364 245 0 0 6 233 19 0 0 0 0 15 0 5 0 0 42
1573848469 11576 751 21 364 245 0 0 6 233 19 0 0 0 0 15 0 5 0 0 42
1573848830 11576 751 21 364 245 0 0 6 233 19 0 0 0 0 15 0 5 0 0 42
1573848868 11576 751 21 364 245 0 0 6 233 19 0 0 0 0 15 0 5 0 0 42
1573848947 11576 751 21 364 245 0 0 6 233 19 0 0 0 0 15 0 5 0 0 42
1573849191 11576 751 21 364 245 0 0 6 233 19 0 0 0 0 15 0 5 0 0 42
1573849254 11576 751 21 364 245 0 0 6 233 19 0 0 0 0 15 0 5 0 0 42
1574093346 11576 752 21 364 245 0 0 6 233 19 0 0 0 0 15 0 5 0 0 42
1574093385 11576 752 21 364 245 0 0 6 233 19 0 0 0 0 15 0 5 0 0 42
1574093719 11576 752 21 364 245 0 0 6 233 19 0 0 0 0 15 0 5 0 0 42
1574873710 11576 753 21 364 245 0 0 6 233 19 0 0 0 0 15 0 5 0 0 42
1575310543 11576 753 21 364 245 0 0 6 233 19 0 0 0 0 15 0 5 0 0 42
1575395033 11576 753 21 364 245 0 0 6 233 19 0 0 0 0 15 0 5 0 0 42
1575396153 11576 753 21 364 245 0 0 6 233 19 0 0 0 0 15 0 5 0 0 42
1575910305 11576 771 21 364 245 0 0 6 233 19 0 0 0 0 15 0 5 0 0 42
1575912274 11576 771 21 364 245 0 0 6 233 19 0 0 0 0 15 0 5 0 0 42
1575919095 11576 772 21 364 245 0 0 6 233 19 0 0 0 0 15 0 5 0 0 42
1575919176 11576 772 21 364 245 0 0 6 233 19 0 0 0 0 15 0 5 0 0 42
1575920953 11576 780 21 364 245 0 0 6 233 19 0 0 0 0 15 0 5 0 0 42
1575920993 11576 783 21 364 245 0 0 6 233 19 0 0 0 0 15 0 5 0 0 42
1575923091 11576 796 21 364 245 0 0 6 233 19 0 0 0 0 15 0 5 0 0 42
1575924156 11576 799 21 364 245 0 0 6 233 19 0 0 0 0 15 0 5 0 0 42
1575925314 11576 799 21 364 245 0 0 6 233 19 0 0 0 0 15 0 5 0 0 42
1575927665 11576 806 21 364 245 0 0 6 233 19 0 0 0 0 15 0 5 0 0 42
1575927802 11576 806 21 364 245 0 0 6 233 19 0 0 0 0 15 0 5 0 0 42
1575998018 11576 846 21 364 245 0 0 6 233 19 0 0 0 0 15 0 5 0 0 42
1575999007 11576 859 21 364 245 0 0 6 233 19 0 0 0 0 15 0 5 0 0 42
1575999445 11576 859 21 364 245 0 0 6 233 19 0 0 0 0 15 0 5 0 0 42
1576090267 11576 899 21 364 245 0 0 6 233 19 0 0 0 0 15 0 5 0 0 42
1576092417 11576 899 21 364 245 0 0 6 233 19 0 0 0 0 15 0 5 0 0 42
1576529978 11576 924 21 364 245 0 0 6 233 19 0 0 0 0 15 0 5 0 0 42
1576530234 11576 924 21 364 245 0 0 6 233 19 0 0 0 0 15 0 5 0 0 42
1576532110 11576 990 21 364 245 0 0 6 233 19 0 0 0 0 15 0 5 0 0 42
1577378132 11576 990 21 364 245 0 0 6 233 19 0 0 0 0 15 0 5 0 0 42
1577378307 11576 990 21 364 245 0 0 6 233 19 0 0 0 0 15 0 5 0 11 42
1577381973 11576 990 21 364 245 0 0 6 233 19 0 0 0 0 15 0 5 0 11 42
1577487050 11576 1002 21 364 245 0 0 6 233 19 0 0 0 0 15 0 5 0 11 42
1583179318 11576 1002 21 364 245 0 0 6 233 19 0 0 0 0 15 0 5 0 11 42
1583181060 11576 1006 21 364 245 0 0 6 233 19 0 0 0 0 15 0 5 0 11 42
1583530925 11576 1023 21 364 245 0 0 6 233 19 0 0 0 0 15 0 5 0 11 42
1583787691 11576 1023 21 364 245 0 0 6 233 19 0 0 0 0 15 0 5 0 11 42
1588606718 11576 1023 21 364 245 0 0 6 233 19 0 0 0 0 15 8 5 0 11 42
1589472796 11607 1023 21 364 245 0 0 6 233 19 0 0 0 0 15 8 5 0 11 42
1589482184 11609 1023 21 364 245 0 0 6 233 19 0 0 0 0 15 8 5 0 11 42
1591065687 11609 1023 21 364 245 0 0 6 233 19 0 0 0 0 15 8 5 0 11 42
1591111277 11609 1023 21 364 245 0 0 6 233 19 0 0 0 0 15 8 5 0 11 42
1591585205 11609 1023 21 364 245 0 0 6 233 19 0 0 0 0 15 8 5 0 11 42
1591632330 11609 1023 21 364 245 0 0 6 233 19 0 0 0 0 15 8 5 0 11 42
1598013477 11609 1023 21 364 245 0 0 6 233 19 0 12 0 0 15 8 5 0 11 42
1598015589 11609 1023 21 364 245 0 0 6 233 19 0 12 0 0 15 8 5 0 11 42
1598024399 11609 1023 21 364 245 0 0 6 233 19 0 12 0 0 15 8 5 0 11 42
1598024453 11609 1023 21 364 245 0 0 6 233 19 0 12 0 0 15 8 5 0 11 42
1606237995 11609 1024 21 364 245 0 0 6 233 19 0 12 0 0 15 8 5 0 11 42
1606238077 11609 1024 21 364 245 0 0 6 233 19 0 12 0 0 15 8 5 0 11 42
1618236525 11609 1024 21 364 245 6 0 6 233 19 0 12 0 0 15 8 5 0 11 42
1618236606 11609 1024 21 364 245 7 0 6 233 19 0 12 0 0 15 8 5 0 11 42
1618238798 11609 1024 21 364 245 7 0 6 233 19 0 12 0 0 15 8 5 0 11 42
1618422210 11609 1024 21 364 245 14 0 6 233 19 0 12 0 0 15 8 5 0 11 42
1633694938 11609 1024 21 364 245 14 0 6 233 19 0 12 0 0 15 8 5 0 11 42
1633695408 11609 1024 21 364 245 15 0 6 233 19 0 12 0 0 15 8 5 0 11 42
1633695589 11609 1024 21 364 245 15 0 6 233 19 0 12 0 4 15 8 5 0 11 42
1633696208 11609 1024 21 364 245 15 0 6 233 19 0 12 0 4 15 8 5 1 11 42
1633959565 11609 1024 728 364 245 15 0 6 233 19 0 12 0 4 15 8 5 1 11 42
1634021682 11609 1024 728 364 245 17 0 6 233 19 0 12 0 4 15 8 5 1 11 42
1634021831 11609 1024 728 364 245 17 0 6 233 19 0 12 5 4 15 8 5 1 11 42
1634634183 11609 1024 728 364 245 17 0 6 233 19 22 12 5 4 15 8 5 1 11 42
1635516319 11609 1024 728 364 245 17 18 6 233 19 22 12 5 4 15 8 5 1 11 42
1635517818 11609 1024 728 364 245 17 20 6 233 19 22 12 5 4 15 8 5 1 11 42
1643752040 11609 1024 728 364 245 17 22 6 233 19 22 12 5 4 15 8 5 1 11 42
