1502471179 0 0 0 0 0 1 0 0 0 0 0 0 0 0 0 0 0 0 0 0
1505509923 0 0 0 0 0 1 0 0 0 0 0 0 0 0 0 1 0 0 0 0
1505511199 0 0 0 0 0 1 0 0 0 0 0 0 0 0 0 2 0 0 0 0
1505569672 0 0 0 0 0 2 0 0 0 0 0 0 0 0 0 2 0 0 0 0
1505778017 0 0 0 0 0 2 0 0 0 0 0 0 0 0 0 3 0 0 0 0
1505781329 0 0 0 0 0 2 0 0 0 0 0 0 0 0 0 4 0 0 0 0
1505827001 0 0 0 0 0 2 0 0 0 0 0 0 0 0 0 5 0 0 0 0
1505949545 0 0 0 0 0 3 0 0 0 0 0 0 0 0 0 5 0 0 0 0
1506006183 0 0 0 0 0 3 0 0 0 0 0 0 0 0 0 5 0 0 0 0
1506009673 0 0 0 0 0 4 0 0 0 0 0 0 0 0 0 5 0 0 0 0
1506031612 0 0 0 0 0 5 0 0 0 0 0 0 0 0 0 5 0 0 0 0
1507138512 0 0 0 0 0 6 0 0 0 0 0 0 0 0 0 5 0 0 0 0
1507142126 0 0 0 0 0 7 0 0 0 0 0 0 0 0 0 5 0 0 0 0
1507231883 0 0 0 0 0 7 0 0 0 0 0 0 0 0 0 5 0 0 0 0
1507473355 0 0 0 0 0 8 0 0 0 0 0 0 0 0 0 5 0 0 0 0
1507646024 0 0 0 0 0 9 0 0 0 0 0 0 0 0 0 5 0 0 0 0
1508358338 0 0 0 0 0 9 0 0 0 0 0 0 0 0 0 5 0 0 0 0
1508515598 0 0 0 0 0 9 0 0 0 0 0 0 0 0 0 5 0 0 0 0
1509615991 0 0 0 0 0 9 0 0 0 0 0 0 0 0 0 5 0 0 0 0
1509630553 0 0 0 0 0 10 0 0 0 0 0 0 0 0 0 5 0 0 0 0
1509766671 0 0 0 0 0 10 1 0 0 0 0 0 0 0 0 5 0 0 0 0
1510117654 0 0 0 0 0 11 1 0 0 0 0 0 0 0 0 5 0 0 0 0
1510190938 0 0 0 0 0 12 1 0 0 0 0 0 0 0 0 5 0 0 0 0
1510191133 0 0 0 0 0 13 1 0 0 0 0 0 0 0 0 5 0 0 0 0
1510280584 0 0 0 0 0 13 2 0 0 0 0 0 0 0 0 5 0 0 0 0
1510342024 0 0 0 0 0 13 2 0 0 0 0 0 0 0 0 5 0 0 1 0
1510525495 0 0 0 0 0 13 2 0 0 0 0 0 0 0 0 5 0 0 2 0
1510583878 0 0 0 0 0 14 2 0 0 0 0 0 0 0 0 5 0 0 2 0
1510589241 0 0 0 0 0 14 2 0 0 0 0 0 0 0 0 5 0 0 2 0
1510592038 0 0 0 0 0 14 3 0 0 0 0 0 0 0 0 5 0 0 2 0
1510592533 0 0 0 0 0 14 4 0 0 0 0 0 0 0 0 5 0 0 2 0
1510593663 0 0 0 0 0 15 4 0 0 0 0 0 0 0 0 5 0 0 2 0
1510598505 0 0 0 0 0 15 4 0 0 0 0 0 0 0 0 5 0 0 2 0
1510600159 0 0 0 0 0 15 4 0 0 0 0 0 0 0 0 5 0 0 2 0
1510757200 0 0 0 0 0 16 4 0 0 0 0 0 0 0 0 5 0 0 2 0
1510781877 0 0 0 0 0 16 4 0 0 0 0 1 0 0 0 5 0 0 2 0
1510783547 0 0 0 0 0 16 4 0 0 0 0 2 0 0 0 5 0 0 2 0
1510846143 0 0 0 0 0 17 4 0 0 0 0 2 0 0 0 5 0 0 2 0
1510863703 0 0 0 0 0 19 4 0 0 0 0 2 0 0 0 5 0 0 2 0
1510870256 0 0 0 0 0 20 4 0 0 0 0 2 0 0 0 5 0 0 2 0
1511808515 0 0 0 0 0 20 4 0 0 0 0 2 0 0 0 5 0 0 3 0
1511889356 0 0 0 0 0 20 4 0 0 0 0 2 0 0 0 5 0 0 4 0
1511907271 0 0 0 0 0 21 4 0 0 0 0 2 0 0 0 5 0 0 4 0
1512720931 0 0 0 0 0 21 4 0 0 0 0 2 0 0 0 5 0 0 4 0
1512740329 0 0 0 0 0 22 4 0 0 0 0 2 0 0 0 5 0 0 4 0
1515515736 0 0 0 0 0 22 4 0 0 0 0 2 0 0 0 5 0 0 4 0
1516221423 0 0 0 0 0 22 4 0 0 0 0 2 0 0 0 5 0 0 4 0
1518758014 0 0 0 0 0 22 4 0 0 0 0 3 0 0 0 5 0 0 4 0
1518815880 0 0 0 0 0 23 4 0 0 0 0 3 0 0 0 5 0 0 4 0
1519394193 0 0 0 0 0 23 4 0 0 0 0 3 0 0 0 5 0 0 4 0
1519394698 0 0 0 0 0 23 4 0 0 0 0 3 0 0 0 5 0 0 4 0
1521493203 0 0 0 0 0 23 4 0 0 0 0 3 0 0 0 5 0 0 4 0
1522023929 0 0 0 0 0 23 4 0 0 0 0 3 0 0 0 5 0 0 4 0
1522024241 0 0 0 0 0 23 4 0 0 0 0 3 0 0 0 5 0 0 4 0
1522354041 0 0 0 0 0 23 4 0 0 0 0 4 0 0 0 5 0 0 4 0
1522888376 0 0 0 0 0 23 5 0 0 0 0 4 0 0 0 5 0 0 4 0
1522888704 0 0 0 0 0 23 6 0 0 0 0 4 0 0 0 5 0 0 4 0
1522888856 0 0 0 0 0 23 7 0 0 0 0 4 0 0 0 5 0 0 4 0
1522889319 0 0 0 0 0 23 8 0 0 0 0 4 0 0 0 5 0 0 4 0
1522890004 0 0 0 0 0 23 9 0 0 0 0 4 0 0 0 5 0 0 4 0
1522890435 0 0 0 0 0 23 10 0 0 0 0 4 0 0 0 5 0 0 4 0
1523049919 0 0 0 0 0 23 10 0 0 0 0 4 0 0 0 5 0 0 4 0
1523081634 0 0 0 0 0 23 10 0 0 0 0 5 0 0 0 5 0 0 4 0
1523081709 0 0 0 0 0 23 10 0 0 0 0 6 0 0 0 5 0 0 4 0
1523083378 0 0 0 0 0 23 10 0 0 0 0 7 0 0 0 5 0 0 4 0
1523083485 0 0 0 0 0 23 11 0 0 0 0 7 0 0 0 5 0 0 4 0
1523083752 0 0 0 0 0 23 11 0 0 0 0 8 0 0 0 5 0 0 4 0
1523314464 0 0 0 0 0 23 12 0 0 0 0 8 0 0 0 5 0 0 4 0
1523915688 0 0 0 0 0 23 13 0 0 0 0 8 0 0 0 5 0 0 4 0
1523915755 0 0 0 0 0 23 14 0 0 0 0 8 0 0 0 5 0 0 4 0
1523916428 0 0 0 0 0 23 14 0 0 0 0 9 0 0 0 5 0 0 4 0
1541189196 0 0 0 0 1 23 14 0 0 0 0 9 0 0 0 5 0 0 4 0
1541190557 0 0 0 0 2 23 14 0 0 0 0 9 0 0 0 5 0 0 4 0
1541791426 0 0 0 0 3 23 14 0 0 0 0 9 0 0 0 5 0 0 4 0
1541799340 0 0 0 0 4 23 14 0 0 0 0 9 0 0 0 5 0 0 4 0
1542133873 0 0 0 0 5 23 14 0 0 0 0 9 0 0 0 5 0 0 4 0
1542226972 0 0 0 0 6 23 14 0 0 0 0 9 0 0 0 5 0 0 4 0
1542396262 0 0 0 0 7 23 14 0 0 0 0 9 0 0 0 5 0 0 4 0
1543346014 0 0 0 0 7 23 14 0 0 0 0 9 0 0 0 5 1 0 4 0
1543348805 0 0 0 0 7 23 14 0 0 0 0 9 0 0 0 5 2 0 4 0
1545085544 0 0 0 0 8 23 14 0 0 0 0 9 0 0 0 5 2 0 4 0
1545150858 0 0 0 0 8 23 14 0 0 0 0 9 0 0 0 5 3 0 4 0
1545256788 0 0 0 0 9 23 14 0 0 0 0 9 0 0 0 5 3 0 4 0
1546820050 0 0 0 0 9 23 14 0 0 0 0 9 0 0 0 5 3 0 4 0
1547158031 0 0 0 0 10 23 14 0 0 0 0 9 0 0 0 5 3 0 4 0
1547229337 0 0 0 0 11 23 14 0 0 0 0 9 0 0 0 5 3 0 4 0
1547256611 0 0 0 0 12 23 14 0 0 0 0 9 0 0 0 5 3 0 4 0
1549993345 0 0 0 0 13 23 14 0 0 0 0 9 0 0 0 5 3 0 4 0
1550000663 0 0 0 0 14 23 14 0 0 0 0 9 0 0 0 5 3 0 4 0
1550177508 0 0 0 0 15 23 14 0 0 0 0 9 0 0 0 5 3 0 4 0
1550693754 0 0 0 0 16 23 14 0 0 0 0 9 0 0 0 5 3 0 4 0
1551999322 0 0 0 0 17 23 14 0 0 0 0 9 0 0 0 5 3 0 4 0
1554326037 0 0 0 0 18 23 14 0 0 0 0 9 0 0 0 5 3 0 4 0
1554812833 0 0 0 0 18 23 14 0 0 0 0 9 1 0 0 5 3 0 4 0
1555445174 0 0 0 0 18 23 14 0 0 0 0 9 2 0 0 5 3 0 4 0
1556033974 0 0 0 0 18 23 14 0 0 0 0 9 2 0 0 5 3 0 4 0
1557865590 0 0 0 0 19 23 14 0 0 0 0 9 2 0 0 5 3 0 4 0
1562685210 0 0 0 0 19 23 14 0 0 0 0 9 2 0 0 5 3 0 4 0
1563827667 0 0 0 0 20 23 14 0 0 0 0 9 2 0 0 5 3 0 4 0
1563828449 0 0 0 0 21 23 14 0 0 0 0 9 2 0 0 5 3 0 4 0
1564087838 0 0 0 0 21 23 14 0 0 0 0 9 2 0 0 5 3 0 4 0
1564152315 0 0 0 0 22 23 14 0 0 0 0 9 2 0 0 5 3 0 4 0
1564197249 0 0 0 0 23 23 14 0 0 0 0 9 2 0 0 5 3 0 4 0
1564198539 0 0 0 0 24 23 14 0 0 0 0 9 2 0 0 5 3 0 4 0
1564284353 0 0 0 0 25 23 14 0 0 0 0 9 2 0 0 5 3 0 4 0
1564512298 0 0 0 0 25 23 14 0 0 0 0 9 2 0 0 5 3 0 4 0
1564700269 0 0 0 0 25 23 14 0 0 0 0 9 2 0 0 5 3 0 4 0
1564755169 0 0 0 0 25 23 14 0 0 0 0 9 2 0 0 5 3 0 4 0
1564773587 0 0 0 0 26 23 14 0 0 0 0 9 2 0 0 5 3 0 4 0
1564776078 0 0 0 0 27 23 14 0 0 0 0 9 2 0 0 5 3 0 4 0
1565697757 0 0 0 0 27 23 14 0 0 0 0 9 2 0 0 5 3 0 4 0
1565716153 0 0 0 0 27 23 14 0 0 0 0 9 2 0 0 5 3 0 4 0
1565801665 0 0 0 0 28 23 14 0 0 0 0 9 2 0 0 5 3 0 4 0
1567542006 0 0 0 0 28 23 14 0 0 0 0 9 3 0 0 5 3 0 4 0
1567542299 0 0 0 0 29 23 14 0 0 0 0 9 3 0 0 5 3 0 4 0
1567788415 0 0 0 0 29 23 14 0 0 0 0 9 3 0 0 5 3 1 4 0
1570206448 0 0 0 0 29 23 14 0 0 0 0 9 3 0 0 5 3 1 4 0
1570212501 0 0 0 0 29 23 14 0 0 0 0 9 3 0 0 5 3 1 4 0
1570220981 0 0 0 0 29 23 14 0 0 0 0 9 3 0 0 5 3 1 4 0
1570593244 0 0 0 0 30 23 14 0 0 0 0 9 3 0 0 5 3 1 4 0
1570596664 0 0 0 0 31 23 14 0 0 0 0 9 3 0 0 5 3 1 4 0
1571411816 0 0 0 0 32 23 14 0 0 0 0 9 3 0 0 5 3 1 4 0
1571866091 0 0 0 0 32 23 14 0 0 0 0 9 3 0 0 5 3 1 4 0
1572553828 0 0 0 0 32 23 14 0 0 0 0 9 3 0 0 5 3 1 4 0
1572590331 0 0 0 1 32 23 14 0 0 0 0 9 3 0 0 5 3 1 4 0
1572590346 0 0 0 2 32 23 14 0 0 0 0 9 3 0 0 5 3 1 4 0
1572590519 0 0 0 3 32 23 14 0 0 0 0 9 3 0 0 5 3 1 4 0
1572827208 0 0 0 4 32 23 14 0 0 0 0 9 3 0 0 5 3 1 4 0
1572830103 0 0 0 5 32 23 14 0 0 0 0 9 3 0 0 5 3 1 4 0
1572836400 0 0 0 6 32 23 14 0 0 0 0 9 3 0 0 5 3 1 4 0
1572846707 0 0 0 7 32 23 14 0 0 0 0 9 3 0 0 5 3 1 4 0
1572858604 0 0 0 7 32 23 14 0 0 0 0 9 3 0 0 5 3 1 4 0
1572913191 1 0 0 7 32 23 14 0 0 0 0 9 3 0 0 5 3 1 4 0
1572913490 1 0 0 8 32 23 14 0 0 0 0 9 3 0 0 5 3 1 4 0
1573192113 1 0 0 11 32 23 14 0 0 0 0 9 3 0 0 5 3 1 4 0
1573192303 1 0 0 12 32 23 14 0 0 0 0 9 3 0 0 5 3 1 4 0
1573192405 1 0 0 13 32 23 14 0 0 0 0 9 3 0 0 5 3 1 4 0
1573192670 1 0 0 14 32 23 14 0 0 0 0 9 3 0 0 5 3 1 4 0
1573192819 1 0 0 15 32 23 14 0 0 0 0 9 3 0 0 5 3 1 4 0
1573425257 1 0 0 16 32 23 14 0 0 0 0 9 3 0 0 5 3 1 4 0
1573425659 1 0 0 17 32 23 14 0 0 0 0 9 3 0 0 5 3 1 4 0
1573487437 1 0 0 17 33 23 14 0 0 0 0 9 3 0 0 5 3 1 4 0
1573493536 1 0 0 17 34 23 14 0 0 0 0 9 3 0 0 5 3 1 4 0
1573842889 1 0 0 17 35 23 14 0 0 0 0 9 3 0 0 5 3 1 4 0
1575517988 1 0 0 17 35 23 14 0 0 0 0 9 3 0 0 5 3 1 4 0
1576217399 1 0 0 18 35 23 14 0 0 0 0 9 3 0 0 5 3 1 4 0
1576218421 1 0 0 19 35 23 14 0 0 0 0 9 3 0 0 5 3 1 4 0
1576302432 2 0 0 19 35 23 14 0 0 0 0 9 3 0 0 5 3 1 4 0
1576302446 3 0 0 19 35 23 14 0 0 0 0 9 3 0 0 5 3 1 4 0
1576311213 4 0 0 19 35 23 14 0 0 0 0 9 3 0 0 5 3 1 4 0
1576311233 5 0 0 19 35 23 14 0 0 0 0 9 3 0 0 5 3 1 4 0
1576311274 6 0 0 19 35 23 14 0 0 0 0 9 3 0 0 5 3 1 4 0
1576311404 7 0 0 19 35 23 14 0 0 0 0 9 3 0 0 5 3 1 4 0
1576316205 8 0 0 19 35 23 14 0 0 0 0 9 3 0 0 5 3 1 4 0
1576316928 9 0 0 19 35 23 14 0 0 0 0 9 3 0 0 5 3 1 4 0
1576316957 10 0 0 19 35 23 14 0 0 0 0 9 3 0 0 5 3 1 4 0
1576317002 11 0 0 19 35 23 14 0 0 0 0 9 3 0 0 5 3 1 4 0
1576317486 12 0 0 19 35 23 14 0 0 0 0 9 3 0 0 5 3 1 4 0
1576454634 17 0 0 19 35 23 14 0 0 0 0 9 3 0 0 5 3 1 4 0
1576454779 18 0 0 19 35 23 14 0 0 0 0 9 3 0 0 5 3 1 4 0
1576454811 19 0 0 19 35 23 14 0 0 0 0 9 3 0 0 5 3 1 4 0
1576455038 20 0 0 19 35 23 14 0 0 0 0 9 3 0 0 5 3 1 4 0
1576455075 21 0 0 19 35 23 14 0 0 0 0 9 3 0 0 5 3 1 4 0
1576468204 22 0 0 19 35 23 14 0 0 0 0 9 3 0 0 5 3 1 4 0
1576478079 23 0 0 19 35 23 14 0 0 0 0 9 3 0 0 5 3 1 4 0
1576815022 24 0 0 19 35 23 14 0 0 0 0 9 3 0 0 5 3 1 4 0
1576816973 25 0 0 19 35 23 14 0 0 0 0 9 3 0 0 5 3 1 4 0
1576829472 26 0 0 19 35 23 14 0 0 0 0 9 3 0 0 5 3 1 4 0
1576835631 27 0 0 19 35 23 14 0 0 0 0 9 3 0 0 5 3 1 4 0
1577665351 27 0 0 19 35 23 14 1 0 0 0 9 3 0 0 5 3 1 4 0
1577924330 27 0 0 20 35 23 14 1 0 0 0 9 3 0 0 5 3 1 4 0
1577924362 27 0 0 22 35 23 14 1 0 0 0 9 3 0 0 5 3 1 4 0
1577925291 27 0 0 23 35 23 14 1 0 0 0 9 3 0 0 5 3 1 4 0
1577925596 27 0 0 24 35 23 14 1 0 0 0 9 3 0 0 5 3 1 4 0
1578266174 27 0 0 25 35 23 14 1 0 0 0 9 3 0 0 5 3 1 4 0
1578266258 27 0 0 26 35 23 14 1 0 0 0 9 3 0 0 5 3 1 4 0
1579734278 28 0 0 26 35 23 14 1 0 0 0 9 3 0 0 5 3 1 4 0
1579735271 29 0 0 26 35 23 14 1 0 0 0 9 3 0 0 5 3 1 4 0
1579735359 30 0 0 26 35 23 14 1 0 0 0 9 3 0 0 5 3 1 4 0
1579735467 31 0 0 26 35 23 14 1 0 0 0 9 3 0 0 5 3 1 4 0
1579736092 32 0 0 26 35 23 14 1 0 0 0 9 3 0 0 5 3 1 4 0
1579736224 33 0 0 26 35 23 14 1 0 0 0 9 3 0 0 5 3 1 4 0
1579736253 34 0 0 26 35 23 14 1 0 0 0 9 3 0 0 5 3 1 4 0
1581291689 35 0 0 26 35 23 14 1 0 0 0 9 3 0 0 5 3 1 4 0
1581299968 36 0 0 26 35 23 14 1 0 0 0 9 3 0 0 5 3 1 4 0
1582222952 36 0 0 26 35 23 14 1 0 0 0 9 3 0 0 5 4 1 4 0
1582315370 36 0 0 26 36 23 14 1 0 0 0 9 3 0 0 5 4 1 4 0
1582763594 37 0 0 26 36 23 14 1 0 0 0 9 3 0 0 5 4 1 4 0
1582765793 38 0 0 26 36 23 14 1 0 0 0 9 3 0 0 5 4 1 4 0
1582765833 39 0 0 26 36 23 14 1 0 0 0 9 3 0 0 5 4 1 4 0
1583222126 39 0 0 26 36 23 14 1 0 0 0 9 3 0 0 5 4 1 4 0
1583223816 39 0 0 26 36 23 14 1 0 0 0 9 3 0 0 5 4 1 4 0
1583226079 39 0 0 26 36 23 14 1 0 0 0 9 3 0 0 5 4 1 4 0
1583341286 39 0 0 26 36 23 14 1 0 0 0 9 3 0 0 5 4 1 4 0
1583438240 39 0 0 26 37 23 14 1 0 0 0 9 3 0 0 5 4 1 4 0
1584346045 40 0 0 26 37 23 14 1 0 0 0 9 3 0 0 5 4 1 4 0
1584348431 40 0 0 27 37 23 14 1 0 0 0 9 3 0 0 5 4 1 4 0
1584358742 40 0 0 28 37 23 14 1 0 0 0 9 3 0 0 5 4 1 4 0
1584359306 40 0 0 29 37 23 14 1 0 0 0 9 3 0 0 5 4 1 4 0
1584359734 40 0 0 30 37 23 14 1 0 0 0 9 3 0 0 5 4 1 4 0
1584362480 40 0 0 31 37 23 14 1 0 0 0 9 3 0 0 5 4 1 4 0
1584417434 40 0 0 32 37 23 14 1 0 0 0 9 3 0 0 5 4 1 4 0
1584417817 40 0 0 33 37 23 14 1 0 0 0 9 3 0 0 5 4 1 4 0
1584417866 40 0 0 34 37 23 14 1 0 0 0 9 3 0 0 5 4 1 4 0
1585261993 40 0 0 34 37 23 14 1 0 0 0 9 3 0 0 5 4 1 4 0
1585607805 40 0 0 35 37 23 14 1 0 0 0 9 3 0 0 5 4 1 4 0
1585608524 40 0 0 36 37 23 14 1 0 0 0 9 3 0 0 5 4 1 4 0
1585700827 41 0 0 36 37 23 14 1 0 0 0 9 3 0 0 5 4 1 4 0
1585811593 42 0 0 36 37 23 14 1 0 0 0 9 3 0 0 5 4 1 4 0
1585973510 42 0 0 37 37 23 14 1 0 0 0 9 3 0 0 5 4 1 4 0
1586444447 42 0 0 37 37 23 14 1 0 0 0 9 3 0 0 5 5 1 4 0
1587433452 42 0 0 37 37 23 14 1 0 0 0 9 3 0 0 5 5 1 4 0
1587525369 43 0 0 37 37 23 14 1 0 0 0 9 3 0 0 5 5 1 4 0
1589292086 43 0 0 37 38 23 14 1 0 0 0 9 3 0 0 5 5 1 4 0
1589861396 44 0 0 37 38 23 14 1 0 0 0 9 3 0 0 5 5 1 4 0
1590213058 45 0 0 37 38 23 14 1 0 0 0 9 3 0 0 5 5 1 4 0
1591166172 45 0 0 37 38 23 14 1 0 1 0 9 3 0 0 5 5 1 4 0
1591166235 45 0 0 37 38 23 14 1 0 2 0 9 3 0 0 5 5 1 4 0
1591166568 45 0 0 37 38 23 14 1 0 3 0 9 3 0 0 5 5 1 4 0
1591760813 45 0 0 37 38 23 14 1 0 3 0 9 3 0 0 5 5 1 4 0
1591973124 45 0 0 37 38 23 14 1 0 3 0 9 3 0 0 5 5 1 4 0
1592976670 45 0 0 37 38 23 14 1 0 4 0 9 3 0 0 5 5 1 4 0
1592977182 46 0 0 37 38 23 14 1 0 4 0 9 3 0 0 5 5 1 4 0
1592977862 46 0 0 37 38 23 14 1 0 4 0 9 3 0 0 5 5 1 4 0
1592978293 47 0 0 37 38 23 14 1 0 4 0 9 3 0 0 5 5 1 4 0
1593046824 47 0 0 37 38 23 14 1 0 5 0 9 3 0 0 5 5 1 4 0
1593661512 47 0 0 37 38 23 14 1 0 5 0 9 3 0 0 5 5 1 4 0
1593758264 47 0 0 37 38 23 14 1 0 6 0 9 3 0 0 5 5 1 4 0
1594248139 47 0 0 37 38 23 14 1 0 7 0 9 3 0 0 5 5 1 4 0
1594275981 47 0 0 37 38 23 14 1 0 8 0 9 3 0 0 5 5 1 4 0
1594277101 47 0 0 37 38 23 14 1 0 9 0 9 3 0 0 5 5 1 4 0
1594557610 47 0 1 37 38 23 14 1 0 9 0 9 3 0 0 5 5 1 4 0
1594781187 47 0 2 37 38 23 14 1 0 9 0 9 3 0 0 5 5 1 4 0
1594995906 47 0 3 37 38 23 14 1 0 9 0 9 3 0 0 5 5 1 4 0
1595208359 48 0 3 37 38 23 14 1 0 9 0 9 3 0 0 5 5 1 4 0
1596181446 48 0 3 37 38 23 14 1 0 9 0 9 3 0 0 5 5 1 4 0
1596481445 48 0 4 37 38 23 14 1 0 9 0 9 3 0 0 5 5 1 4 0
1597365287 48 0 4 37 38 23 14 1 0 9 0 9 3 0 0 5 5 1 4 0
1597568416 48 0 4 37 38 23 14 1 0 10 0 9 3 0 0 5 5 1 4 0
1597571329 48 0 4 38 38 23 14 1 0 10 0 9 3 0 0 5 5 1 4 0
1597571977 48 0 4 39 38 23 14 1 0 10 0 9 3 0 0 5 5 1 4 0
1597588209 48 0 4 39 38 23 14 1 0 10 0 9 3 0 0 5 5 1 4 0
1597845848 48 0 5 39 38 23 14 1 0 10 0 9 3 0 0 5 5 1 4 0
1598365108 48 0 6 39 38 23 14 1 0 10 0 9 3 0 0 5 5 1 4 0
1598404525 48 0 7 39 38 23 14 1 0 10 0 9 3 0 0 5 5 1 4 0
1598406355 48 0 9 39 38 23 14 1 0 10 0 9 3 0 0 5 5 1 4 0
1598531549 49 0 9 39 38 23 14 1 0 10 0 9 3 0 0 5 5 1 4 0
1598870592 49 0 9 39 38 23 14 1 0 10 0 9 3 0 0 5 5 1 4 0
1598886558 49 0 10 39 38 23 14 1 0 10 0 9 3 0 0 5 5 1 4 0
1599563323 50 0 10 39 38 23 14 1 0 10 0 9 3 0 0 5 5 1 4 0
1600613963 51 0 13 39 38 23 14 1 0 10 0 9 3 0 0 5 5 1 4 0
1600965426 51 0 14 39 38 23 14 1 0 10 0 9 3 0 0 5 5 1 4 0
1602694898 51 0 14 39 38 23 14 1 0 10 0 9 4 0 0 5 5 1 4 0
1602800469 52 0 14 39 38 23 14 1 0 10 0 9 4 0 0 5 5 1 4 0
1602856996 53 0 14 39 38 23 14 1 0 10 0 9 4 0 0 5 5 1 4 0
1603694823 53 0 14 39 38 23 14 1 0 10 1 9 4 0 0 5 5 1 4 0
1603721476 53 0 15 39 38 23 14 1 0 10 1 9 4 0 0 5 5 1 4 0
1605229838 54 0 15 39 38 23 14 1 0 10 1 9 4 0 0 5 5 1 4 0
1605237142 54 0 15 39 38 23 14 1 0 10 1 9 4 0 0 5 5 1 4 0
1608682872 55 0 15 39 38 23 14 1 0 10 1 9 4 0 0 5 5 1 4 0
1608773344 55 0 15 39 38 23 14 1 0 10 1 9 4 0 0 5 5 1 4 0
1608774260 55 0 15 39 38 23 14 2 0 10 1 9 4 0 0 5 5 1 4 0
1609844860 56 0 15 39 38 23 14 2 0 10 1 9 4 0 0 5 5 1 4 0
1609845340 56 0 15 39 38 23 14 2 0 10 1 9 4 0 0 5 5 2 4 0
1609887335 56 0 15 39 38 23 14 2 0 10 1 9 4 0 1 5 5 2 4 0
1610047187 56 0 15 39 38 23 14 2 0 10 1 9 4 0 1 5 5 2 4 0
1610283273 57 0 15 39 38 23 14 2 0 10 1 9 4 0 1 5 5 2 4 0
1611475624 58 0 15 39 38 23 14 2 0 10 1 9 4 0 1 5 5 2 4 0
1611685369 58 0 15 39 38 23 14 2 0 10 1 9 4 0 1 5 5 2 4 0
1611791202 59 0 15 39 38 23 14 2 0 10 1 9 4 0 1 5 5 2 4 0
1612304205 59 0 15 39 38 23 14 3 0 10 1 9 4 0 1 5 5 2 4 0
1613499313 59 0 15 39 38 23 14 3 0 10 1 9 5 0 1 5 5 2 4 0
1614814073 59 0 15 39 38 23 14 3 0 10 1 9 5 0 1 5 5 2 4 0
1614814317 59 0 15 39 38 23 14 3 0 10 1 9 5 0 1 5 5 2 4 0
1614822929 60 0 15 39 38 23 14 3 0 10 1 9 5 0 1 5 5 2 4 0
1615119984 61 0 15 39 38 23 14 3 0 10 1 9 5 0 1 5 5 2 4 0
1615339232 62 0 15 39 38 23 14 3 0 10 1 9 5 0 1 5 5 2 4 0
1615433652 63 0 15 39 38 23 14 3 0 10 1 9 5 0 1 5 5 2 4 0
1616455255 63 0 15 39 38 23 14 3 0 10 2 9 5 0 1 5 5 2 4 0
1617034595 63 0 15 39 38 23 14 3 0 10 2 9 5 1 1 5 5 2 4 0
1617105875 64 0 15 39 38 23 14 3 0 10 2 9 5 1 1 5 5 2 4 0
1617147670 64 0 15 39 38 23 14 4 0 10 2 9 5 1 1 5 5 2 4 0
1617148591 64 0 15 39 38 23 14 5 0 10 2 9 5 1 1 5 5 2 4 0
1617165164 65 0 15 39 38 23 14 5 0 10 2 9 5 1 1 5 5 2 4 0
1617304880 66 0 15 39 38 23 14 5 0 10 2 9 5 1 1 5 5 2 4 0
1617803121 66 1 15 39 38 23 14 5 0 10 2 9 5 1 1 5 5 2 4 0
1618187696 67 1 15 39 38 23 14 5 0 10 2 9 5 1 1 5 5 2 4 0
1618374288 67 1 16 39 38 23 14 5 0 10 2 9 5 1 1 5 5 2 4 0
1618513872 67 1 16 39 38 23 14 5 0 10 3 9 5 1 1 5 5 2 4 0
1618788865 67 1 16 39 38 23 14 5 0 10 3 9 5 1 2 5 5 2 4 0
1618964444 67 1 16 39 38 23 14 5 0 10 3 9 5 1 3 5 5 2 4 0
1619014305 67 2 16 39 38 23 14 5 0 10 3 9 5 1 3 5 5 2 4 0
1619052817 67 2 16 39 38 23 14 5 0 10 3 9 5 1 3 5 5 2 4 0
1619149121 67 2 16 39 38 23 14 5 0 10 3 9 5 1 4 5 5 2 4 0
1620424920 67 2 17 39 38 23 14 5 0 10 3 9 5 1 4 5 5 2 4 0
1620506974 68 2 17 39 38 23 14 5 0 10 3 9 5 1 4 5 5 2 4 0
1620793225 68 2 17 39 38 23 14 5 0 10 3 9 5 1 5 5 5 2 4 0
1621211056 68 2 17 39 38 23 14 5 0 10 3 9 5 1 5 5 5 3 4 0
1621986152 69 2 17 39 38 23 14 5 0 10 3 9 5 1 5 5 5 3 4 0
1623155061 69 2 17 39 38 23 14 5 0 10 3 9 5 1 5 5 5 3 4 0
1623156241 69 3 17 39 38 23 14 5 0 10 3 9 5 1 5 5 5 3 4 0
1623157466 69 3 17 39 38 23 14 5 0 10 3 9 5 1 5 5 5 4 4 0
1623192747 69 3 18 39 38 23 14 5 0 10 3 9 5 1 5 5 5 4 4 0
1623196064 70 3 18 39 38 23 14 5 0 10 3 9 5 1 5 5 5 4 4 0
1623196953 71 3 18 39 38 23 14 5 0 10 3 9 5 1 5 5 5 4 4 0
1623203156 71 3 18 39 38 23 14 5 0 10 3 9 5 1 5 5 5 4 4 0
1623204511 71 3 18 39 38 23 14 5 0 10 3 9 5 1 5 5 5 4 4 0
1623817256 72 3 18 39 38 23 14 5 0 10 3 9 5 1 5 5 5 4 4 0
1623817512 73 3 18 39 38 23 14 5 0 10 3 9 5 1 5 5 5 4 4 0
1624404929 74 3 18 39 38 23 14 5 0 10 3 9 5 1 5 5 5 4 4 0
1624424560 75 3 18 39 38 23 14 5 0 10 3 9 5 1 5 5 5 4 4 0
1624481978 76 3 18 39 38 23 14 5 0 10 3 9 5 1 5 5 5 4 4 0
1624498941 77 3 18 39 38 23 14 5 0 10 3 9 5 1 5 5 5 4 4 0
1624583198 78 3 18 39 38 23 14 5 0 10 3 9 5 1 5 5 5 4 4 0
1624590716 78 3 18 39 38 23 14 5 0 10 3 9 5 1 5 5 5 4 4 1
1625462574 79 3 18 39 38 23 14 5 0 10 3 9 5 1 5 5 5 4 4 1
1625788000 80 3 18 39 38 23 14 5 0 10 3 9 5 1 5 5 5 4 4 1
1625942124 80 3 18 39 38 23 14 5 0 10 4 9 5 1 5 5 5 4 4 1
1626412446 80 3 18 39 38 23 14 5 0 10 4 9 5 1 5 5 5 4 4 1
1627623590 80 3 18 39 38 23 14 5 0 10 4 9 5 2 5 5 5 4 4 1
1629259834 81 3 18 39 38 23 14 5 0 10 4 9 5 2 5 5 5 4 4 1
1630379789 81 4 18 39 38 23 14 5 0 10 4 9 5 2 5 5 5 4 4 1
1630381033 81 4 18 39 38 23 14 5 0 10 4 9 6 2 5 5 5 4 4 1
1630880564 81 5 18 39 38 23 14 5 0 10 4 9 6 2 5 5 5 4 4 1
1631034818 81 6 18 39 38 23 14 5 0 10 4 9 6 2 5 5 5 4 4 1
1631484022 81 6 19 39 38 23 14 5 0 10 4 9 6 2 5 5 5 4 4 1
1631484761 81 6 20 39 38 23 14 5 0 10 4 9 6 2 5 5 5 4 4 1
1631484996 81 6 20 39 38 23 14 5 0 10 4 9 6 2 5 5 5 4 4 1
1631485387 81 6 21 39 38 23 14 5 0 10 4 9 6 2 5 5 5 4 4 1
1631921770 81 7 21 39 38 23 14 5 0 10 4 9 6 2 5 5 5 4 4 1
1632236480 81 7 22 39 38 23 14 5 0 10 4 9 6 2 5 5 5 4 4 1
1632789071 81 8 22 39 38 23 14 5 0 10 4 9 6 2 5 5 5 4 4 1
1632795835 81 8 23 39 38 23 14 5 0 10 4 9 6 2 5 5 5 4 4 1
1633036327 81 9 23 39 38 23 14 5 0 10 4 9 6 2 5 5 5 4 4 1
1633129498 81 10 24 39 38 23 14 5 0 10 4 9 6 2 5 5 5 4 4 1
1634082024 81 10 25 39 38 23 14 5 0 10 4 9 6 2 5 5 5 4 4 1
1634254595 82 10 25 39 38 23 14 5 0 10 4 9 6 2 5 5 5 4 4 1
1634595437 82 10 25 39 38 23 14 5 0 10 4 9 6 2 5 5 5 4 4 1
1634865425 82 10 26 39 38 23 14 5 0 10 4 9 6 2 5 5 5 4 4 1
1635200410 82 10 26 39 38 23 14 5 0 10 4 9 6 2 5 5 5 4 4 1
1635202917 83 10 26 39 38 23 14 5 0 10 4 9 6 2 5 5 5 4 4 1
1635210479 83 11 26 39 38 23 14 5 0 10 4 9 6 2 5 5 5 4 4 1
1635213496 83 12 26 39 38 23 14 5 0 10 4 9 6 2 5 5 5 4 4 1
1635213874 83 12 26 39 38 23 14 5 0 10 4 9 6 2 5 5 5 4 4 1
1635215163 83 12 27 39 38 23 14 5 0 10 4 9 6 2 5 5 5 4 4 1
1635267386 83 13 27 39 38 23 14 5 0 10 4 9 6 2 5 5 5 4 4 1
1635267788 84 13 27 39 38 23 14 5 0 10 4 9 6 2 5 5 5 4 4 1
1635724660 85 13 27 39 38 23 14 5 0 10 4 9 6 2 5 5 5 4 4 1
1635730727 85 13 27 39 38 23 14 5 0 10 4 9 6 2 5 5 5 4 4 1
1636491506 85 14 27 39 38 23 14 5 0 10 4 9 6 2 5 5 5 4 4 1
1636505109 85 14 27 39 38 23 14 5 0 10 4 9 6 2 5 5 5 4 4 1
1637118599 85 14 27 39 38 23 14 5 1 10 4 9 6 2 5 5 5 4 4 1
1637706864 85 14 27 39 38 23 14 5 1 10 4 9 6 2 5 5 5 4 4 1
1637734068 85 15 27 39 38 23 14 5 1 10 4 9 6 2 5 5 5 4 4 1
1639664742 85 15 27 39 38 23 14 5 1 10 4 9 6 3 5 5 5 4 4 1
1640202697 85 15 27 39 38 23 14 5 1 10 4 9 6 3 6 5 5 4 4 1
1640718013 85 16 27 39 38 23 14 5 1 10 4 9 6 3 6 5 5 4 4 1
1640739752 85 17 27 39 38 23 14 5 1 10 4 9 6 3 6 5 5 4 4 1
1640747475 85 18 27 39 38 23 14 5 1 10 4 9 6 3 6 5 5 4 4 1
1640794871 85 18 27 39 38 23 14 5 1 10 5 9 6 3 6 5 5 4 4 1
1640795541 85 18 27 39 38 23 14 5 1 10 5 9 6 3 6 5 5 4 4 1
1640795804 85 18 27 39 38 23 14 5 1 10 5 9 6 3 6 5 5 4 4 1
1640929466 85 19 27 39 38 23 14 5 1 10 5 9 6 3 6 5 5 4 4 1
1641153807 85 19 28 39 38 23 14 5 1 10 5 9 6 3 6 5 5 4 4 1
1641187420 85 19 29 39 38 23 14 5 1 10 5 9 6 3 6 5 5 4 4 1
1641188531 85 19 30 39 38 23 14 5 1 10 5 9 6 3 6 5 5 4 4 1
1641189336 85 20 30 39 38 23 14 5 1 10 5 9 6 3 6 5 5 4 4 1
1641236180 85 20 30 39 38 23 14 5 1 10 5 9 6 3 7 5 5 4 4 1
1641340828 85 20 31 39 38 23 14 5 1 10 5 9 6 3 7 5 5 4 4 1
1641340992 85 20 31 39 38 23 14 5 2 10 5 9 6 3 7 5 5 4 4 1
1641437212 85 20 31 39 38 23 14 5 2 10 6 9 6 3 7 5 5 4 4 1
1642318487 85 21 31 39 38 23 14 5 2 10 6 9 6 3 7 5 5 4 4 1
1642490947 85 21 31 39 38 23 14 5 2 10 7 9 6 3 7 5 5 4 4 1
1642538858 85 22 31 39 38 23 14 5 2 10 7 9 6 3 7 5 5 4 4 1
1642546555 85 23 31 39 38 23 14 5 2 10 7 9 6 3 7 5 5 4 4 1
1643332218 85 23 31 39 38 23 14 5 3 10 7 9 6 3 7 5 5 4 4 1
1643376595 85 24 31 39 38 23 14 5 3 10 7 9 6 3 7 5 5 4 4 1
1643584207 85 24 31 39 38 23 14 5 3 10 7 9 6 3 7 5 5 4 4 1
1643584540 85 25 31 39 38 23 14 5 3 10 7 9 6 3 7 5 5 4 4 1
1643746214 85 26 31 39 38 23 14 5 3 10 7 9 6 3 7 5 5 4 4 1
1643774282 86 26 31 39 38 23 14 5 3 10 7 9 6 3 7 5 5 4 4 1
1644343905 86 27 31 39 38 23 14 5 3 10 7 9 6 3 7 5 5 4 4 1
1644453465 86 28 31 39 38 23 14 5 3 10 7 9 6 3 7 5 5 4 4 1
1644542549 86 29 31 39 38 23 14 5 3 10 7 9 6 3 7 5 5 4 4 1
1644543045 86 30 31 39 38 23 14 5 3 10 7 9 6 3 7 5 5 4 4 1
1644595805 86 30 31 39 38 23 14 5 3 10 7 9 6 4 7 5 5 4 4 1
1645818252 86 31 31 39 38 23 14 5 3 10 7 9 6 4 7 5 5 4 4 1
1645886609 86 32 31 39 38 23 14 5 3 10 7 9 6 4 7 5 5 4 4 1
1645886886 86 33 31 39 38 23 14 5 3 10 7 9 6 4 7 5 5 4 4 1
1646184549 86 33 31 39 38 23 14 5 4 10 7 9 6 4 7 5 5 4 4 1
1646236826 86 34 31 39 38 23 14 5 4 10 7 9 6 4 7 5 5 4 4 1
1646254869 86 35 31 39 38 23 14 5 4 10 7 9 6 4 7 5 5 4 4 1
1646256242 86 35 31 39 38 23 14 5 5 10 7 9 6 4 7 5 5 4 4 1
1646430342 86 36 31 39 38 23 14 5 5 10 7 9 6 4 7 5 5 4 4 1
1646850800 86 36 31 39 38 23 14 5 6 10 7 9 6 4 7 5 5 4 4 1
1646951520 86 36 31 39 38 23 14 5 7 10 7 9 6 4 7 5 5 4 4 1
1646953974 86 36 31 39 38 23 14 5 7 10 7 9 6 5 7 5 5 4 4 1
1647013662 86 36 32 39 38 23 14 5 7 10 7 9 6 5 7 5 5 4 4 1
1647015756 86 36 33 39 38 23 14 5 7 10 7 9 6 5 7 5 5 4 4 1
1647307412 86 36 34 39 38 23 14 5 7 10 7 9 6 5 7 5 5 4 4 1
1647356626 86 36 34 39 38 23 14 5 7 10 7 9 6 6 7 5 5 4 4 1
1647383657 86 37 34 39 38 23 14 5 7 10 7 9 6 6 7 5 5 4 4 1
1647402817 87 37 34 39 38 23 14 5 7 10 7 9 6 6 7 5 5 4 4 1
1647403871 87 37 35 39 38 23 14 5 7 10 7 9 6 6 7 5 5 4 4 1
1647438044 87 38 35 39 38 23 14 5 7 10 7 9 6 6 7 5 5 4 4 1
1647450967 87 39 35 39 38 23 14 5 7 10 7 9 6 6 7 5 5 4 4 1
1647796151 87 40 35 39 38 23 14 5 7 10 7 9 6 6 7 5 5 4 4 1
1647805732 87 41 35 39 38 23 14 5 7 10 7 9 6 6 7 5 5 4 4 1
1647806068 87 42 35 39 38 23 14 5 7 10 7 9 6 6 7 5 5 4 4 1
1648144462 87 43 35 39 38 23 14 5 7 10 7 9 6 6 7 5 5 4 4 1
1649370122 87 43 35 39 38 23 14 5 7 10 7 9 7 6 7 5 5 4 4 1
1649457322 87 44 35 39 38 23 14 5 7 10 7 9 7 6 7 5 5 4 4 1
1649457689 87 44 35 39 38 23 14 5 7 10 7 9 7 6 7 5 5 4 4 1
1649461410 87 44 35 39 38 23 14 5 8 10 7 9 7 6 7 5 5 4 4 1
1650065839 87 44 36 39 38 23 14 5 8 10 7 9 7 6 7 5 5 4 4 1
1650589135 87 44 37 39 38 23 14 5 8 10 7 9 7 6 7 5 5 4 4 1
1650635688 87 44 38 39 38 23 14 5 8 10 7 9 7 6 7 5 5 4 4 1
1651554391 87 44 38 39 38 23 14 5 8 10 7 9 7 6 7 5 5 4 4 1
1651554822 87 44 38 39 38 23 14 5 8 10 7 9 7 6 7 5 5 4 4 1
1652059335 88 44 38 39 38 23 14 5 8 10 7 9 7 6 7 5 5 4 4 1
1652181560 89 44 38 39 38 23 14 5 8 10 7 9 7 6 7 5 5 4 4 1
1652850044 89 44 38 39 38 23 14 6 8 10 7 9 7 6 7 5 5 4 4 1
1653327466 89 44 38 39 38 23 14 6 8 10 7 9 7 6 7 5 5 4 4 1
1653327816 89 44 38 39 38 23 14 7 8 10 7 9 7 6 7 5 5 4 4 1
1653877677 89 45 38 39 38 23 14 7 8 10 7 9 7 6 7 5 5 4 4 1
1653982744 89 45 38 39 38 23 14 7 8 10 7 9 7 6 7 5 5 4 4 2
1654041633 89 45 38 39 38 23 14 7 8 10 7 9 7 6 7 5 5 4 4 2
1654540637 89 45 38 39 38 23 14 7 8 10 7 9 7 6 7 5 5 5 4 2
1654573257 89 45 38 39 38 23 14 7 8 10 7 9 7 6 7 5 5 5 4 3
1654784436 89 45 38 39 38 23 14 8 8 10 7 9 7 6 7 5 5 5 4 3
1655150704 89 45 38 39 38 23 14 8 9 10 7 9 7 6 7 5 5 5 4 3
1655157241 89 45 38 39 38 23 14 9 9 10 7 9 7 6 7 5 5 5 4 3
1655271126 90 45 38 39 38 23 14 9 9 10 7 9 7 6 7 5 5 5 4 3
1655799561 90 45 38 39 38 23 14 9 10 10 7 9 7 6 7 5 5 5 4 3
1655807518 90 45 38 39 38 23 14 9 10 10 7 9 8 6 7 5 5 5 4 3
1655851563 90 45 38 39 38 23 14 9 10 10 7 9 8 6 7 5 5 5 4 3
1655853821 90 45 38 39 38 23 14 10 10 10 7 9 8 6 7 5 5 5 4 3
1655854178 90 45 38 39 38 23 14 10 10 10 7 9 8 6 7 5 5 5 4 3
1655855087 90 45 38 39 38 23 14 10 10 10 7 9 8 6 7 5 5 5 4 3
1656423351 90 45 39 39 38 23 14 10 10 10 7 9 8 6 7 5 5 5 4 3
1656432171 90 45 39 39 38 23 14 11 10 10 7 9 8 6 7 5 5 5 4 3
1656599987 90 45 39 39 38 23 14 12 10 10 7 9 8 6 7 5 5 5 4 3
1656602750 91 45 39 39 38 23 14 12 10 10 7 9 8 6 7 5 5 5 4 3
1656607396 91 45 39 39 38 23 14 12 10 10 7 9 8 7 7 5 5 5 4 3
1656645852 91 45 39 39 38 23 14 12 10 10 8 9 8 7 7 5 5 5 4 3
1657599284 91 45 40 39 38 23 14 12 10 10 8 9 8 7 7 5 5 5 4 3
1657657810 91 45 40 39 38 23 14 13 10 10 8 9 8 7 7 5 5 5 4 3
1657659122 91 45 40 39 38 23 14 13 10 10 9 9 8 7 7 5 5 5 4 3
