1502471179 0 0 0 0 0 349 0 0 0 0 0 0 0 0 0 0 0 0 0 0
1505509923 0 0 0 0 0 349 0 0 0 0 0 0 0 0 0 2118 0 0 0 0
1505511199 0 0 0 0 0 349 0 0 0 0 0 0 0 0 0 2118 0 0 0 0
1505569672 0 0 0 0 0 460 0 0 0 0 0 0 0 0 0 2118 0 0 0 0
1505778017 0 0 0 0 0 460 0 0 0 0 0 0 0 0 0 2118 0 0 0 0
1505781329 0 0 0 0 0 460 0 0 0 0 0 0 0 0 0 2119 0 0 0 0
1505827001 0 0 0 0 0 460 0 0 0 0 0 0 0 0 0 2119 0 0 0 0
1505949545 0 0 0 0 0 462 0 0 0 0 0 0 0 0 0 2119 0 0 0 0
1506006183 0 0 0 0 0 462 0 0 0 0 0 0 0 0 0 2119 0 0 0 0
1506009673 0 0 0 0 0 462 0 0 0 0 0 0 0 0 0 2119 0 0 0 0
1506031612 0 0 0 0 0 462 0 0 0 0 0 0 0 0 0 2119 0 0 0 0
1507138512 0 0 0 0 0 527 0 0 0 0 0 0 0 0 0 2119 0 0 0 0
1507142126 0 0 0 0 0 527 0 0 0 0 0 0 0 0 0 2119 0 0 0 0
1507231883 0 0 0 0 0 527 0 0 0 0 0 0 0 0 0 2119 0 0 0 0
1507473355 0 0 0 0 0 528 0 0 0 0 0 0 0 0 0 2119 0 0 0 0
1507646024 0 0 0 0 0 528 0 0 0 0 0 0 0 0 0 2119 0 0 0 0
1508358338 0 0 0 0 0 528 0 0 0 0 0 0 0 0 0 2119 0 0 0 0
1508515598 0 0 0 0 0 528 0 0 0 0 0 0 0 0 0 2119 0 0 0 0
1509615991 0 0 0 0 0 528 0 0 0 0 0 0 0 0 0 2119 0 0 0 0
1509630553 0 0 0 0 0 528 0 0 0 0 0 0 0 0 0 2119 0 0 0 0
1509766671 0 0 0 0 0 528 4 0 0 0 0 0 0 0 0 2119 0 0 0 0
1510117654 0 0 0 0 0 528 4 0 0 0 0 0 0 0 0 2119 0 0 0 0
1510190938 0 0 0 0 0 528 4 0 0 0 0 0 0 0 0 2119 0 0 0 0
1510191133 0 0 0 0 0 528 4 0 0 0 0 0 0 0 0 2119 0 0 0 0
1510280584 0 0 0 0 0 528 55 0 0 0 0 0 0 0 0 2119 0 0 0 0
1510342024 0 0 0 0 0 528 55 0 0 0 0 0 0 0 0 2119 0 0 16 0
1510525495 0 0 0 0 0 528 55 0 0 0 0 0 0 0 0 2119 0 0 38 0
1510583878 0 0 0 0 0 528 55 0 0 0 0 0 0 0 0 2119 0 0 38 0
1510589241 0 0 0 0 0 528 55 0 0 0 0 0 0 0 0 2119 0 0 38 0
1510592038 0 0 0 0 0 528 55 0 0 0 0 0 0 0 0 2119 0 0 38 0
1510592533 0 0 0 0 0 528 56 0 0 0 0 0 0 0 0 2119 0 0 38 0
1510593663 0 0 0 0 0 528 56 0 0 0 0 0 0 0 0 2119 0 0 38 0
1510598505 0 0 0 0 0 528 56 0 0 0 0 0 0 0 0 2119 0 0 38 0
1510600159 0 0 0 0 0 528 56 0 0 0 0 0 0 0 0 2119 0 0 38 0
1510757200 0 0 0 0 0 528 56 0 0 0 0 0 0 0 0 2119 0 0 38 0
1510781877 0 0 0 0 0 528 56 0 0 0 0 0 0 0 0 2119 0 0 38 0
1510783547 0 0 0 0 0 528 56 0 0 0 0 0 0 0 0 2119 0 0 38 0
1510846143 0 0 0 0 0 539 56 0 0 0 0 0 0 0 0 2119 0 0 38 0
1510863703 0 0 0 0 0 799 56 0 0 0 0 0 0 0 0 2119 0 0 38 0
1510870256 0 0 0 0 0 799 56 0 0 0 0 0 0 0 0 2119 0 0 38 0
1511808515 0 0 0 0 0 799 56 0 0 0 0 0 0 0 0 2119 0 0 43 0
1511889356 0 0 0 0 0 799 56 0 0 0 0 0 0 0 0 2119 0 0 48 0
1511907271 0 0 0 0 0 799 56 0 0 0 0 0 0 0 0 2119 0 0 48 0
1512720931 0 0 0 0 0 799 56 0 0 0 0 0 0 0 0 2119 0 0 48 0
1512740329 0 0 0 0 0 799 56 0 0 0 0 0 0 0 0 2119 0 0 48 0
1515515736 0 0 0 0 0 799 56 0 0 0 0 0 0 0 0 2119 0 0 48 0
1516221423 0 0 0 0 0 799 56 0 0 0 0 0 0 0 0 2119 0 0 48 0
1518758014 0 0 0 0 0 799 56 0 0 0 0 3 0 0 0 2119 0 0 48 0
1518815880 0 0 0 0 0 857 56 0 0 0 0 3 0 0 0 2119 0 0 48 0
1519394193 0 0 0 0 0 857 56 0 0 0 0 3 0 0 0 2119 0 0 48 0
1519394698 0 0 0 0 0 857 56 0 0 0 0 3 0 0 0 2119 0 0 48 0
1521493203 0 0 0 0 0 857 56 0 0 0 0 3 0 0 0 2119 0 0 48 0
1522023929 0 0 0 0 0 857 56 0 0 0 0 3 0 0 0 2119 0 0 48 0
1522024241 0 0 0 0 0 857 56 0 0 0 0 3 0 0 0 2119 0 0 48 0
1522354041 0 0 0 0 0 857 56 0 0 0 0 3 0 0 0 2119 0 0 48 0
1522888376 0 0 0 0 0 857 121 0 0 0 0 3 0 0 0 2119 0 0 48 0
1522888704 0 0 0 0 0 857 121 0 0 0 0 3 0 0 0 2119 0 0 48 0
1522888856 0 0 0 0 0 857 121 0 0 0 0 3 0 0 0 2119 0 0 48 0
1522889319 0 0 0 0 0 857 121 0 0 0 0 3 0 0 0 2119 0 0 48 0
1522890004 0 0 0 0 0 857 121 0 0 0 0 3 0 0 0 2119 0 0 48 0
1522890435 0 0 0 0 0 857 121 0 0 0 0 3 0 0 0 2119 0 0 48 0
1523049919 0 0 0 0 0 857 121 0 0 0 0 3 0 0 0 2119 0 0 48 0
1523081634 0 0 0 0 0 857 121 0 0 0 0 3 0 0 0 2119 0 0 48 0
1523081709 0 0 0 0 0 857 121 0 0 0 0 3 0 0 0 2119 0 0 48 0
1523083378 0 0 0 0 0 857 121 0 0 0 0 3 0 0 0 2119 0 0 48 0
1523083485 0 0 0 0 0 857 121 0 0 0 0 3 0 0 0 2119 0 0 48 0
1523083752 0 0 0 0 0 857 121 0 0 0 0 3 0 0 0 2119 0 0 48 0
1523314464 0 0 0 0 0 857 157 0 0 0 0 3 0 0 0 2119 0 0 48 0
1523915688 0 0 0 0 0 857 158 0 0 0 0 3 0 0 0 2119 0 0 48 0
1523915755 0 0 0 0 0 857 158 0 0 0 0 3 0 0 0 2119 0 0 48 0
1523916428 0 0 0 0 0 857 158 0 0 0 0 3 0 0 0 2119 0 0 48 0
1541189196 0 0 0 0 123 857 158 0 0 0 0 3 0 0 0 2119 0 0 48 0
1541190557 0 0 0 0 124 857 158 0 0 0 0 3 0 0 0 2119 0 0 48 0
1541791426 0 0 0 0 172 857 158 0 0 0 0 3 0 0 0 2119 0 0 48 0
1541799340 0 0 0 0 177 857 158 0 0 0 0 3 0 0 0 2119 0 0 48 0
1542133873 0 0 0 0 183 857 158 0 0 0 0 3 0 0 0 2119 0 0 48 0
1542226972 0 0 0 0 184 857 158 0 0 0 0 3 0 0 0 2119 0 0 48 0
1542396262 0 0 0 0 249 857 158 0 0 0 0 3 0 0 0 2119 0 0 48 0
1543346014 0 0 0 0 249 857 158 0 0 0 0 3 0 0 0 2119 60 0 48 0
1543348805 0 0 0 0 249 857 158 0 0 0 0 3 0 0 0 2119 62 0 48 0
1545085544 0 0 0 0 257 857 158 0 0 0 0 3 0 0 0 2119 62 0 48 0
1545150858 0 0 0 0 257 857 158 0 0 0 0 3 0 0 0 2119 64 0 48 0
1545256788 0 0 0 0 269 857 158 0 0 0 0 3 0 0 0 2119 64 0 48 0
1546820050 0 0 0 0 269 857 158 0 0 0 0 3 0 0 0 2119 64 0 48 0
1547158031 0 0 0 0 282 857 158 0 0 0 0 3 0 0 0 2119 64 0 48 0
1547229337 0 0 0 0 284 857 158 0 0 0 0 3 0 0 0 2119 64 0 48 0
1547256611 0 0 0 0 297 857 158 0 0 0 0 3 0 0 0 2119 64 0 48 0
1549993345 0 0 0 0 544 857 158 0 0 0 0 3 0 0 0 2119 64 0 48 0
1550000663 0 0 0 0 548 857 158 0 0 0 0 3 0 0 0 2119 64 0 48 0
1550177508 0 0 0 0 556 857 158 0 0 0 0 3 0 0 0 2119 64 0 48 0
1550693754 0 0 0 0 575 857 158 0 0 0 0 3 0 0 0 2119 64 0 48 0
1551999322 0 0 0 0 576 857 158 0 0 0 0 3 0 0 0 2119 64 0 48 0
1554326037 0 0 0 0 580 857 158 0 0 0 0 3 0 0 0 2119 64 0 48 0
1554812833 0 0 0 0 580 857 158 0 0 0 0 3 922 0 0 2119 64 0 48 0
1555445174 0 0 0 0 580 857 158 0 0 0 0 3 948 0 0 2119 64 0 48 0
1556033974 0 0 0 0 580 857 158 0 0 0 0 3 948 0 0 2119 64 0 48 0
1557865590 0 0 0 0 583 857 158 0 0 0 0 3 948 0 0 2119 64 0 48 0
1562685210 0 0 0 0 583 857 158 0 0 0 0 3 948 0 0 2119 64 0 48 0
1563827667 0 0 0 0 586 857 158 0 0 0 0 3 948 0 0 2119 64 0 48 0
1563828449 0 0 0 0 587 857 158 0 0 0 0 3 948 0 0 2119 64 0 48 0
1564087838 0 0 0 0 587 857 158 0 0 0 0 3 948 0 0 2119 64 0 48 0
1564152315 0 0 0 0 612 857 158 0 0 0 0 3 948 0 0 2119 64 0 48 0
1564197249 0 0 0 0 658 857 158 0 0 0 0 3 948 0 0 2119 64 0 48 0
1564198539 0 0 0 0 1270 857 158 0 0 0 0 3 948 0 0 2119 64 0 48 0
1564284353 0 0 0 0 1698 857 158 0 0 0 0 3 948 0 0 2119 64 0 48 0
1564512298 0 0 0 0 1698 857 158 0 0 0 0 3 948 0 0 2119 64 0 48 0
1564700269 0 0 0 0 1698 857 158 0 0 0 0 3 948 0 0 2119 64 0 48 0
1564755169 0 0 0 0 1698 857 158 0 0 0 0 3 948 0 0 2119 64 0 48 0
1564773587 0 0 0 0 1772 857 158 0 0 0 0 3 948 0 0 2119 64 0 48 0
1564776078 0 0 0 0 1783 857 158 0 0 0 0 3 948 0 0 2119 64 0 48 0
1565697757 0 0 0 0 1783 857 158 0 0 0 0 3 948 0 0 2119 64 0 48 0
1565716153 0 0 0 0 1783 857 158 0 0 0 0 3 948 0 0 2119 64 0 48 0
1565801665 0 0 0 0 1791 857 158 0 0 0 0 3 948 0 0 2119 64 0 48 0
1567542006 0 0 0 0 1791 857 158 0 0 0 0 3 964 0 0 2119 64 0 48 0
1567542299 0 0 0 0 1794 857 158 0 0 0 0 3 964 0 0 2119 64 0 48 0
1567788415 0 0 0 0 1794 857 158 0 0 0 0 3 964 0 0 2119 64 1 48 0
1570206448 0 0 0 0 1794 857 158 0 0 0 0 3 964 0 0 2119 64 1 48 0
1570212501 0 0 0 0 1794 857 158 0 0 0 0 3 964 0 0 2119 64 1 48 0
1570220981 0 0 0 0 1794 857 158 0 0 0 0 3 964 0 0 2119 64 1 48 0
1570593244 0 0 0 0 1882 857 158 0 0 0 0 3 964 0 0 2119 64 1 48 0
1570596664 0 0 0 0 1890 857 158 0 0 0 0 3 964 0 0 2119 64 1 48 0
1571411816 0 0 0 0 1972 857 158 0 0 0 0 3 964 0 0 2119 64 1 48 0
1571866091 0 0 0 0 1972 857 158 0 0 0 0 3 964 0 0 2119 64 1 48 0
1572553828 0 0 0 0 1972 857 158 0 0 0 0 3 964 0 0 2119 64 1 48 0
1572590331 0 0 0 34 1972 857 158 0 0 0 0 3 964 0 0 2119 64 1 48 0
1572590346 0 0 0 34 1972 857 158 0 0 0 0 3 964 0 0 2119 64 1 48 0
1572590519 0 0 0 152895 1972 857 158 0 0 0 0 3 964 0 0 2119 64 1 48 0
1572827208 0 0 0 152900 1972 857 158 0 0 0 0 3 964 0 0 2119 64 1 48 0
1572830103 0 0 0 152900 1972 857 158 0 0 0 0 3 964 0 0 2119 64 1 48 0
1572836400 0 0 0 152900 1972 857 158 0 0 0 0 3 964 0 0 2119 64 1 48 0
1572846707 0 0 0 152906 1972 857 158 0 0 0 0 3 964 0 0 2119 64 1 48 0
1572858604 0 0 0 152906 1972 857 158 0 0 0 0 3 964 0 0 2119 64 1 48 0
1572913191 13 0 0 152906 1972 857 158 0 0 0 0 3 964 0 0 2119 64 1 48 0
1572913490 13 0 0 152906 1972 857 158 0 0 0 0 3 964 0 0 2119 64 1 48 0
1573192113 13 0 0 305621 1972 857 158 0 0 0 0 3 964 0 0 2119 64 1 48 0
1573192303 13 0 0 305627 1972 857 158 0 0 0 0 3 964 0 0 2119 64 1 48 0
1573192405 13 0 0 305628 1972 857 158 0 0 0 0 3 964 0 0 2119 64 1 48 0
1573192670 13 0 0 305629 1972 857 158 0 0 0 0 3 964 0 0 2119 64 1 48 0
1573192819 13 0 0 305629 1972 857 158 0 0 0 0 3 964 0 0 2119 64 1 48 0
1573425257 13 0 0 305645 1972 857 158 0 0 0 0 3 964 0 0 2119 64 1 48 0
1573425659 13 0 0 305645 1972 857 158 0 0 0 0 3 964 0 0 2119 64 1 48 0
1573487437 13 0 0 305645 2080 857 158 0 0 0 0 3 964 0 0 2119 64 1 48 0
1573493536 13 0 0 305645 2118 857 158 0 0 0 0 3 964 0 0 2119 64 1 48 0
1573842889 13 0 0 305645 2242 857 158 0 0 0 0 3 964 0 0 2119 64 1 48 0
1575517988 13 0 0 305645 2242 857 158 0 0 0 0 3 964 0 0 2119 64 1 48 0
1576217399 13 0 0 305647 2242 857 158 0 0 0 0 3 964 0 0 2119 64 1 48 0
1576218421 13 0 0 305649 2242 857 158 0 0 0 0 3 964 0 0 2119 64 1 48 0
1576302432 37 0 0 305649 2242 857 158 0 0 0 0 3 964 0 0 2119 64 1 48 0
1576302446 37 0 0 305649 2242 857 158 0 0 0 0 3 964 0 0 2119 64 1 48 0
1576311213 246 0 0 305649 2242 857 158 0 0 0 0 3 964 0 0 2119 64 1 48 0
1576311233 375 0 0 305649 2242 857 158 0 0 0 0 3 964 0 0 2119 64 1 48 0
1576311274 382 0 0 305649 2242 857 158 0 0 0 0 3 964 0 0 2119 64 1 48 0
1576311404 388 0 0 305649 2242 857 158 0 0 0 0 3 964 0 0 2119 64 1 48 0
1576316205 418 0 0 305649 2242 857 158 0 0 0 0 3 964 0 0 2119 64 1 48 0
1576316928 438 0 0 305649 2242 857 158 0 0 0 0 3 964 0 0 2119 64 1 48 0
1576316957 439 0 0 305649 2242 857 158 0 0 0 0 3 964 0 0 2119 64 1 48 0
1576317002 440 0 0 305649 2242 857 158 0 0 0 0 3 964 0 0 2119 64 1 48 0
1576317486 458 0 0 305649 2242 857 158 0 0 0 0 3 964 0 0 2119 64 1 48 0
1576454634 545 0 0 305649 2242 857 158 0 0 0 0 3 964 0 0 2119 64 1 48 0
1576454779 546 0 0 305649 2242 857 158 0 0 0 0 3 964 0 0 2119 64 1 48 0
1576454811 547 0 0 305649 2242 857 158 0 0 0 0 3 964 0 0 2119 64 1 48 0
1576455038 548 0 0 305649 2242 857 158 0 0 0 0 3 964 0 0 2119 64 1 48 0
1576455075 548 0 0 305649 2242 857 158 0 0 0 0 3 964 0 0 2119 64 1 48 0
1576468204 561 0 0 305649 2242 857 158 0 0 0 0 3 964 0 0 2119 64 1 48 0
1576478079 561 0 0 305649 2242 857 158 0 0 0 0 3 964 0 0 2119 64 1 48 0
1576815022 581 0 0 305649 2242 857 158 0 0 0 0 3 964 0 0 2119 64 1 48 0
1576816973 581 0 0 305649 2242 857 158 0 0 0 0 3 964 0 0 2119 64 1 48 0
1576829472 589 0 0 305649 2242 857 158 0 0 0 0 3 964 0 0 2119 64 1 48 0
1576835631 590 0 0 305649 2242 857 158 0 0 0 0 3 964 0 0 2119 64 1 48 0
1577665351 590 0 0 305649 2242 857 158 201 0 0 0 3 964 0 0 2119 64 1 48 0
1577924330 590 0 0 305649 2242 857 158 201 0 0 0 3 964 0 0 2119 64 1 48 0
1577924362 590 0 0 305834 2242 857 158 201 0 0 0 3 964 0 0 2119 64 1 48 0
1577925291 590 0 0 305834 2242 857 158 201 0 0 0 3 964 0 0 2119 64 1 48 0
1577925596 590 0 0 305842 2242 857 158 201 0 0 0 3 964 0 0 2119 64 1 48 0
1578266174 590 0 0 305855 2242 857 158 201 0 0 0 3 964 0 0 2119 64 1 48 0
1578266258 590 0 0 305855 2242 857 158 201 0 0 0 3 964 0 0 2119 64 1 48 0
1579734278 614 0 0 305855 2242 857 158 201 0 0 0 3 964 0 0 2119 64 1 48 0
1579735271 619 0 0 305855 2242 857 158 201 0 0 0 3 964 0 0 2119 64 1 48 0
1579735359 619 0 0 305855 2242 857 158 201 0 0 0 3 964 0 0 2119 64 1 48 0
1579735467 625 0 0 305855 2242 857 158 201 0 0 0 3 964 0 0 2119 64 1 48 0
1579736092 628 0 0 305855 2242 857 158 201 0 0 0 3 964 0 0 2119 64 1 48 0
1579736224 628 0 0 305855 2242 857 158 201 0 0 0 3 964 0 0 2119 64 1 48 0
1579736253 628 0 0 305855 2242 857 158 201 0 0 0 3 964 0 0 2119 64 1 48 0
1581291689 629 0 0 305855 2242 857 158 201 0 0 0 3 964 0 0 2119 64 1 48 0
1581299968 629 0 0 305855 2242 857 158 201 0 0 0 3 964 0 0 2119 64 1 48 0
1582222952 629 0 0 305855 2242 857 158 201 0 0 0 3 964 0 0 2119 97 1 48 0
1582315370 629 0 0 305855 2272 857 158 201 0 0 0 3 964 0 0 2119 97 1 48 0
1582763594 631 0 0 305855 2272 857 158 201 0 0 0 3 964 0 0 2119 97 1 48 0
1582765793 632 0 0 305855 2272 857 158 201 0 0 0 3 964 0 0 2119 97 1 48 0
1582765833 632 0 0 305855 2272 857 158 201 0 0 0 3 964 0 0 2119 97 1 48 0
1583222126 632 0 0 305855 2272 857 158 201 0 0 0 3 964 0 0 2119 97 1 48 0
1583223816 632 0 0 305855 2272 857 158 201 0 0 0 3 964 0 0 2119 97 1 48 0
1583226079 632 0 0 305855 2272 857 158 201 0 0 0 3 964 0 0 2119 97 1 48 0
1583341286 632 0 0 305855 2272 857 158 201 0 0 0 3 964 0 0 2119 97 1 48 0
1583438240 632 0 0 305855 2287 857 158 201 0 0 0 3 964 0 0 2119 97 1 48 0
1584346045 635 0 0 305855 2287 857 158 201 0 0 0 3 964 0 0 2119 97 1 48 0
1584348431 635 0 0 305855 2287 857 158 201 0 0 0 3 964 0 0 2119 97 1 48 0
1584358742 635 0 0 306436 2287 857 158 201 0 0 0 3 964 0 0 2119 97 1 48 0
1584359306 635 0 0 306440 2287 857 158 201 0 0 0 3 964 0 0 2119 97 1 48 0
1584359734 635 0 0 306442 2287 857 158 201 0 0 0 3 964 0 0 2119 97 1 48 0
1584362480 635 0 0 306446 2287 857 158 201 0 0 0 3 964 0 0 2119 97 1 48 0
1584417434 635 0 0 306470 2287 857 158 201 0 0 0 3 964 0 0 2119 97 1 48 0
1584417817 635 0 0 306488 2287 857 158 201 0 0 0 3 964 0 0 2119 97 1 48 0
1584417866 635 0 0 306488 2287 857 158 201 0 0 0 3 964 0 0 2119 97 1 48 0
1585261993 635 0 0 306488 2287 857 158 201 0 0 0 3 964 0 0 2119 97 1 48 0
1585607805 635 0 0 306529 2287 857 158 201 0 0 0 3 964 0 0 2119 97 1 48 0
1585608524 635 0 0 306637 2287 857 158 201 0 0 0 3 964 0 0 2119 97 1 48 0
1585700827 660 0 0 306637 2287 857 158 201 0 0 0 3 964 0 0 2119 97 1 48 0
1585811593 662 0 0 306637 2287 857 158 201 0 0 0 3 964 0 0 2119 97 1 48 0
1585973510 662 0 0 306639 2287 857 158 201 0 0 0 3 964 0 0 2119 97 1 48 0
1586444447 662 0 0 306639 2287 857 158 201 0 0 0 3 964 0 0 2119 101 1 48 0
1587433452 662 0 0 306639 2287 857 158 201 0 0 0 3 964 0 0 2119 101 1 48 0
1587525369 663 0 0 306639 2287 857 158 201 0 0 0 3 964 0 0 2119 101 1 48 0
1589292086 663 0 0 306639 2331 857 158 201 0 0 0 3 964 0 0 2119 101 1 48 0
1589861396 666 0 0 306639 2331 857 158 201 0 0 0 3 964 0 0 2119 101 1 48 0
1590213058 667 0 0 306639 2331 857 158 201 0 0 0 3 964 0 0 2119 101 1 48 0
1591166172 667 0 0 306639 2331 857 158 201 0 98 0 3 964 0 0 2119 101 1 48 0
1591166235 667 0 0 306639 2331 857 158 201 0 102 0 3 964 0 0 2119 101 1 48 0
1591166568 667 0 0 306639 2331 857 158 201 0 126 0 3 964 0 0 2119 101 1 48 0
1591760813 667 0 0 306639 2331 857 158 201 0 126 0 3 964 0 0 2119 101 1 48 0
1591973124 667 0 0 306639 2331 857 158 201 0 126 0 3 964 0 0 2119 101 1 48 0
1592976670 667 0 0 306639 2331 857 158 201 0 127 0 3 964 0 0 2119 101 1 48 0
1592977182 668 0 0 306639 2331 857 158 201 0 127 0 3 964 0 0 2119 101 1 48 0
1592977862 668 0 0 306639 2331 857 158 201 0 127 0 3 964 0 0 2119 101 1 48 0
1592978293 670 0 0 306639 2331 857 158 201 0 127 0 3 964 0 0 2119 101 1 48 0
1593046824 670 0 0 306639 2331 857 158 201 0 135 0 3 964 0 0 2119 101 1 48 0
1593661512 670 0 0 306639 2331 857 158 201 0 135 0 3 964 0 0 2119 101 1 48 0
1593758264 670 0 0 306639 2331 857 158 201 0 139 0 3 964 0 0 2119 101 1 48 0
1594248139 670 0 0 306639 2331 857 158 201 0 152 0 3 964 0 0 2119 101 1 48 0
1594275981 670 0 0 306639 2331 857 158 201 0 181 0 3 964 0 0 2119 101 1 48 0
1594277101 670 0 0 306639 2331 857 158 201 0 194 0 3 964 0 0 2119 101 1 48 0
1594557610 670 0 242 306639 2331 857 158 201 0 194 0 3 964 0 0 2119 101 1 48 0
1594781187 670 0 349 306639 2331 857 158 201 0 194 0 3 964 0 0 2119 101 1 48 0
1594995906 670 0 420 306639 2331 857 158 201 0 194 0 3 964 0 0 2119 101 1 48 0
1595208359 671 0 420 306639 2331 857 158 201 0 194 0 3 964 0 0 2119 101 1 48 0
1596181446 671 0 420 306639 2331 857 158 201 0 194 0 3 964 0 0 2119 101 1 48 0
1596481445 671 0 638 306639 2331 857 158 201 0 194 0 3 964 0 0 2119 101 1 48 0
1597365287 671 0 638 306639 2331 857 158 201 0 194 0 3 964 0 0 2119 101 1 48 0
1597568416 671 0 638 306639 2331 857 158 201 0 196 0 3 964 0 0 2119 101 1 48 0
1597571329 671 0 638 306756 2331 857 158 201 0 196 0 3 964 0 0 2119 101 1 48 0
1597571977 671 0 638 306793 2331 857 158 201 0 196 0 3 964 0 0 2119 101 1 48 0
1597588209 671 0 638 306793 2331 857 158 201 0 196 0 3 964 0 0 2119 101 1 48 0
1597845848 671 0 638 306793 2331 857 158 201 0 196 0 3 964 0 0 2119 101 1 48 0
1598365108 671 0 2251 306793 2331 857 158 201 0 196 0 3 964 0 0 2119 101 1 48 0
1598404525 671 0 2251 306793 2331 857 158 201 0 196 0 3 964 0 0 2119 101 1 48 0
1598406355 671 0 2281 306793 2331 857 158 201 0 196 0 3 964 0 0 2119 101 1 48 0
1598531549 671 0 2281 306793 2331 857 158 201 0 196 0 3 964 0 0 2119 101 1 48 0
1598870592 671 0 2281 306793 2331 857 158 201 0 196 0 3 964 0 0 2119 101 1 48 0
1598886558 671 0 2437 306793 2331 857 158 201 0 196 0 3 964 0 0 2119 101 1 48 0
1599563323 676 0 2437 306793 2331 857 158 201 0 196 0 3 964 0 0 2119 101 1 48 0
1600613963 766 0 2716 306793 2331 857 158 201 0 196 0 3 964 0 0 2119 101 1 48 0
1600965426 766 0 2723 306793 2331 857 158 201 0 196 0 3 964 0 0 2119 101 1 48 0
1602694898 766 0 2723 306793 2331 857 158 201 0 196 0 3 968 0 0 2119 101 1 48 0
1602800469 771 0 2723 306793 2331 857 158 201 0 196 0 3 968 0 0 2119 101 1 48 0
1602856996 817 0 2723 306793 2331 857 158 201 0 196 0 3 968 0 0 2119 101 1 48 0
1603694823 817 0 2723 306793 2331 857 158 201 0 196 77 3 968 0 0 2119 101 1 48 0
1603721476 817 0 2725 306793 2331 857 158 201 0 196 77 3 968 0 0 2119 101 1 48 0
1605229838 818 0 2725 306793 2331 857 158 201 0 196 77 3 968 0 0 2119 101 1 48 0
1605237142 818 0 2725 306793 2331 857 158 201 0 196 77 3 968 0 0 2119 101 1 48 0
1608682872 818 0 2725 306793 2331 857 158 201 0 196 77 3 968 0 0 2119 101 1 48 0
1608773344 818 0 2725 306793 2331 857 158 201 0 196 77 3 968 0 0 2119 101 1 48 0
1608774260 818 0 2725 306793 2331 857 158 209 0 196 77 3 968 0 0 2119 101 1 48 0
1609844860 819 0 2725 306793 2331 857 158 209 0 196 77 3 968 0 0 2119 101 1 48 0
1609845340 819 0 2725 306793 2331 857 158 209 0 196 77 3 968 0 0 2119 101 2 48 0
1609887335 819 0 2725 306793 2331 857 158 209 0 196 77 3 968 0 51 2119 101 2 48 0
1610047187 819 0 2725 306793 2331 857 158 209 0 196 77 3 968 0 51 2119 101 2 48 0
1610283273 833 0 2725 306793 2331 857 158 209 0 196 77 3 968 0 51 2119 101 2 48 0
1611475624 834 0 2725 306793 2331 857 158 209 0 196 77 3 968 0 51 2119 101 2 48 0
1611685369 834 0 2725 306793 2331 857 158 209 0 196 77 3 968 0 51 2119 101 2 48 0
1611791202 834 0 2725 306793 2331 857 158 209 0 196 77 3 968 0 51 2119 101 2 48 0
1612304205 834 0 2725 306793 2331 857 158 213 0 196 77 3 968 0 51 2119 101 2 48 0
1613499313 834 0 2725 306793 2331 857 158 213 0 196 77 3 1375 0 51 2119 101 2 48 0
1614814073 834 0 2725 306793 2331 857 158 213 0 196 77 3 1375 0 51 2119 101 2 48 0
1614814317 834 0 2725 306793 2331 857 158 213 0 196 77 3 1375 0 51 2119 101 2 48 0
1614822929 834 0 2725 306793 2331 857 158 213 0 196 77 3 1375 0 51 2119 101 2 48 0
1615119984 834 0 2725 306793 2331 857 158 213 0 196 77 3 1375 0 51 2119 101 2 48 0
1615339232 845 0 2725 306793 2331 857 158 213 0 196 77 3 1375 0 51 2119 101 2 48 0
1615433652 846 0 2725 306793 2331 857 158 213 0 196 77 3 1375 0 51 2119 101 2 48 0
1616455255 846 0 2725 306793 2331 857 158 213 0 196 842 3 1375 0 51 2119 101 2 48 0
1617034595 846 0 2725 306793 2331 857 158 213 0 196 842 3 1375 40 51 2119 101 2 48 0
1617105875 882 0 2725 306793 2331 857 158 213 0 196 842 3 1375 40 51 2119 101 2 48 0
1617147670 882 0 2725 306793 2331 857 158 213 0 196 842 3 1375 40 51 2119 101 2 48 0
1617148591 882 0 2725 306793 2331 857 158 215 0 196 842 3 1375 40 51 2119 101 2 48 0
1617165164 889 0 2725 306793 2331 857 158 215 0 196 842 3 1375 40 51 2119 101 2 48 0
1617304880 912 0 2725 306793 2331 857 158 215 0 196 842 3 1375 40 51 2119 101 2 48 0
1617803121 912 32 2725 306793 2331 857 158 215 0 196 842 3 1375 40 51 2119 101 2 48 0
1618187696 914 32 2725 306793 2331 857 158 215 0 196 842 3 1375 40 51 2119 101 2 48 0
1618374288 914 32 2784 306793 2331 857 158 215 0 196 842 3 1375 40 51 2119 101 2 48 0
1618513872 914 32 2784 306793 2331 857 158 215 0 196 910 3 1375 40 51 2119 101 2 48 0
1618788865 914 32 2784 306793 2331 857 158 215 0 196 910 3 1375 40 54 2119 101 2 48 0
1618964444 914 32 2784 306793 2331 857 158 215 0 196 910 3 1375 40 89 2119 101 2 48 0
1619014305 914 40 2784 306793 2331 857 158 215 0 196 910 3 1375 40 89 2119 101 2 48 0
1619052817 914 40 2784 306793 2331 857 158 215 0 196 910 3 1375 40 89 2119 101 2 48 0
1619149121 914 40 2784 306793 2331 857 158 215 0 196 910 3 1375 40 90 2119 101 2 48 0
1620424920 914 40 3083 306793 2331 857 158 215 0 196 910 3 1375 40 90 2119 101 2 48 0
1620506974 918 40 3083 306793 2331 857 158 215 0 196 910 3 1375 40 90 2119 101 2 48 0
1620793225 918 40 3083 306793 2331 857 158 215 0 196 910 3 1375 40 92 2119 101 2 48 0
1621211056 918 40 3083 306793 2331 857 158 215 0 196 910 3 1375 40 92 2119 101 3 48 0
1621986152 918 40 3083 306793 2331 857 158 215 0 196 910 3 1375 40 92 2119 101 3 48 0
1623155061 918 40 3083 306793 2331 857 158 215 0 196 910 3 1375 40 92 2119 101 3 48 0
1623156241 918 411 3083 306793 2331 857 158 215 0 196 910 3 1375 40 92 2119 101 3 48 0
1623157466 918 411 3083 306793 2331 857 158 215 0 196 910 3 1375 40 92 2119 101 4 48 0
1623192747 918 411 3110 306793 2331 857 158 215 0 196 910 3 1375 40 92 2119 101 4 48 0
1623196064 1105 411 3110 306793 2331 857 158 215 0 196 910 3 1375 40 92 2119 101 4 48 0
1623196953 1108 411 3110 306793 2331 857 158 215 0 196 910 3 1375 40 92 2119 101 4 48 0
1623203156 1108 411 3110 306793 2331 857 158 215 0 196 910 3 1375 40 92 2119 101 4 48 0
1623204511 1108 411 3110 306793 2331 857 158 215 0 196 910 3 1375 40 92 2119 101 4 48 0
1623817256 1119 411 3110 306793 2331 857 158 215 0 196 910 3 1375 40 92 2119 101 4 48 0
1623817512 1242 411 3110 306793 2331 857 158 215 0 196 910 3 1375 40 92 2119 101 4 48 0
1624404929 1243 411 3110 306793 2331 857 158 215 0 196 910 3 1375 40 92 2119 101 4 48 0
1624424560 1252 411 3110 306793 2331 857 158 215 0 196 910 3 1375 40 92 2119 101 4 48 0
1624481978 1255 411 3110 306793 2331 857 158 215 0 196 910 3 1375 40 92 2119 101 4 48 0
1624498941 1259 411 3110 306793 2331 857 158 215 0 196 910 3 1375 40 92 2119 101 4 48 0
1624583198 1263 411 3110 306793 2331 857 158 215 0 196 910 3 1375 40 92 2119 101 4 48 0
1624590716 1263 411 3110 306793 2331 857 158 215 0 196 910 3 1375 40 92 2119 101 4 48 2
1625462574 1281 411 3110 306793 2331 857 158 215 0 196 910 3 1375 40 92 2119 101 4 48 2
1625788000 1284 411 3110 306793 2331 857 158 215 0 196 910 3 1375 40 92 2119 101 4 48 2
1625942124 1284 411 3110 306793 2331 857 158 215 0 196 968 3 1375 40 92 2119 101 4 48 2
1626412446 1284 411 3110 306793 2331 857 158 215 0 196 968 3 1375 40 92 2119 101 4 48 2
1627623590 1284 411 3110 306793 2331 857 158 215 0 196 968 3 1375 146 92 2119 101 4 48 2
1629259834 1287 411 3110 306793 2331 857 158 215 0 196 968 3 1375 146 92 2119 101 4 48 2
1630379789 1287 451 3110 306793 2331 857 158 215 0 196 968 3 1375 146 92 2119 101 4 48 2
1630381033 1287 451 3110 306793 2331 857 158 215 0 196 968 3 1448 146 92 2119 101 4 48 2
1630880564 1287 976 3110 306793 2331 857 158 215 0 196 968 3 1448 146 92 2119 101 4 48 2
1631034818 1287 1013 3110 306793 2331 857 158 215 0 196 968 3 1448 146 92 2119 101 4 48 2
1631484022 1287 1013 3118 306793 2331 857 158 215 0 196 968 3 1448 146 92 2119 101 4 48 2
1631484761 1287 1013 3127 306793 2331 857 158 215 0 196 968 3 1448 146 92 2119 101 4 48 2
1631484996 1287 1013 3127 306793 2331 857 158 215 0 196 968 3 1448 146 92 2119 101 4 48 2
1631485387 1287 1013 3138 306793 2331 857 158 215 0 196 968 3 1448 146 92 2119 101 4 48 2
1631921770 1287 1025 3138 306793 2331 857 158 215 0 196 968 3 1448 146 92 2119 101 4 48 2
1632236480 1287 1025 3183 306793 2331 857 158 215 0 196 968 3 1448 146 92 2119 101 4 48 2
1632789071 1287 1072 3183 306793 2331 857 158 215 0 196 968 3 1448 146 92 2119 101 4 48 2
1632795835 1287 1072 3184 306793 2331 857 158 215 0 196 968 3 1448 146 92 2119 101 4 48 2
1633036327 1287 1245 3184 306793 2331 857 158 215 0 196 968 3 1448 146 92 2119 101 4 48 2
1633129498 1287 1422 3233 306793 2331 857 158 215 0 196 968 3 1448 146 92 2119 101 4 48 2
1634082024 1287 1422 3237 306793 2331 857 158 215 0 196 968 3 1448 146 92 2119 101 4 48 2
1634254595 1290 1422 3237 306793 2331 857 158 215 0 196 968 3 1448 146 92 2119 101 4 48 2
1634595437 1290 1422 3237 306793 2331 857 158 215 0 196 968 3 1448 146 92 2119 101 4 48 2
1634865425 1290 1422 3240 306793 2331 857 158 215 0 196 968 3 1448 146 92 2119 101 4 48 2
1635200410 1290 1422 3240 306793 2331 857 158 215 0 196 968 3 1448 146 92 2119 101 4 48 2
1635202917 1360 1422 3240 306793 2331 857 158 215 0 196 968 3 1448 146 92 2119 101 4 48 2
1635210479 1360 1467 3240 306793 2331 857 158 215 0 196 968 3 1448 146 92 2119 101 4 48 2
1635213496 1360 1715 3240 306793 2331 857 158 215 0 196 968 3 1448 146 92 2119 101 4 48 2
1635213874 1360 1715 3240 306793 2331 857 158 215 0 196 968 3 1448 146 92 2119 101 4 48 2
1635215163 1360 1715 3251 306793 2331 857 158 215 0 196 968 3 1448 146 92 2119 101 4 48 2
1635267386 1360 1716 3251 306793 2331 857 158 215 0 196 968 3 1448 146 92 2119 101 4 48 2
1635267788 1361 1716 3251 306793 2331 857 158 215 0 196 968 3 1448 146 92 2119 101 4 48 2
1635724660 1375 1716 3251 306793 2331 857 158 215 0 196 968 3 1448 146 92 2119 101 4 48 2
1635730727 1375 1716 3251 306793 2331 857 158 215 0 196 968 3 1448 146 92 2119 101 4 48 2
1636491506 1375 1717 3251 306793 2331 857 158 215 0 196 968 3 1448 146 92 2119 101 4 48 2
1636505109 1375 1717 3251 306793 2331 857 158 215 0 196 968 3 1448 146 92 2119 101 4 48 2
1637118599 1375 1717 3251 306793 2331 857 158 215 5702 196 968 3 1448 146 92 2119 101 4 48 2
1637706864 1375 1717 3251 306793 2331 857 158 215 5702 196 968 3 1448 146 92 2119 101 4 48 2
1637734068 1375 1720 3251 306793 2331 857 158 215 5702 196 968 3 1448 146 92 2119 101 4 48 2
1639664742 1375 1720 3251 306793 2331 857 158 215 5702 196 968 3 1448 148 92 2119 101 4 48 2
1640202697 1375 1720 3251 306793 2331 857 158 215 5702 196 968 3 1448 148 181 2119 101 4 48 2
1640718013 1375 1729 3251 306793 2331 857 158 215 5702 196 968 3 1448 148 181 2119 101 4 48 2
1640739752 1375 2671 3251 306793 2331 857 158 215 5702 196 968 3 1448 148 181 2119 101 4 48 2
1640747475 1375 2674 3251 306793 2331 857 158 215 5702 196 968 3 1448 148 181 2119 101 4 48 2
1640794871 1375 2674 3251 306793 2331 857 158 215 5702 196 1040 3 1448 148 181 2119 101 4 48 2
1640795541 1375 2674 3251 306793 2331 857 158 215 5702 196 1040 3 1448 148 181 2119 101 4 48 2
1640795804 1375 2674 3251 306793 2331 857 158 215 5702 196 1040 3 1448 148 181 2119 101 4 48 2
1640929466 1375 2675 3251 306793 2331 857 158 215 5702 196 1040 3 1448 148 181 2119 101 4 48 2
1641153807 1375 2675 3327 306793 2331 857 158 215 5702 196 1040 3 1448 148 181 2119 101 4 48 2
1641187420 1375 2675 3328 306793 2331 857 158 215 5702 196 1040 3 1448 148 181 2119 101 4 48 2
1641188531 1375 2675 3336 306793 2331 857 158 215 5702 196 1040 3 1448 148 181 2119 101 4 48 2
1641189336 1375 2848 3336 306793 2331 857 158 215 5702 196 1040 3 1448 148 181 2119 101 4 48 2
1641236180 1375 2848 3336 306793 2331 857 158 215 5702 196 1040 3 1448 148 224 2119 101 4 48 2
1641340828 1375 2848 3336 306793 2331 857 158 215 5702 196 1040 3 1448 148 224 2119 101 4 48 2
1641340992 1375 2848 3336 306793 2331 857 158 215 5786 196 1040 3 1448 148 224 2119 101 4 48 2
1641437212 1375 2848 3336 306793 2331 857 158 215 5786 196 1041 3 1448 148 224 2119 101 4 48 2
1642318487 1375 2856 3336 306793 2331 857 158 215 5786 196 1041 3 1448 148 224 2119 101 4 48 2
1642490947 1375 2856 3336 306793 2331 857 158 215 5786 196 1043 3 1448 148 224 2119 101 4 48 2
1642538858 1375 3100 3336 306793 2331 857 158 215 5786 196 1043 3 1448 148 224 2119 101 4 48 2
1642546555 1375 4089 3336 306793 2331 857 158 215 5786 196 1043 3 1448 148 224 2119 101 4 48 2
1643332218 1375 4089 3336 306793 2331 857 158 215 5787 196 1043 3 1448 148 224 2119 101 4 48 2
1643376595 1375 4155 3336 306793 2331 857 158 215 5787 196 1043 3 1448 148 224 2119 101 4 48 2
1643584207 1375 4155 3336 306793 2331 857 158 215 5787 196 1043 3 1448 148 224 2119 101 4 48 2
1643584540 1375 4245 3336 306793 2331 857 158 215 5787 196 1043 3 1448 148 224 2119 101 4 48 2
1643746214 1375 4246 3336 306793 2331 857 158 215 5787 196 1043 3 1448 148 224 2119 101 4 48 2
1643774282 1376 4246 3336 306793 2331 857 158 215 5787 196 1043 3 1448 148 224 2119 101 4 48 2
1644343905 1376 4635 3336 306793 2331 857 158 215 5787 196 1043 3 1448 148 224 2119 101 4 48 2
1644453465 1376 4657 3336 306793 2331 857 158 215 5787 196 1043 3 1448 148 224 2119 101 4 48 2
1644542549 1376 4657 3336 306793 2331 857 158 215 5787 196 1043 3 1448 148 224 2119 101 4 48 2
1644543045 1376 4661 3336 306793 2331 857 158 215 5787 196 1043 3 1448 148 224 2119 101 4 48 2
1644595805 1376 4661 3336 306793 2331 857 158 215 5787 196 1043 3 1448 152 224 2119 101 4 48 2
1645818252 1376 4665 3336 306793 2331 857 158 215 5787 196 1043 3 1448 152 224 2119 101 4 48 2
1645886609 1376 4669 3336 306793 2331 857 158 215 5787 196 1043 3 1448 152 224 2119 101 4 48 2
1645886886 1376 4670 3336 306793 2331 857 158 215 5787 196 1043 3 1448 152 224 2119 101 4 48 2
1646184549 1376 4670 3336 306793 2331 857 158 215 5873 196 1043 3 1448 152 224 2119 101 4 48 2
1646236826 1376 4681 3336 306793 2331 857 158 215 5873 196 1043 3 1448 152 224 2119 101 4 48 2
1646254869 1376 4681 3336 306793 2331 857 158 215 5873 196 1043 3 1448 152 224 2119 101 4 48 2
1646256242 1376 4681 3336 306793 2331 857 158 215 6020 196 1043 3 1448 152 224 2119 101 4 48 2
1646430342 1376 4713 3336 306793 2331 857 158 215 6020 196 1043 3 1448 152 224 2119 101 4 48 2
1646850800 1376 4713 3336 306793 2331 857 158 215 7043 196 1043 3 1448 152 224 2119 101 4 48 2
1646951520 1376 4713 3336 306793 2331 857 158 215 7046 196 1043 3 1448 152 224 2119 101 4 48 2
1646953974 1376 4713 3336 306793 2331 857 158 215 7046 196 1043 3 1448 166 224 2119 101 4 48 2
1647013662 1376 4713 3337 306793 2331 857 158 215 7046 196 1043 3 1448 166 224 2119 101 4 48 2
1647015756 1376 4713 3339 306793 2331 857 158 215 7046 196 1043 3 1448 166 224 2119 101 4 48 2
1647307412 1376 4713 3343 306793 2331 857 158 215 7046 196 1043 3 1448 166 224 2119 101 4 48 2
1647356626 1376 4713 3343 306793 2331 857 158 215 7046 196 1043 3 1448 212 224 2119 101 4 48 2
1647383657 1376 4713 3343 306793 2331 857 158 215 7046 196 1043 3 1448 212 224 2119 101 4 48 2
1647402817 1379 4713 3343 306793 2331 857 158 215 7046 196 1043 3 1448 212 224 2119 101 4 48 2
1647403871 1379 4713 3428 306793 2331 857 158 215 7046 196 1043 3 1448 212 224 2119 101 4 48 2
1647438044 1379 4714 3428 306793 2331 857 158 215 7046 196 1043 3 1448 212 224 2119 101 4 48 2
1647450967 1379 4719 3428 306793 2331 857 158 215 7046 196 1043 3 1448 212 224 2119 101 4 48 2
1647796151 1379 4741 3428 306793 2331 857 158 215 7046 196 1043 3 1448 212 224 2119 101 4 48 2
1647805732 1379 4759 3428 306793 2331 857 158 215 7046 196 1043 3 1448 212 224 2119 101 4 48 2
1647806068 1379 4798 3428 306793 2331 857 158 215 7046 196 1043 3 1448 212 224 2119 101 4 48 2
1648144462 1379 4817 3428 306793 2331 857 158 215 7046 196 1043 3 1448 212 224 2119 101 4 48 2
1649370122 1379 4817 3428 306793 2331 857 158 215 7046 196 1043 3 1462 212 224 2119 101 4 48 2
1649457322 1379 4824 3428 306793 2331 857 158 215 7046 196 1043 3 1462 212 224 2119 101 4 48 2
1649457689 1379 4824 3428 306793 2331 857 158 215 7046 196 1043 3 1462 212 224 2119 101 4 48 2
1649461410 1379 4824 3428 306793 2331 857 158 215 7051 196 1043 3 1462 212 224 2119 101 4 48 2
1650065839 1379 4824 3430 306793 2331 857 158 215 7051 196 1043 3 1462 212 224 2119 101 4 48 2
1650589135 1379 4824 3656 306793 2331 857 158 215 7051 196 1043 3 1462 212 224 2119 101 4 48 2
1650635688 1379 4824 3858 306793 2331 857 158 215 7051 196 1043 3 1462 212 224 2119 101 4 48 2
1651554391 1379 4824 3858 306793 2331 857 158 215 7051 196 1043 3 1462 212 224 2119 101 4 48 2
1651554822 1379 4824 3858 306793 2331 857 158 215 7051 196 1043 3 1462 212 224 2119 101 4 48 2
1652059335 1379 4824 3858 306793 2331 857 158 215 7051 196 1043 3 1462 212 224 2119 101 4 48 2
1652181560 1387 4824 3858 306793 2331 857 158 215 7051 196 1043 3 1462 212 224 2119 101 4 48 2
1652850044 1387 4824 3858 306793 2331 857 158 225 7051 196 1043 3 1462 212 224 2119 101 4 48 2
1653327466 1387 4824 3858 306793 2331 857 158 225 7051 196 1043 3 1462 212 224 2119 101 4 48 2
1653327816 1387 4824 3858 306793 2331 857 158 266 7051 196 1043 3 1462 212 224 2119 101 4 48 2
1653877677 1387 4826 3858 306793 2331 857 158 266 7051 196 1043 3 1462 212 224 2119 101 4 48 2
1653982744 1387 4826 3858 306793 2331 857 158 266 7051 196 1043 3 1462 212 224 2119 101 4 48 38
1654041633 1387 4826 3858 306793 2331 857 158 266 7051 196 1043 3 1462 212 224 2119 101 4 48 38
1654540637 1387 4826 3858 306793 2331 857 158 266 7051 196 1043 3 1462 212 224 2119 101 6 48 38
1654573257 1387 4826 3858 306793 2331 857 158 266 7051 196 1043 3 1462 212 224 2119 101 6 48 58
1654784436 1387 4826 3858 306793 2331 857 158 269 7051 196 1043 3 1462 212 224 2119 101 6 48 58
1655150704 1387 4826 3858 306793 2331 857 158 269 7062 196 1043 3 1462 212 224 2119 101 6 48 58
1655157241 1387 4826 3858 306793 2331 857 158 273 7062 196 1043 3 1462 212 224 2119 101 6 48 58
1655271126 1391 4826 3858 306793 2331 857 158 273 7062 196 1043 3 1462 212 224 2119 101 6 48 58
1655799561 1391 4826 3858 306793 2331 857 158 273 7063 196 1043 3 1462 212 224 2119 101 6 48 58
1655807518 1391 4826 3858 306793 2331 857 158 273 7063 196 1043 3 1475 212 224 2119 101 6 48 58
1655851563 1391 4826 3858 306793 2331 857 158 273 7063 196 1043 3 1475 212 224 2119 101 6 48 58
1655853821 1391 4826 3858 306793 2331 857 158 300 7063 196 1043 3 1475 212 224 2119 101 6 48 58
1655854178 1391 4826 3858 306793 2331 857 158 300 7063 196 1043 3 1475 212 224 2119 101 6 48 58
1655855087 1391 4826 3858 306793 2331 857 158 300 7063 196 1043 3 1475 212 224 2119 101 6 48 58
1656423351 1391 4826 3860 306793 2331 857 158 300 7063 196 1043 3 1475 212 224 2119 101 6 48 58
1656432171 1391 4826 3860 306793 2331 857 158 301 7063 196 1043 3 1475 212 224 2119 101 6 48 58
1656599987 1391 4826 3860 306793 2331 857 158 356 7063 196 1043 3 1475 212 224 2119 101 6 48 58
1656602750 1405 4826 3860 306793 2331 857 158 356 7063 196 1043 3 1475 212 224 2119 101 6 48 58
1656607396 1405 4826 3860 306793 2331 857 158 356 7063 196 1043 3 1475 287 224 2119 101 6 48 58
1656645852 1405 4826 3860 306793 2331 857 158 356 7063 196 1351 3 1475 287 224 2119 101 6 48 58
1657599284 1405 4826 3954 306793 2331 857 158 356 7063 196 1351 3 1475 287 224 2119 101 6 48 58
1657657810 1405 4826 3954 306793 2331 857 158 690 7063 196 1351 3 1475 287 224 2119 101 6 48 58
1657659122 1405 4826 3954 306793 2331 857 158 690 7063 196 1354 3 1475 287 224 2119 101 6 48 58
