1537472528 203
1537477577 285
1538534278 318
1539027241 359
1539027976 361
1539028222 362
1541498811 362
1541779728 369
1542525311 368
1542538384 418
1542538420 417
1542538605 385
1542538762 409
1542541582 421
1542542164 421
1542543497 422
1542547506 429
1544996095 438
1547819843 527
1547933077 581
1547933402 584
1547992431 956
1547993744 986
1547998583 991
1547998607 999
1547998648 29761
1547998831 29766
1547999350 29772
1548941505 29781
1549009603 29814
1549883549 29988
1549915839 29821
1549915915 29824
1549915947 29825
1549916178 29840
1549916226 29840
1549973381 29894
1549975894 29993
1549989583 30076
1549989605 30076
1550068865 30079
1550068883 30079
1551441361 30099
1551976477 30133
1552085995 30136
1552086052 30136
1554299017 30158
1556032476 30151
1556113649 30150
1557330750 30150
1557330922 30154
1557331099 30200
1557499369 30256
1557950087 30254
1558006750 30255
1558080385 30254
1558086326 30250
1558337352 30250
1559057067 30357
1559126165 30362
1559589900 30396
1559660021 30422
1559660434 30434
1559665746 30509
1560800435 30509
1560924093 30511
1560927345 30537
1562587918 30540
1562671867 30562
1563187404 30562
1564120525 30564
1565184522 30565
1565185306 30591
1565185698 30633
1565261091 30646
1565268994 30647
1570802557 30657
1570806085 30687
1571140266 30688
1573047959 30693
1574776545 30697
1576856806 30719
1576871117 30737
1579287914 30739
1580039821 30743
1580041244 30771
1580819899 30938
1580828805 30941
1580829177 30941
1580829289 30942
1580832970 30939
1580833065 30949
1581080285 30956
1581447685 30961
1582236278 31791
1583312847 30947
1583763227 30949
1584996352 32071
1585820600 31792
1587126862 31792
1587127415 31796
1588774923 32025
1590743282 32025
1593172010 32025
1593635200 32025
1593779484 32148
1594300583 32323
1595229934 32323
1596292942 32337
1596807321 32339
1596808740 32355
1597147072 32355
1597734797 32355
1599110358 32355
1599110618 32355
1599113198 32361
1599113217 32361
1600274839 32852
1600339160 32856
1600716781 32871
1601303760 32873
1601565925 32918
1601748366 32918
1601899041 32997
1601900212 33035
1601980575 33022
1601994436 33022
1601995099 33022
1602083245 33025
1602085099 33025
1602101726 33057
1602177673 33085
1602180326 33085
1602506653 33085
1602859568 33086
1603449133 33112
1605075059 33098
1606143909 33109
1606144052 33109
1606144177 33109
1607682618 33109
1609837578 33109
1611568501 33109
1613003520 33109
1614890900 33121
1614890941 33121
1614891008 33127
1616438719 33127
1616439105 33251
1617291899 33253
1617292623 33253
1617702450 33251
1617724233 33255
1619180092 33255
1619180480 33255
1620043216 33272
1620209168 33294
1620209419 33293
1621600637 33293
1621600750 33370
1621600782 33370
1621602991 33366
1621608311 33420
1623065526 33433
1625255190 33433
1625855624 33447
1626069407 33447
1626076094 33315
1626429990 33319
1626439030 33675
1626439873 33675
1628783111 33679
1628790989 33683
1628793486 33688
1628844682 33688
1629716698 33688
1630667607 33688
1631532739 33691
1631532853 33708
1633971688 33712
1634139009 33720
1637787992 33775
1638775182 33775
1638990264 33814
1642760560 33814
1643316557 33880
1643661225 33878
1646242462 33903
1646416480 33936
1646829384 34023
1649089281 34027
1650683829 34027
1654266086 34031
1655295198 34038
1655730526 34037
1657019483 34070
