1467061367 0
1467061406 79693
1468333516 79716
1468337888 79704
1468340741 79705
1473363975 79716
1475597740 85390
1476473029 88908
1476481659 88907
1478017443 89625
1480704346 92867
1483455979 95544
1484870440 102199
1484870777 102199
1484924512 102212
1486651195 105998
1488475992 106000
1495211820 121673
1504191125 138256
1507649161 146412
1507652405 146429
1507727037 146430
1510093630 146436
1511379073 149249
1511876405 149250
1511876453 149253
1512066892 149679
1512075695 149703
1512392383 149701
1513015575 150576
1513093748 150564
1516282676 150564
1517325952 152980
1521049039 158440
1521135144 158434
1521145086 158732
1521218169 158732
1521472795 158772
1521652767 158814
1521655608 158843
1521835627 158619
1522074412 158625
1522085468 158618
1522086250 158627
1522086667 158644
1522271161 158670
1522704206 158528
1523038888 158733
1523975242 159969
1524002650 159969
1524602322 163923
1524687175 163937
1525788391 164858
1526303926 164843
1528820003 164843
1528835957 166226
1528903260 166197
1529944569 168837
1530202244 167876
1532006278 167882
1532703987 180597
1533233403 180992
1533322349 181455
1533667062 181615
1533853326 181621
1534185851 181291
1534199548 181293
1534261550 181346
1534543854 182359
1539003991 180448
1539892535 179730
1541004822 192160
1542835104 198153
1543517650 198075
1543596685 198367
1544538007 200853
1544564800 201068
1546959828 202687
1546983439 203125
1548962915 203126
1551196496 203126
1551196587 191178
1552315641 193719
1552396513 193719
1552409299 193719
1552409314 193658
1552488009 193658
1552685489 195544
1552799887 195544
1552923247 195521
1552923513 195521
1552925846 196016
1552935593 196020
1553015580 196000
1553193042 196328
1553268307 196360
1553527264 196371
1553528580 196401
1553530317 196379
1553544569 196524
1553605152 196527
1553616956 196620
1553622106 196618
1553628878 196411
1553634448 196443
1553635355 196433
1553635372 196423
1553635391 196413
1553636283 196478
1553790453 196493
1553793244 196499
1553797097 196505
1553797730 196500
1553871210 196632
1553879769 196599
1553881451 196560
1553881626 196590
1553885048 197029
1553885472 197155
1553894133 197002
1554209108 197002
1554217132 197006
1554228018 197006
1554228649 197006
1554237741 197006
1554237770 197006
1554241934 197003
1554242227 197012
1554340958 197037
1554394373 197037
1554394655 197042
1554399145 197008
1554478418 197101
1554488889 197101
1554492538 197089
1554500044 197090
1554562634 197090
1554736357 197091
1554740755 197086
1554744721 197095
1554862642 197093
1554912004 198466
1554912013 197186
1554912096 198466
1554912303 198466
1554912864 198466
1554923655 198468
1554926854 198666
1554927118 198673
1554933034 198676
1554934071 198689
1554934243 198700
1554938293 198693
1554938489 198978
1554938620 198451
1555000350 198451
1555001148 198451
1555003898 198451
1555008668 198467
1555009138 198426
1555010276 198217
1555011053 198224
1555011447 198679
1555011730 198695
1555014346 198660
1555014488 198667
1555088206 198741
1555103506 198862
1555112918 198880
1555114202 198895
1555350844 198899
1555351807 198948
1555354436 198951
1555414022 194626
1555431325 194664
1555431801 194666
1555432143 194675
1555446263 194675
1555454170 191139
1555595413 191130
1555602433 191130
1555604913 191130
1555606882 191130
1555610054 191131
1555612999 191131
1555636092 191266
1555689850 191260
1555700912 191260
1555702452 191300
1555946293 191300
1555948587 191302
1555950084 191333
1555967171 191340
1556031535 191339
1556032128 191339
1556036902 191349
1556042998 191349
1556046979 191812
1556059208 191805
1556109001 191814
1556109086 191815
1556112076 191788
1556116814 191789
1556116826 191789
1556122155 191789
1556131407 191947
1556135885 191947
1556137419 191949
1556150259 191958
1556193441 191921
1556212418 191917
1556212692 191917
1556217205 191933
1556234235 191954
1556280539 191952
1556293816 192278
1556317005 192281
1556324831 192281
1556538148 192283
1556547490 192283
1556547750 192276
1556560408 192292
1556573064 192407
1556574807 192411
1556581021 192470
1556636093 192484
1556642961 192491
1556643910 192540
1556649295 192703
1556715714 192640
1556727325 192646
1556734573 192741
1556741069 192745
1556741384 192745
1556741571 192808
1556741841 192811
1556743549 192811
1556754641 192813
1556761319 192812
1556811106 193068
1556811113 193071
1556835447 193183
1556837135 193183
1557156403 193353
1557161774 193490
1557171632 193485
1557174949 193371
1557248869 193372
1557248887 193388
1557249457 193388
1557249565 193411
1557330218 193413
1557330319 193433
1557338986 193508
1557341307 193508
1557347059 193517
1557417539 193520
1557503896 193541
1557755783 193540
1557756623 193540
1557756865 193541
1557762528 193542
1557762604 193547
1557772278 193551
1557775832 193558
1557775916 193562
1557780460 193562
1557838531 193562
1557841515 193664
1557855428 193664
1557859773 193740
1557927383 193754
1557952945 193732
1557966273 193732
1558011575 193796
1558024198 193819
1558032559 193819
1558035099 193853
1558112256 193856
1558118116 194036
1558118471 194019
1558204289 194030
1558364582 194103
1558368877 194177
1558372022 194184
1558409168 194184
1558455089 194227
1558538215 194197
1558538625 194237
1558629560 194237
1558630501 194230
1558630864 194256
1558635977 194257
1558638062 194385
1558711340 194378
1558712176 194357
1558714694 194379
1558722077 194466
1558722857 194490
1559057960 194442
1559060657 194441
1559063331 194444
1559063673 194445
1559064567 194447
1559138536 194447
1559138601 194593
1559144906 194593
1559145686 194597
1559151149 194594
1559151863 194579
1559166554 194580
1559166863 194587
1559169862 194608
1559231953 194635
1559233336 194621
1559237302 194621
1559240661 195146
1559241117 195148
1559309280 195158
1559310378 195128
1559311249 195204
1559320442 195149
1559328016 195152
1559332697 195174
1559333595 195554
1559387270 195555
1559567752 195592
1559573662 195661
1559574450 195711
1559577806 195819
1559590700 195839
1559594474 195839
1559669538 195840
1559683471 195846
1559765332 195845
1559777632 197463
1559835847 197684
1559849391 197686
1559857333 197692
1559862347 197722
1559863852 197726
1559925680 198578
1559926028 198579
1559932149 198579
1559937794 198633
1560167834 198509
1560182565 198511
1560183842 198536
1560273679 199183
1560287974 199715
1560288575 199722
1560350851 199744
1560351288 199753
1560369051 199732
1560370361 199757
1560479769 199758
1560527400 199692
1560540874 199694
1560540980 199690
1560614475 199699
1560809212 199703
1560869032 199709
1560879959 199832
1560963689 199957
1560972381 199946
1561045733 199951
1561050538 199977
1561065441 200120
1561067308 200118
1561072953 201913
1561130121 201830
1561141965 201840
1561400093 201844
1561417087 201813
1561473228 201821
1561473788 202011
1561484986 202020
1561486845 202116
1561642585 202390
1561649939 202390
1561724893 202407
1561751530 202410
1562071728 202495
1562073760 202505
1562085796 202507
1562169547 202493
1562587431 202493
1562602442 202475
1562627283 202469
1562628110 202473
1562677489 202535
1562693183 202565
1562694651 202572
1562698061 202601
1562699692 202575
1562763346 202588
1562763443 202593
1562797132 202630
1562797584 202711
1562803192 202725
1562879668 202738
1562900717 202738
1562935288 203006
1562935936 203010
1562937096 203117
1562939561 203110
1562943592 203114
1562949399 203065
1562950798 203065
1562950818 203091
1562953584 203113
1562954023 203115
1563199139 203114
1563201298 203119
1563204235 203124
1563293995 203119
1563295292 203119
1563302563 203138
1563372967 203134
1563378545 203623
1563550001 203803
1563561520 203801
1563802093 203834
1563813842 203902
1563821863 203905
1563829034 203917
1563898336 203980
1563902524 203985
1563905716 203986
1563907909 203999
1563914621 204121
1563979853 204125
1563992903 204132
1563997323 204132
1563998709 204127
1564013599 204126
1564064647 204264
1564085553 204264
1564087697 204276
1564094908 205631
1564415642 205648
1564422206 205629
1564422312 205643
1564424758 205645
1564502882 205648
1564510244 205652
1564600664 205763
1564690572 205783
1564746927 205785
1564752163 205805
1564756619 205851
1564769913 205851
1564948225 205908
1565027025 205909
1565038197 205913
1565043137 206453
1565096203 206448
1565097540 206448
1565109402 206450
1565113285 206580
1565120554 207267
1565207303 206974
1565216465 206981
1565292015 207075
1565293577 207447
1565298877 207451
1565364423 207926
1565365408 208232
1565387239 208458
1565614408 208524
1565615686 208542
1565620325 208582
1565626103 208582
1565627741 208582
1565644819 208558
1565709424 208565
1565720912 208565
1565729102 208565
1565803813 208615
1565804050 208615
1565897744 208621
1565975796 208683
1566220169 208692
1566231115 208614
1566245042 208618
1566312739 208618
1566313987 208726
1566327386 208749
1566410333 208967
1566483898 208986
1566492378 209019
1566579099 209193
1566829949 209196
1566851891 209216
1566856322 209218
1566858049 209227
1566860427 209227
1566918569 209552
1566924765 209555
1566925432 209481
1566925840 209457
1566926111 209459
1566926953 209460
1566930255 209460
1566935524 211375
1567006449 211439
1567008029 211443
1567010616 211443
1567011127 211436
1567103089 211465
1567179538 211467
1567199232 211467
1567519539 211467
1567523020 211382
1567528659 211389
1567533241 211381
1567535459 211397
1567546358 211401
1567616670 211404
1567617018 211402
1567618513 207145
1567620422 207143
1567624282 207126
1567778625 207135
1567791792 207155
1568061931 207227
1568217922 207226
1568218147 207239
1568228769 207239
1568318233 207275
1568319458 207275
1568411371 207275
1568411415 207338
1568654799 207344
1568666683 207348
1568725730 207343
1568811258 207358
1568812441 207356
1568831721 207362
1568901242 207486
1569264439 207618
1569271046 207611
1569408389 207671
1569415948 207676
1569416857 207670
1569435480 207686
1569436173 207707
1569436973 207728
1569439479 207749
1569455549 207753
1569461438 207754
1569517786 207763
1569519604 207763
1569525267 207763
1569534358 207763
1569535349 208408
1569597617 208412
1569603159 208556
1569606834 208559
1569862660 208563
1569949301 208565
1569949458 208559
1569955151 208565
1569959466 208563
1569960958 208582
1569965619 208583
1570021840 208584
1570036400 208587
1570041220 208647
1570047472 208658
1570130087 208658
1570144457 208656
1570224513 208732
1570489541 208797
1570549585 208844
1570554599 208844
1570588687 208844
1570640455 208851
1570649975 208848
1570658277 209035
1570726437 209057
1570737153 209062
1570744974 209124
1570745135 209282
1570796666 209340
1570803743 209400
1570808241 209596
1570809931 209596
1570810225 209604
1570818147 209794
1571079563 209798
1571082944 209876
1571084285 209972
1571158923 209974
1571161410 209913
1571162063 209959
1571165940 210089
1571168960 210095
1571229240 210626
1571231100 210937
1571247270 210960
1571248736 211031
1571251607 210441
1571257558 210492
1571262478 210698
1571264765 210488
1571329711 210536
1571331584 210011
1571333740 210241
1571339989 210240
1571342493 212671
1571413155 212752
1571424198 212732
1571435682 212780
1571436879 212837
1571673698 212715
1571687167 212722
1571752779 212719
1571759573 212739
1571766544 212719
1571785441 212722
1571785570 212718
1571835508 212761
1571849036 212768
1571936265 212825
1571951039 212778
1572019289 213450
1572025890 213593
1572364749 213597
1572369617 213896
1572374557 213928
1572442922 213953
1572449557 213990
1572453793 214024
1572547807 215191
1572623924 215191
1572626519 215198
1572627833 215205
1572639291 215205
1572883087 215209
1572892538 215212
1572956353 215221
1572963944 215223
1572966615 215227
1572966677 215237
1572971357 215441
1572974217 215445
1572978941 218167
1572987845 218249
1573051310 218265
1573059708 218271
1573153072 219154
1573162304 219154
1573219673 219183
1573228337 219193
1573235360 219294
1573242709 219294
1573243124 219357
1573463584 219456
1573472418 219456
1573475852 219476
1573482337 219476
1573484358 219523
1573485216 218410
1573493970 218417
1573494615 218426
1573507174 218430
1573592213 218456
1573643838 218456
1573644438 218456
1573649291 218461
1573656323 218561
1573743220 218561
1573750956 218567
1573842365 218567
1573844176 218567
1573847828 218657
1574087100 218804
1574090679 218804
1574091616 218804
1574095599 218774
1574104520 218774
1574186085 218956
1574191627 219040
1574202360 219040
1574268671 218944
1574283880 218944
1574286675 218943
1574287596 218946
1574288291 218987
1574351753 219150
1574352657 219151
1574356186 219222
1574360207 219325
1574375270 219341
1574376613 219349
1574444802 219350
1574448642 219566
1574449709 219814
1574713952 219785
1574714236 219896
1574719538 219900
1574722877 219904
1574722966 219905
1574803122 219909
1574803626 219909
1574873967 219819
1574890981 219808
1574945635 219889
1575307016 220088
1575311203 220088
1575313071 220291
1575314085 220295
1575318288 220293
1575381561 220337
1575392088 220355
1575400789 220400
1575411323 220718
1575426467 220688
1575492921 220739
1575505786 220772
1575505811 220816
1575505938 220911
1575562283 220911
1575566549 220940
1575572363 220981
1575577927 220981
1575578577 220985
1575664307 220996
1575931753 221662
1575965903 221684
1576009927 221684
1576083846 221775
1576526057 221779
1576535542 221783
1576625014 221979
1576776688 222029
1577465622 222640
1578027218 222706
1578084272 222837
1578095054 222895
1578095083 222991
1578168820 223065
1578325015 223108
1578411501 223107
1578413817 223167
1578424874 223170
1578429881 223202
1578496212 223296
1578497425 223295
1578504256 223319
1578511618 223724
1578515306 223724
1578525882 223728
1578596356 223314
1578597910 223314
1578604410 223316
1578617409 223605
1578672805 223638
1578930096 223642
1579021124 223686
1579021676 223773
1579022908 223774
1579025589 223859
1579026749 223864
1579035234 223868
1579127057 223852
1579128117 223885
1579196711 223885
1579288762 223883
1579353126 223894
1579633975 224001
1579641114 224046
1579717873 224071
1579827763 224073
1580139983 224072
1580148793 224080
1580169862 224084
1580226173 224114
1580235610 224114
1580235912 224114
1580237639 224190
1580243170 224200
1580308694 224200
1580322967 224351
1580326381 224351
1580338117 224218
1580407321 224251
1580415956 224251
1580421278 224253
1580460632 224276
1580486451 224576
1580494427 226747
1580494523 226747
1580512153 226760
1580742833 226919
1580746520 224420
1580748788 224466
1580760259 224433
1580773253 224431
1580778132 223910
1580835386 225886
1580836776 224966
1580837884 224929
1580851633 224657
1580913120 224660
1580918690 225059
1580921170 225059
1580935065 224524
1581013569 224542
1581026168 224475
1581035087 224538
1581118891 224556
1581125005 224580
1581356931 224569
1581361165 224849
1581379164 224849
1581443084 224853
1581452482 224899
1581632404 224919
1581709605 224948
1582129625 224949
1582129929 224908
1582137713 224913
1582138982 224947
1582162429 224947
1582214797 221669
1582216448 221744
1582217897 219324
1582218001 219753
1582221148 219477
1582221275 219387
1582221921 219205
1582234903 218515
1582313643 218544
1582318784 218544
1582323491 217892
1582325217 217892
1582326041 217892
1582555607 217893
1582561221 217905
1582570377 218029
1582570613 218029
1582573769 217696
1582587097 217702
1582658687 217702
1582735346 217651
1582735641 217661
1582825714 217761
1582839233 217762
1582851476 217762
1582912033 217842
1583164911 217843
1583174173 217853
1583186284 217853
1583187489 217853
1583252617 217860
1583262176 217855
1583263398 218105
1583266022 218120
1583268339 218198
1583274499 218235
1583276247 221121
1583346298 221160
1583423778 221234
1583430030 221251
1583430390 221465
1583430451 221465
1583435165 222513
1583448644 222361
1583528785 222497
1583759095 222556
1583923858 222556
1583946332 222556
1583961635 222394
1583963460 222397
1584037794 222379
1584049083 222380
1584052574 222242
1584121438 222242
1584126430 222254
1584134694 222269
1584364922 222263
1584393944 221718
1584651745 221723
1584728755 221767
1584729962 221767
1584748460 222246
1585011355 222258
1585020899 222392
1585093041 222499
1585267526 222683
1585591322 222683
1585607421 222689
1585690585 222701
1585696670 222701
1585851260 223708
1585851904 223922
1585853254 224196
1585957063 224206
1585957697 224295
1585960226 224346
1586302503 224328
1586367045 224326
1586450652 224301
1586474975 224305
1586803625 224322
1586822180 224322
1586823041 224240
1586823047 223741
1586900182 221963
1586904655 221971
1587174357 221983
1587384973 222000
1587589204 222004
1587676760 222017
1587771682 222017
1587772939 222017
1587774263 222407
1588011310 222209
1588013824 222209
1588189020 222208
1588206374 222208
1588274582 222208
1588689444 222209
1588731898 222212
1588784553 222212
1588788789 222216
1588877959 222223
1588951655 222225
1588954992 222237
1588956579 222239
1588968806 222275
1589212526 222277
1589243709 222308
1589395399 222308
1589491909 222319
1589558092 222320
1589577919 222476
1589890426 222476
1590085588 222473
1590506133 222469
1590595420 222473
1590631983 222473
1590773870 222473
1590775632 222431
1590781938 222300
1590783359 219937
1590784424 220047
1590794353 219046
1590794711 218885
1590795091 220001
1590795312 219999
1591037525 220015
1591039266 220118
1591041883 220009
1591046180 219979
1591057706 219711
1591119501 219402
1591134124 219402
1591198019 219421
1591207370 219423
1591214346 219453
1591215236 219453
1591225030 219423
1591295506 217339
1591301664 217339
1591302570 215726
1591303390 215726
1591304244 215726
1591370946 215727
1591374320 215740
1591376206 215740
1591377365 215740
1591381317 215750
1591382482 215877
1591382709 215878
1591382959 215878
1591716391 215883
1591742551 215893
1591805401 215914
1591806245 215726
1591816797 215777
1591834365 215663
1591842997 215710
1591899792 215710
1591900607 215636
1591903717 215639
1591920581 215641
1591921251 215689
1591922214 215698
1592233943 215711
1592249677 215722
1592254419 215726
1592281605 215712
1592336448 216202
1592403048 216202
1592421747 215712
1592427333 215741
1592427806 215744
1592429651 215756
1592430423 216171
1592490763 216165
1592507944 216197
1592523032 216213
1592542559 216210
1592567212 216288
1592839274 216288
1592941276 216392
1593016556 216392
1593064368 216490
1593109052 216490
1593452122 216501
1593455841 216512
1593471298 216512
1593526427 216512
1593534694 216512
1593578378 216512
1593617567 216515
1593627408 216686
1593627818 216680
1593627959 216683
1593631021 216683
1593636441 216722
1594061327 216731
1594131592 216762
1594142346 216847
1594155313 216853
1594156339 216898
1594164692 216896
1594226678 216892
1594232173 216953
1594316585 216953
1594319827 216957
1594320263 216957
1594390331 217395
1594667206 217399
1594756846 217513
1594829354 217523
1594961746 217673
1595009565 217675
1595010320 217793
1595013272 217867
1595013777 217867
1595033494 217875
1595262310 217938
1595276679 217938
1595368244 217705
1595377837 217699
1595436283 217731
1595452658 217731
1595456404 217664
1595461048 217991
1595524775 217993
1595530909 218000
1595599778 218000
1595617071 218012
1595871428 218012
1595873107 218012
1595894021 218014
1595956283 218018
1595966537 218018
1596055352 218018
1596055437 218040
1596055510 218084
1596055960 218084
1596121802 218085
1596121870 218099
1596171312 218273
1596176153 218117
1596470385 218138
1596524744 218138
1596569169 218138
1596574387 218143
1596584893 218198
1596585007 218239
1596587501 218295
1596606058 218101
1596629995 218197
1596633090 218207
1596637032 218324
1596638645 218323
1596676591 218319
1596723272 218291
1597093016 218292
1597109358 217916
1597127474 217828
1597197972 217829
1597255906 217841
1597275922 217834
1597281477 217834
1597347926 217849
1597360590 217849
1597687181 217851
1597711768 217841
1597793931 217842
1597878499 218364
1597895483 218390
1597942295 218390
1597958019 218407
1598330118 218413
1598492033 218420
1598496014 218420
1598503903 218431
1598565672 218387
1598576052 218513
1598998859 218519
1599007750 218503
1599070575 218503
1599170244 218595
1599622026 218595
1599622254 218595
1599641473 218595
1599718257 218609
1599777430 218087
1600011410 218081
1600081855 218084
1600088447 218086
1600113445 218085
1600120054 218076
1600120782 218115
1600121328 218120
1600130507 218296
1600221520 218296
1600227683 218297
1600278577 218297
1600451524 218352
1600711881 218362
1600831436 218368
1600974607 218378
1600997949 218475
1601284598 218472
1601347536 218329
1601415649 218293
1601572923 218335
1601684907 218338
1601919475 218635
1601939716 218629
1601944824 218638
1601967781 219134
1601968819 219143
1602008521 219143
1602027295 219230
1602110993 219247
1602508151 219254
1602633986 218278
1602634605 218278
1602715914 218278
1602725567 218348
1602728002 218424
1602737953 218284
1602744708 218284
1602824145 218355
1603129250 218543
1603134790 218543
1603230822 218599
1603258771 218610
1603301689 218611
1603389146 218613
1603389778 218686
1603410341 218688
1603471801 218760
1604084467 218765
1604085369 218735
1604089363 218728
1604089495 217535
1604118981 217536
1604120060 217541
1604120107 217541
1604120122 217535
1604120283 217520
1604120524 217518
1604302241 217520
1604357853 217520
1604358126 217561
1604520626 217561
1604608885 217561
1604624820 217589
1604944599 217596
1604967150 217728
1605019401 217731
1605028874 217734
1605030514 217734
1605030701 217773
1605035390 217976
1605108780 217973
1605113895 218114
1605114075 218109
1605187262 218259
1605192657 218197
1605205713 218077
1605206088 218079
1605277966 218079
1605280443 218079
1605297753 218547
1605521772 218547
1605522005 218546
1605556642 218548
1605558295 218550
1605559827 218550
1605571361 218550
1605637628 218550
1605672416 218550
1605808736 218550
1605886822 218550
1605888675 218550
1606156783 218864
1606166869 218864
1606218374 218867
1606328319 218882
1606328647 218882
1606750037 218894
1606756726 218958
1606814878 218958
1606854846 218981
1606944705 218985
1607012186 218988
1607122095 219052
1607354181 219076
1607372487 219026
1607544625 219865
1607563176 220128
1607564151 220149
1607604983 220152
1607634015 220281
1607722968 220280
1607722977 220280
1607982583 220280
1607985814 220334
1607991775 220834
1607993766 220968
1607995776 222690
1608043066 223280
1608045164 223280
1608106475 223280
1608146808 223665
1608163997 223711
1608249539 223872
1608251483 223873
1608594139 224120
1608744396 224123
1608756989 224180
1608767793 224304
1608768327 224304
1608771110 224334
1609956498 224335
1609958997 224345
1609969879 224345
1609974774 224345
1610090194 224364
1610098337 224364
1610127730 230269
1610249415 230270
1610338353 230308
1610356245 230926
1610379166 230924
1610396812 230935
1610465408 230935
1610471962 230935
1610512006 230935
1610565237 230946
1610608663 231052
1610612160 231083
1610660852 231083
1610668828 231055
1610701746 231055
1610747435 231066
1611134487 231066
1611240780 231082
1611259084 231083
1611274546 231127
1611276867 231132
1611630146 231144
1611635949 231148
1611652352 231148
1611654668 231171
1611665781 231233
1611762284 231258
1611769411 231256
1611915968 231317
1611917591 231451
1611933317 231567
1611935906 231574
1611949291 231574
1611951900 231580
1611959733 231607
1612185288 231607
1612189540 231607
1612203462 231611
1612223613 231610
1612280485 231610
1612301218 231610
1612359556 231611
1612379446 231701
1612386895 231706
1612415148 231730
1612429052 231733
1612435790 231733
1612479553 231675
1612805497 231680
1612861026 231759
1612907791 231763
1612945667 231741
1612980659 231746
1612989485 231763
1613058310 232151
1613087235 232196
1613104599 232196
1613105530 232185
1613131369 232207
1613145616 232207
1613419574 232220
1613465686 232221
1613468859 232764
1613486901 232764
1613493801 232764
1613506100 232761
1613554347 232795
1613555360 232795
1613559247 232872
1613571231 232893
1613571261 232877
1613581238 232900
1613582267 232904
1613585435 232909
1613589290 232905
1613615091 232914
1613639864 232917
1613679513 232922
1613679998 232923
1613694944 232922
1614025053 232963
1614069611 232963
1614072508 232963
1614077265 232963
1614081587 233014
1614094454 233014
1614112439 233011
1614168027 233012
1614179411 233102
1614273124 233101
1614280375 233117
1614366006 233120
1614366371 233120
1614366423 233120
1614369677 233123
1614613395 233124
1614640107 232433
1614704682 232433
1614705076 232433
1614710820 232435
1614764864 232433
1614768333 232218
1614831287 232270
1614864430 232271
1614873693 232289
1614991585 232364
1615197845 232391
1615307885 232207
1615322847 232492
1615360874 232505
1615458867 232505
1615481032 232508
1615493829 232613
1615495091 232613
1615495401 232617
1615501879 233476
1615581676 233719
1615715438 233809
1615835721 233856
1615837213 233943
1615869114 233953
1615906190 233952
1615908426 233952
1615923710 233952
1615986669 233953
1616081875 233843
1616096411 233846
1616100929 233850
1616455486 231962
1616501310 231924
1616515011 232179
1616536345 232179
1616542607 232308
1616548017 232289
1616659649 232195
1616677590 232195
1616679593 232195
1616680653 232224
1616682362 232235
1616687420 232235
1616691485 232235
1616693763 232235
1616696105 232233
1616707856 232237
1617001492 232238
1617006682 232240
1617038692 232245
1617070801 232807
1617184225 232776
1617305496 232786
1617387478 232786
1617404283 232792
1617645339 232805
1617693098 232745
1617700608 232745
1617700629 232745
1617723175 232745
1617729344 232749
1617783648 232752
1617816844 232813
1617869663 232813
1617872546 232674
1617881185 232672
1617898813 232670
1617899231 232670
1617909782 232678
1617914660 232898
1617942662 232871
1617954574 232879
1617961364 232891
1617961420 232891
1617962222 232909
1617963702 232901
1617987980 232912
1617989282 232890
1617995793 232939
1618243609 232942
1618253134 233505
1618256166 233505
1618325697 233510
1618418090 233526
1618421303 233538
1618431819 233905
1618436706 233917
1618455731 233930
1618486090 233942
1618504956 233942
1618602912 233941
1618612122 233941
1618819954 234046
1618842033 234045
1618846460 234050
1618856329 233980
1618861345 234043
1618878807 234053
1618931185 234052
1618990747 234110
1619019309 234106
1619027520 234010
1619029082 233979
1619031381 233948
1619076341 233944
1619077384 233903
1619077928 233891
1619078221 233879
1619078463 233829
1619080275 233778
1619080749 233760
1619082170 233739
1619082452 233688
1619082693 233598
1619083676 233565
1619094678 233534
1619100502 233695
1619106559 233823
1619162975 233821
1619163087 233821
1619399320 234996
1619510085 235148
1619539656 235154
1619563179 235159
1619565721 235333
1619636847 235333
1619699282 235331
1619726397 235331
1619797359 235324
1620233401 235322
1620234201 235320
1620239095 235334
1620316378 235335
1620330948 235347
1620376258 235394
1620641099 234228
1620651614 234548
1620651924 235077
1620652849 235094
1620736380 235094
1620754710 235112
1620805058 235116
1620816045 235116
1620859293 234570
1620859509 234485
1620860436 234401
1620863236 234399
1620928134 233644
1620984485 233898
1621239527 233897
1621262121 233892
1621282779 233893
1621286124 233895
1621329766 233895
1621335133 234303
1621344743 234303
1621349839 234332
1621353920 234304
1621355843 234304
1621358518 234315
1621365043 234318
1621378400 234319
1621425962 234317
1621428705 234408
1621442488 234413
1621500736 234454
1621534001 234481
1621537231 234719
1621550937 235171
1621552366 235211
1621590618 235212
1621599435 235210
1621604871 235213
1621605629 235234
1621896779 236392
1621929988 236398
1621932761 236606
1621939217 236606
1621939866 236614
1621961899 236614
1622063969 236550
1622107618 236628
1622115090 236590
1622116650 236630
1622123337 236487
1622452254 236491
1622500240 236500
1622523822 236526
1622550154 236597
1622572067 236642
1622574126 236646
1622586134 236628
1622624663 236612
1622631279 236628
1622656982 236620
1622802837 236656
1622820521 236656
1622821732 236656
1623136571 236659
1623141768 236659
1623148964 236659
1623184907 236659
1623190472 236659
1623212439 236662
1623262886 236692
1623342122 236637
1623344860 236634
1623400813 236476
1623408191 236395
1623411066 236235
1623417333 236088
1623419584 236025
1623420234 236014
1623424793 235899
1623441570 235903
1623447860 235903
1623658028 235767
1623659351 235877
1623748040 235877
1623754281 235877
1623776698 235916
1623789937 235916
1623790345 235916
1623795745 235914
1623828989 235914
1623829896 235914
1623834847 235928
1623847720 235928
1623938952 235928
1623951128 235928
1624043814 235926
1624045257 235934
1624056583 235946
1624057312 235949
1624058991 235957
1624099550 235957
1624099608 235957
1624144483 235957
1624260703 235965
1624261380 235973
1624298994 235973
1624299898 235977
1624300194 235966
1624308828 235974
1624324637 235956
1624333524 235956
1624344790 235957
1624397745 235930
1624434870 235930
1624542894 235936
1624566966 235936
1624574005 235936
1624621301 236051
1624654355 236053
1624676043 236058
1624863096 236353
1624878213 236353
1624892748 236316
1624893457 236430
1624903257 236447
1624906311 236423
1624909208 236423
1624953944 236423
1624958049 236428
1624958382 236563
1624991240 236625
1624993848 236619
1625060211 236625
1625163438 235972
1625214960 236077
1625230367 236077
1625240972 236084
1625261065 236085
1625472118 236082
1625477942 236450
1625482249 236476
1625572055 236469
1625581215 236469
1625657833 236471
1625670161 236471
1625754488 236471
1625792435 236471
1625792959 236471
1625825180 236486
1625843572 236486
1625848092 236491
1626082343 236490
1626083027 236484
1626088066 236484
1626102021 236484
1626158593 236485
1626179138 236485
1626179529 236485
1626180780 236485
1626185860 236485
1626187435 236490
1626200758 236639
1626248443 236640
1626249220 236640
1626263566 236638
1626291106 236489
1626307372 236515
1626335933 236519
1626478866 236522
1626765698 236528
1626866413 236542
1626968488 236574
1626998927 236551
1627301067 236557
1627341586 236541
1627351320 236536
1627376797 236537
1627387158 236575
1627388544 236575
1627389000 236580
1627392609 236580
1627393020 236580
1627461754 236580
1627488095 236589
1627548958 236589
1627549369 236589
1627551081 236589
1627558572 236589
1627562436 236589
1627588640 236537
1627589279 236532
1627651773 236578
1627665585 236588
1627679959 236587
1627887776 236590
1627897268 236574
1627916274 236721
1627942178 236773
1627951736 236895
1628006208 236895
1628065670 236914
1628078557 236914
1628147443 236923
1628159051 236923
1628191624 236957
1628249448 236982
1628278343 236982
1628297905 236992
1628585921 236944
1628589197 236948
1628606271 236996
1628615374 236997
1628615386 237001
1628632921 237003
1628669348 237020
1628789103 237020
1628791375 237089
1628799602 237235
1628853139 237072
1629130864 237070
1629145427 237070
1629365807 237772
1629383973 235960
1629386776 236122
1629414555 236133
1629456783 236463
1629465425 236756
1629473535 236796
1629497210 236956
1629577889 236969
1629707922 236956
1629722100 236957
1629722642 236973
1629723527 236973
1629730318 236834
1629744397 236900
1629795185 236900
1629795851 236900
1629855471 236900
1629988963 236900
1630003658 236933
1630106991 237035
1630327001 236026
1630333958 237035
1630396843 237035
1630400931 236026
1630451851 236066
1630541665 235869
1630603449 235869
1630656448 235869
1630668764 235886
1630670451 236005
1630700181 236150
1630918081 236150
1630999623 236151
1631009436 236222
1631012486 236227
1631021403 236228
1631059490 236278
1631094449 236286
1631130784 236287
1631138922 236289
1631150487 236324
1631187685 236324
1631195239 236384
1631205492 236412
1631225630 236469
1631227340 236501
1631254730 235087
1631263814 235091
1631263951 235143
1631264078 235143
1631264216 235141
1631266926 235244
1631267507 235235
1631273173 235241
1631318701 235241
1631528919 235330
1631561173 236084
1631633482 236099
1631880948 236102
1631889074 236099
1631891891 236110
1632151893 236110
1632207003 236120
1632208357 236120
1632221917 236128
1632223144 236128
1632223420 236132
1632298067 236111
1632406398 236124
1632424975 236218
1632725386 236230
1632753145 236169
1632789160 236177
1632789817 236177
1632790100 236169
1632814166 236169
1632906351 235913
1632906687 235720
1632907612 235642
1632907995 235577
1632921697 235577
1632939140 235371
1632957274 235374
1633018674 235378
1633092467 235304
1633342546 235310
1633350002 235311
1633370084 235310
1633387135 235313
1633422207 235321
1633440308 235325
1633475700 235311
1633506504 235319
1633506671 235327
1633602677 235328
1633617310 235329
1633724832 235440
1633738140 235574
1633974409 235638
1634112685 235638
1634114498 235638
1634114753 235638
1634138504 235638
1634159705 235580
1634243479 235580
1634244132 235580
1634309301 235569
1634314528 235580
1634568110 235568
1634569501 235570
1634637643 235574
1634640323 235573
1634676868 235572
1634725253 235352
1634744939 235350
1634767372 235420
1634803099 235422
1634835834 235451
1634891819 235451
1634904766 235439
1635148060 235433
1635154576 235433
1635154922 235424
1635168599 235424
1635184952 235408
1635231571 235408
1635297488 235416
1635356392 235404
1635372247 235412
1635496072 235558
1635881549 235558
1635985296 236633
1636016016 236633
1636021312 236753
1636044330 236814
1636048690 236914
1636122240 236666
1636122946 237129
1636372174 237129
1636407281 237230
1636409194 237482
1636428150 237497
1636445636 237497
1636454032 237497
1636472535 237505
1636475526 237699
1636476403 237728
1636478006 237757
1636538861 237767
1636542905 237767
1636614920 237833
1636639381 237833
1636654963 237840
1636756103 237841
1637008729 237907
1637072413 237912
1637098152 237914
1637112317 237848
1637112802 237748
1637184067 237956
1637208989 238022
1637367416 238047
1637369806 238070
1637846753 238077
1638229495 238077
1638230878 238082
1638260544 238087
1638266163 238087
1638298766 238303
1638356256 238300
1638378666 238302
1638388142 238329
1638394391 238329
1638394821 238323
1638394957 238322
1638444844 238385
1638515907 238385
1638518279 238385
1638527164 238385
1638554210 238449
1638794344 238449
1638992285 238640
1638996482 238644
1639077706 238644
1639123255 238521
1639151709 238521
1639176359 238560
1639390309 238540
1639397596 238504
1639481565 238504
1639482000 238500
1639492296 238501
1639494814 238500
1639998857 238600
1640020558 238627
1640114450 238632
1640161912 238632
1640282940 238596
1640625418 238597
1640767009 238645
1641310875 238656
1641316525 238699
1641372405 238699
1641389457 238690
1641394667 238744
1641425749 239100
1641425820 239100
1641457554 239159
1641544986 239159
1641618323 238939
1641845340 238898
1641892470 238902
1641913751 239024
1641914496 239024
1641941420 239030
1641976002 239036
1641977035 239051
1641977724 239054
1642005352 239224
1642017584 239224
1642019971 239225
1642020273 239226
1642065395 239235
1642068068 239235
1642078737 239256
1642091391 239256
1642091678 239339
1642091769 239413
1642092035 239533
1642093465 239533
1642093656 239533
1642119580 239554
1642204776 239561
1642435158 239609
1642525620 239618
1642525659 239708
1642530723 239725
1642648908 240911
1642666019 240910
1642686261 240910
1642686684 240990
1642704056 241031
1642756851 241031
1642781346 241031
1642782339 241165
1642782689 241165
1643020918 241172
1643031746 241276
1643032089 241385
1643035293 241378
1643035818 241379
1643068215 241349
1643107274 241352
1643113266 241357
1643116808 241359
1643214154 241359
1643308115 241359
1643635200 241440
1643647762 241469
1643665921 241476
1644255586 241493
1644284969 241493
1644330206 241497
1644339096 241497
1644485862 241697
1644595109 241703
1644607092 241711
1644870353 241917
1644968065 241912
1645046557 241912
1645047749 241920
1645059266 241920
1645135106 241932
1645181569 241932
1645194738 241932
1645200189 241937
1645539707 242145
1645540366 242140
1645545668 242140
1645568092 242164
1645572375 242164
1646069436 242214
1646223849 242213
1646226959 241747
1646231654 241689
1646232442 241688
1646233289 241679
1646235038 241729
1646243932 241744
1646244727 241758
1646268732 241566
1646391157 241567
1646417101 241593
1646431033 241634
1646639836 241574
1646726230 241575
1646727026 241570
1646739154 241570
1646741696 241570
1646748398 241570
1646749976 241574
1646751143 241652
1646775340 241652
1646848806 242430
1646887022 242526
1646887171 242571
1646902984 242587
1646926162 242689
1646931645 242820
1646940027 242820
1646941227 242918
1646949055 242922
1647256738 242923
1647274172 242923
1647277502 243515
1647284340 243625
1647357039 243625
1647447299 243653
1647447631 243651
1647452082 243651
1647467595 243651
1647518660 243654
1647534168 243850
1647865806 244108
1647868491 244095
1647868555 244080
1647869077 244082
1647869790 244120
1647877227 244125
1647882283 244137
1647897693 244162
1647941216 244276
1647952341 244278
1647952957 244235
1647954367 244241
1647959796 244236
1647963234 244214
1647963965 244201
1647967696 244205
1647991332 244319
1648021917 244247
1648031430 244243
1648033670 244237
1648036076 244321
1648043673 244323
1648044208 244323
1648121080 244350
1648122213 244326
1648144435 244496
1648309697 244496
1648458872 244511
1648462583 244510
1648482141 244543
1648556098 244539
1648556813 244084
1648557625 244080
1648574717 244080
1648661210 244086
1648715483 244086
1648730169 244085
1648803058 244085
1648811098 241956
1649028843 241956
1649058023 241953
1649063679 241943
1649064907 242152
1649083181 242156
1649086469 242156
1649088135 242160
1649090750 242160
1649121994 242164
1649147790 242168
1649164862 242164
1649166823 242164
1649168095 242168
1649180954 242128
1649191104 242280
1649193091 242323
1649303702 242323
1649325532 242329
1649341575 242337
1649345112 242342
1649347874 242354
1649423728 242355
1649682765 242358
1649682925 242492
1649692771 242491
1649692898 242555
1649693330 242558
1649693515 242561
1649693536 242620
1649752074 242620
1649757020 242623
1649762372 242623
1649786809 242741
1649838281 242738
1649851259 242773
1649854795 242781
1649867958 242781
1649868911 242781
1649869289 242782
1649869559 242783
1649869851 242784
1649877846 242791
1649887689 242888
1649934860 243032
1649937851 243044
1649937854 243057
1649939185 243055
1649942048 243089
1649947290 243089
1649947465 243128
1649947970 243322
1649951299 243312
1649955859 243385
1649973810 243385
1649982727 243449
1649983075 243657
1650308896 243654
1650373297 243654
1650386006 243654
1650386358 243654
1650390239 243654
1650392032 243703
1650407455 243686
1650464008 243690
1650465067 243693
1650466649 243693
1650466838 243693
1650467240 243694
1650468464 243694
1650474883 243694
1650541028 243692
1650543999 243686
1650545082 243744
1650549200 243776
1650573072 243956
1650578183 243964
1650616528 243953
1650632615 244479
1650636822 244462
1650872119 244465
1650882370 244465
1650894028 244501
1650896627 244501
1650899873 244503
1650957875 244507
1650963086 244526
1650986292 244528
1650990085 244527
1650990531 244530
1651012184 244531
1651045243 244564
1651052343 244558
1651097192 244558
1651138565 244561
1651163213 244590
1651187711 244592
1651214964 244544
1651227465 244534
1651232509 244534
1651247373 244534
1651253220 244538
1651254143 244538
1651259761 244542
1651478547 244545
1651500294 244553
1651518142 244572
1651520039 244614
1651562566 244614
1651569826 244696
1651571702 244701
1651580996 244704
1651583153 244702
1651602591 244760
1651604548 244756
1651669284 244820
1651671061 244824
1651693555 244824
1651798733 244838
1651799129 244837
1651845834 244848
1651849064 242505
1651849568 242358
1651860735 242744
1651866167 242747
1651942648 242791
1651942692 242694
1652085284 242693
1652089481 242719
1652106812 242733
1652108469 242588
1652113345 242587
1652126247 242576
1652127759 242573
1652128120 242627
1652188786 242618
1652190296 242617
1652195843 242706
1652204109 242789
1652204880 242794
1652205479 242892
1652213104 242872
1652224852 242872
1652225905 242891
1652260444 242936
1652286579 242936
1652286585 242993
1652361963 242993
1652367264 242993
1652476945 242998
1652712377 242972
1652712697 242986
1652742456 243013
1652780485 243017
1652800484 243019
1652811410 243034
1652906120 243086
1652978368 243103
1653084433 243000
1653580369 243003
1653644718 243263
1653646509 243118
1653669305 243133
1653670117 243224
1653672459 243334
1653673965 243158
1653674703 243149
1653902478 243149
1653921086 243149
1653936069 243151
1653977158 243151
1654007770 243161
1654009434 243161
1654013015 243163
1654017486 243266
1654101517 243398
1654104840 243497
1654105828 243542
1654110947 243648
1654159016 243593
1654159391 243408
1654159678 243336
1654162344 243245
1654164180 242939
1654178376 242891
1654180759 242851
1654239031 242650
1654258117 242649
1654258325 242647
1654276260 242651
1654295416 242679
1654600319 242454
1654703759 242454
1654718755 242451
1654766557 242469
1654767316 242458
1654789197 243031
1654791531 243377
1654811363 243387
1654856879 243395
1654869456 243401
1654881857 243404
1655231356 243416
1655232967 243416
1655237527 243416
1655238242 243417
1655309118 243417
1655504037 243566
1655733571 243567
1655740602 243528
1655823686 243575
1655827843 243575
1655834193 243666
1655909795 243671
1655911794 243672
1655916144 243905
1655916769 243905
1655918844 243906
1655938583 243922
1656018818 243977
1656069326 243978
1656069781 243978
1656070623 243978
1656089869 243988
1656102587 243995
1656122697 243995
1656636102 244542
1656705685 244789
1657036769 244542
1657045902 244784
1657297710 244784
1657556348 244805
1657557446 244785
1657592686 244801
1657639044 244785
1657645282 244788
