1513884032 0 0 0 0 0 0 0 0 0 0 0 0 0 0 0 0 0 0 0 0
1514476663 0 0 0 0 0 0 1 0 0 0 0 0 0 0 0 0 0 0 0 0
1514476691 0 0 0 0 0 0 2 0 0 0 0 0 0 0 0 0 0 0 0 0
1514476729 0 0 0 0 0 0 3 0 0 0 0 0 0 0 0 0 0 0 0 0
1514476772 0 0 0 0 0 0 4 0 0 0 0 0 0 0 0 0 0 0 0 0
1515519957 0 0 0 0 0 0 4 0 0 0 0 0 0 0 0 0 0 0 0 0
1515585294 0 0 0 0 0 0 4 0 0 0 0 0 0 0 0 0 0 1 0 0
1533822499 0 0 0 0 0 1 4 0 0 0 0 0 0 0 0 0 0 1 0 0
1533822516 0 0 0 0 0 2 4 0 0 0 0 0 0 0 0 0 0 1 0 0
1533822523 0 0 0 0 0 3 4 0 0 0 0 0 0 0 0 0 0 1 0 0
1534401776 0 0 0 0 0 4 4 0 0 0 0 0 0 0 0 0 0 1 0 0
1535034788 0 0 0 0 0 5 4 0 0 0 0 0 0 0 0 0 0 1 0 0
1548866002 0 0 0 0 0 5 4 0 0 0 0 0 0 0 0 0 0 1 0 0
1559765344 0 0 0 0 0 5 4 0 0 0 0 0 0 0 0 0 0 1 0 0
1559765410 0 0 0 0 0 5 4 0 0 0 0 0 0 0 0 0 0 2 0 0
1559791039 1 0 0 0 0 5 4 0 0 0 0 0 0 0 0 0 0 2 0 0
1559848346 2 0 0 0 0 5 4 0 0 0 0 0 0 0 0 0 0 2 0 0
1559915859 3 0 0 0 0 5 4 0 0 0 0 0 0 0 0 0 0 2 0 0
1559934332 4 0 0 0 0 5 4 0 0 0 0 0 0 0 0 0 0 2 0 0
1560184544 5 0 0 0 0 5 4 0 0 0 0 0 0 0 0 0 0 2 0 0
1560262909 6 0 0 0 0 5 4 0 0 0 0 0 0 0 0 0 0 2 0 0
1560265109 7 0 0 0 0 5 4 0 0 0 0 0 0 0 0 0 0 2 0 0
1560544358 8 0 0 0 0 5 4 0 0 0 0 0 0 0 0 0 0 2 0 0
1560554344 9 0 0 0 0 5 4 0 0 0 0 0 0 0 0 0 0 2 0 0
1560797890 10 0 0 0 0 5 4 0 0 0 0 0 0 0 0 0 0 2 0 0
1562083478 11 0 0 0 0 5 4 0 0 0 0 0 0 0 0 0 0 2 0 0
1562188660 12 0 0 0 0 5 4 0 0 0 0 0 0 0 0 0 0 2 0 0
1564110060 12 0 0 0 0 5 4 0 0 0 0 0 0 0 0 0 0 2 0 0
1564153297 13 0 0 0 0 5 4 0 0 0 0 0 0 0 0 0 0 2 0 0
1564162968 14 0 0 0 0 5 4 0 0 0 0 0 0 0 0 0 0 2 0 0
1564406159 15 0 0 0 0 5 4 0 0 0 0 0 0 0 0 0 0 2 0 0
1564406730 16 0 0 0 0 5 4 0 0 0 0 0 0 0 0 0 0 2 0 0
1564539783 16 0 0 0 0 5 4 0 0 1 0 0 0 0 0 0 0 2 0 0
1565028789 17 0 0 0 0 5 4 0 0 1 0 0 0 0 0 0 0 2 0 0
1565028973 18 0 0 0 0 5 4 0 0 1 0 0 0 0 0 0 0 2 0 0
1565292651 19 0 0 0 0 5 4 0 0 1 0 0 0 0 0 0 0 2 0 0
1565840215 20 0 0 0 0 5 4 0 0 1 0 0 0 0 0 0 0 2 0 0
1565901305 21 0 0 0 0 5 4 0 0 1 0 0 0 0 0 0 0 2 0 0
1565902008 21 0 0 1 0 5 4 0 0 1 0 0 0 0 0 0 0 2 0 0
1565948467 21 0 0 1 1 5 4 0 0 1 0 0 0 0 0 0 0 2 0 0
1568310934 21 0 0 1 1 5 4 0 0 2 0 0 0 0 0 0 0 2 0 0
1569000166 21 0 0 1 1 5 4 0 0 3 0 0 0 0 0 0 0 2 0 0
1569002077 22 0 0 1 1 5 4 0 0 3 0 0 0 0 0 0 0 2 0 0
1569003166 23 0 0 1 1 5 4 0 0 3 0 0 0 0 0 0 0 2 0 0
1569512601 23 0 0 1 1 5 4 0 0 3 0 1 0 0 0 0 0 2 0 0
1569514197 23 0 0 1 1 5 4 0 0 3 0 2 0 0 0 0 0 2 0 0
1569834433 23 0 0 1 2 5 4 0 0 3 0 2 0 0 0 0 0 2 0 0
1569847182 23 0 0 1 3 5 4 0 0 3 0 2 0 0 0 0 0 2 0 0
1569855532 23 0 0 2 3 5 4 0 0 3 0 2 0 0 0 0 0 2 0 0
1569855870 23 0 0 2 4 5 4 0 0 3 0 2 0 0 0 0 0 2 0 0
1570221227 23 0 0 3 4 5 4 0 0 3 0 2 0 0 0 0 0 2 0 0
1571737476 23 0 0 3 5 5 4 0 0 3 0 2 0 0 0 0 0 2 0 0
1572281900 23 0 0 3 5 5 4 0 0 3 0 2 0 0 0 0 0 2 0 0
1573841385 23 0 0 3 5 5 4 0 0 3 0 2 0 0 0 0 0 2 0 0
1575494118 23 0 0 3 5 5 4 0 0 3 0 2 0 0 0 0 0 2 0 0
1575495121 23 0 0 3 5 5 4 0 0 3 0 2 1 0 0 0 0 2 0 0
1582556035 23 0 0 3 5 5 4 0 0 3 0 2 1 0 0 0 0 2 0 0
1582868980 23 0 0 3 5 5 4 0 0 3 0 2 1 0 0 1 0 2 0 0
1582869365 23 0 0 3 5 5 4 0 0 3 0 2 1 0 0 1 0 2 0 0
1582869744 23 0 0 3 5 5 4 0 1 3 0 2 1 0 0 1 0 2 0 0
1582870957 23 1 0 3 5 5 4 0 1 3 0 2 1 0 0 1 0 2 0 0
1582871387 24 1 0 3 5 5 4 0 1 3 0 2 1 0 0 1 0 2 0 0
1583952561 24 1 0 3 5 5 4 0 2 3 0 2 1 0 0 1 0 2 0 0
1584040472 25 1 0 3 5 5 4 0 2 3 0 2 1 0 0 1 0 2 0 0
1584040653 26 1 0 3 5 5 4 0 2 3 0 2 1 0 0 1 0 2 0 0
1586222825 26 1 0 3 5 5 4 0 2 3 0 2 1 0 0 1 0 2 0 0
1586227107 27 1 0 3 5 5 4 0 2 3 0 2 1 0 0 1 0 2 0 0
1586227170 27 1 0 3 5 5 4 0 2 3 0 2 1 1 0 1 0 2 0 0
1586989342 27 2 0 3 5 5 4 0 2 3 0 2 1 1 0 1 0 2 0 0
1587076326 27 3 0 3 5 5 4 0 2 3 0 2 1 1 0 1 0 2 0 0
1587141075 27 3 0 3 5 5 4 0 2 3 0 2 1 1 0 2 0 2 0 0
1587143402 27 4 0 3 5 5 4 0 2 3 0 2 1 1 0 2 0 2 0 0
1587431727 27 4 1 3 5 5 4 0 2 3 0 2 1 1 0 2 0 2 0 0
1587700436 27 4 1 4 5 5 4 0 2 3 0 2 1 1 0 2 0 2 0 0
1587740530 27 4 2 4 5 5 4 0 2 3 0 2 1 1 0 2 0 2 0 0
1588014103 27 4 2 4 5 5 4 1 2 3 0 2 1 1 0 2 0 2 0 0
1588016240 27 4 2 4 5 5 4 2 2 3 0 2 1 1 0 2 0 2 0 0
1588016840 28 4 2 4 5 5 4 2 2 3 0 2 1 1 0 2 0 2 0 0
1588017337 28 4 3 4 5 5 4 2 2 3 0 2 1 1 0 2 0 2 0 0
1588034589 28 4 4 4 5 5 4 2 2 3 0 2 1 1 0 2 0 2 0 0
1588093476 28 5 4 4 5 5 4 2 2 3 0 2 1 1 0 2 0 2 0 0
1588176187 29 5 4 4 5 5 4 2 2 3 0 2 1 1 0 2 0 2 0 0
1588605054 30 5 4 4 5 5 4 2 2 3 0 2 1 1 0 2 0 2 0 0
1588616693 31 5 4 4 5 5 4 2 2 3 0 2 1 1 0 2 0 2 0 0
1588800454 32 6 4 4 5 5 4 2 2 3 0 2 1 1 0 2 0 2 0 0
1589856049 32 7 4 4 5 5 4 2 2 3 0 2 1 1 0 2 0 2 0 0
1589907077 32 7 4 4 5 5 4 2 2 3 0 2 2 1 0 2 0 2 0 0
1589911583 32 7 4 4 5 5 4 2 2 3 1 2 2 1 0 2 0 2 0 0
1590173442 33 7 4 4 5 5 4 2 2 3 1 2 2 1 0 2 0 2 0 0
1590526403 33 8 4 4 5 5 4 2 2 3 1 2 2 1 0 2 0 2 0 0
1590625974 34 8 4 4 5 5 4 2 2 3 1 2 2 1 0 2 0 2 0 0
1590628836 34 8 4 4 5 5 4 2 2 3 1 2 2 1 0 2 0 2 0 0
1590628945 35 8 4 4 5 5 4 2 2 3 1 2 2 1 0 2 0 2 0 0
1590676920 36 8 4 4 5 5 4 2 2 3 1 2 2 1 0 2 0 2 0 0
1590688916 37 8 4 4 5 5 4 2 2 3 1 2 2 1 0 2 0 2 0 0
1590689255 38 8 4 4 5 5 4 2 2 3 1 2 2 1 0 2 0 2 0 0
1590689412 39 8 4 4 5 5 4 2 2 3 1 2 2 1 0 2 0 2 0 0
1591365733 39 10 4 4 5 5 4 2 2 3 1 2 2 1 0 2 0 2 0 0
1591631004 39 11 4 4 5 5 4 2 2 3 1 2 2 1 0 2 0 2 0 0
1591631398 39 12 4 4 5 5 4 2 2 3 1 2 2 1 0 2 0 2 0 0
1593613680 39 12 4 4 5 5 4 2 2 3 2 2 2 1 0 2 0 2 0 0
1594306903 40 12 4 4 5 5 4 2 2 3 2 2 2 1 0 2 0 2 0 0
1594324887 40 12 4 4 5 5 4 2 2 3 2 2 2 1 0 2 0 2 0 0
1594584631 40 13 4 4 5 5 4 2 2 3 2 2 2 1 0 2 0 2 0 0
1594584675 40 14 4 4 5 5 4 2 2 3 2 2 2 1 0 2 0 2 0 0
1594772101 41 14 4 4 5 5 4 2 2 3 2 2 2 1 0 2 0 2 0 0
1594772268 42 14 4 4 5 5 4 2 2 3 2 2 2 1 0 2 0 2 0 0
1594772327 43 14 4 4 5 5 4 2 2 3 2 2 2 1 0 2 0 2 0 0
1594830108 44 14 4 4 5 5 4 2 2 3 2 2 2 1 0 2 0 2 0 0
1594831679 45 14 4 4 5 5 4 2 2 3 2 2 2 1 0 2 0 2 0 0
1594839542 46 14 4 4 5 5 4 2 2 3 2 2 2 1 0 2 0 2 0 0
1596511560 46 15 4 4 5 5 4 2 2 3 2 2 2 1 0 2 0 2 0 0
1596813452 47 15 4 4 5 5 4 2 2 3 2 2 2 1 0 2 0 2 0 0
1596813740 48 15 4 4 5 5 4 2 2 3 2 2 2 1 0 2 0 2 0 0
1596814381 49 15 4 4 5 5 4 2 2 3 2 2 2 1 0 2 0 2 0 0
1596815188 49 15 4 5 5 5 4 2 2 3 2 2 2 1 0 2 0 2 0 0
1596821885 49 16 4 5 5 5 4 2 2 3 2 2 2 1 0 2 0 2 0 0
1596835152 49 16 5 5 5 5 4 2 2 3 2 2 2 1 0 2 0 2 0 0
1596835197 49 16 6 5 5 5 4 2 2 3 2 2 2 1 0 2 0 2 0 0
1597934686 49 16 7 5 5 5 4 2 2 3 2 2 2 1 0 2 0 2 0 0
1598307792 49 16 7 5 5 5 4 3 2 3 2 2 2 1 0 2 0 2 0 0
1598495429 49 16 7 5 5 5 4 3 2 3 2 2 2 1 0 2 0 2 0 0
1598497376 49 17 7 5 5 5 4 3 2 3 2 2 2 1 0 2 0 2 0 0
1599613350 49 17 7 5 5 5 4 3 2 3 3 2 2 1 0 2 0 2 0 0
1599746448 49 17 8 5 5 5 4 3 2 3 3 2 2 1 0 2 0 2 0 0
1600911339 49 17 8 5 5 5 4 3 2 3 3 2 2 2 0 2 0 2 0 0
1600949795 50 17 8 5 5 5 4 3 2 3 3 2 2 2 0 2 0 2 0 0
1600974960 50 18 8 5 5 5 4 3 2 3 3 2 2 2 0 2 0 2 0 0
1600975169 51 18 8 5 5 5 4 3 2 3 3 2 2 2 0 2 0 2 0 0
1601043553 52 18 8 5 5 5 4 3 2 3 3 2 2 2 0 2 0 2 0 0
1601433120 53 18 8 5 5 5 4 3 2 3 3 2 2 2 0 2 0 2 0 0
1601482223 54 18 8 5 5 5 4 3 2 3 3 2 2 2 0 2 0 2 0 0
1601495934 54 19 8 5 5 5 4 3 2 3 3 2 2 2 0 2 0 2 0 0
1601587083 55 19 8 5 5 5 4 3 2 3 3 2 2 2 0 2 0 2 0 0
1601589320 55 20 8 5 5 5 4 3 2 3 3 2 2 2 0 2 0 2 0 0
1602643868 55 20 8 6 5 5 4 3 2 3 3 2 2 2 0 2 0 2 0 0
1602708131 55 20 9 6 5 5 4 3 2 3 3 2 2 2 0 2 0 2 0 0
1603773345 56 20 9 6 5 5 4 3 2 3 3 2 2 2 0 2 0 2 0 0
1604943140 56 21 9 6 5 5 4 3 2 3 3 2 2 2 0 2 0 2 0 0
1607150733 56 21 9 6 5 5 4 3 2 3 3 2 2 2 0 2 0 2 0 0
1607356556 56 21 9 6 5 5 4 3 2 3 3 2 2 2 0 2 0 2 0 0
1607441392 57 21 9 6 5 5 4 3 2 3 3 2 2 2 0 2 0 2 0 0
1609819308 57 21 9 6 5 5 4 3 2 3 3 2 2 2 0 2 0 2 0 0
1610598635 57 21 9 6 5 5 4 3 2 3 3 2 2 2 0 2 0 2 0 0
1610600435 58 21 9 6 5 5 4 3 2 3 3 2 2 2 0 2 0 2 0 0
1610602053 58 21 9 6 5 5 4 3 2 3 3 2 2 2 1 2 0 2 0 0
1611084108 59 21 9 6 5 5 4 3 2 3 3 2 2 2 1 2 0 2 0 0
1611088362 60 21 9 6 5 5 4 3 2 3 3 2 2 2 1 2 0 2 0 0
1611092754 60 22 9 6 5 5 4 3 2 3 3 2 2 2 1 2 0 2 0 0
1611154140 61 22 9 6 5 5 4 3 2 3 3 2 2 2 1 2 0 2 0 0
1611169940 62 22 9 6 5 5 4 3 2 3 3 2 2 2 1 2 0 2 0 0
1611256076 63 22 9 6 5 5 4 3 2 3 3 2 2 2 1 2 0 2 0 0
1611512447 63 22 9 6 5 5 4 3 2 3 3 2 2 2 1 2 1 2 0 0
1611603747 63 22 9 6 5 5 4 3 2 3 3 2 2 2 1 2 2 2 0 0
1612364532 64 22 9 6 5 5 4 3 2 3 3 2 2 2 1 2 2 2 0 0
1612364565 65 22 9 6 5 5 4 3 2 3 3 2 2 2 1 2 2 2 0 0
1612415383 66 22 9 6 5 5 4 3 2 3 3 2 2 2 1 2 2 2 0 0
1612994378 66 23 9 6 5 5 4 3 2 3 3 2 2 2 1 2 2 2 0 0
1614209219 66 24 9 6 5 5 4 3 2 3 3 2 2 2 1 2 2 2 0 0
1614723462 66 24 9 6 5 5 4 3 2 3 3 2 2 2 1 2 2 2 0 0
1614782426 67 24 9 6 5 5 4 3 2 3 3 2 2 2 1 2 2 2 0 0
1615054717 67 24 9 6 5 5 4 3 2 3 3 2 2 2 1 2 2 2 0 0
1615236206 67 25 9 6 5 5 4 3 2 3 3 2 2 2 1 2 2 2 0 0
1615238417 67 26 9 6 5 5 4 3 2 3 3 2 2 2 1 2 2 2 0 0
1615340011 67 27 9 6 5 5 4 3 2 3 3 2 2 2 1 2 2 2 0 0
1615433237 67 27 9 6 5 5 4 3 2 3 3 2 2 2 1 2 2 2 0 0
1615994692 67 28 9 6 5 5 4 3 2 3 3 2 2 2 1 2 2 2 0 0
1617721580 67 29 9 6 5 5 4 3 2 3 3 2 2 2 1 2 2 2 0 0
1617725225 67 30 9 6 5 5 4 3 2 3 3 2 2 2 1 2 2 2 0 0
1617924007 68 30 9 6 5 5 4 3 2 3 3 2 2 2 1 2 2 2 0 0
1618583855 68 31 9 6 5 5 4 3 2 3 3 2 2 2 1 2 2 2 0 0
1618836170 68 31 9 6 5 5 4 3 2 3 3 2 2 2 1 2 2 2 0 0
1619029747 68 31 9 6 5 5 4 3 2 3 3 2 2 2 1 2 2 2 0 0
1619455859 68 31 9 6 5 5 4 3 2 3 3 2 2 2 1 2 2 2 0 0
1619459789 68 32 9 6 5 5 4 3 2 3 3 2 2 2 1 2 2 2 0 0
1619472436 68 33 9 6 5 5 4 3 2 3 3 2 2 2 1 2 2 2 0 0
1619555376 68 34 9 6 5 5 4 3 2 3 3 2 2 2 1 2 2 2 0 0
1619713997 68 35 9 6 5 5 4 3 2 3 3 2 2 2 1 2 2 2 0 0
1619783871 68 36 9 6 5 5 4 3 2 3 3 2 2 2 1 2 2 2 0 0
1620137841 68 37 9 6 5 5 4 3 2 3 3 2 2 2 1 2 2 2 0 0
1620231895 68 38 9 6 5 5 4 3 2 3 3 2 2 2 1 2 2 2 0 0
1620249410 69 38 9 6 5 5 4 3 2 3 3 2 2 2 1 2 2 2 0 0
1620339158 70 38 9 6 5 5 4 3 2 3 3 2 2 2 1 2 2 2 0 0
1620834880 70 39 9 6 5 5 4 3 2 3 3 2 2 2 1 2 2 2 0 0
1621275990 71 39 9 6 5 5 4 3 2 3 3 2 2 2 1 2 2 2 0 0
1621276293 72 39 9 6 5 5 4 3 2 3 3 2 2 2 1 2 2 2 0 0
1621298595 73 39 9 6 5 5 4 3 2 3 3 2 2 2 1 2 2 2 0 0
1622302690 74 39 9 6 5 5 4 3 2 3 3 2 2 2 1 2 2 2 0 0
1623163898 75 39 9 6 5 5 4 3 2 3 3 2 2 2 1 2 2 2 0 0
1623165460 76 39 9 6 5 5 4 3 2 3 3 2 2 2 1 2 2 2 0 0
1623174652 77 39 9 6 5 5 4 3 2 3 3 2 2 2 1 2 2 2 0 0
1623185751 78 39 9 6 5 5 4 3 2 3 3 2 2 2 1 2 2 2 0 0
1623205932 79 39 9 6 5 5 4 3 2 3 3 2 2 2 1 2 2 2 0 0
1623255035 80 39 9 6 5 5 4 3 2 3 3 2 2 2 1 2 2 2 0 0
1623261455 81 39 9 6 5 5 4 3 2 3 3 2 2 2 1 2 2 2 0 0
1623261590 82 39 9 6 5 5 4 3 2 3 3 2 2 2 1 2 2 2 0 0
1623261728 83 39 9 6 5 5 4 3 2 3 3 2 2 2 1 2 2 2 0 0
1624324842 84 39 9 6 5 5 4 3 2 3 3 2 2 2 1 2 2 2 0 0
1624332213 85 39 9 6 5 5 4 3 2 3 3 2 2 2 1 2 2 2 0 0
1625592905 86 39 9 6 5 5 4 3 2 3 3 2 2 2 1 2 2 2 0 0
1625595662 87 39 9 6 5 5 4 3 2 3 3 2 2 2 1 2 2 2 0 0
1625681720 88 39 9 6 5 5 4 3 2 3 3 2 2 2 1 2 2 2 0 0
1626122846 89 39 9 6 5 5 4 3 2 3 3 2 2 2 1 2 2 2 0 0
1626191109 90 39 9 6 5 5 4 3 2 3 3 2 2 2 1 2 2 2 0 0
1626282534 91 39 9 6 5 5 4 3 2 3 3 2 2 2 1 2 2 2 0 0
1626302031 91 40 9 6 5 5 4 3 2 3 3 2 2 2 1 2 2 2 0 0
1626319779 92 40 9 6 5 5 4 3 2 3 3 2 2 2 1 2 2 2 0 0
1627665883 92 41 9 6 5 5 4 3 2 3 3 2 2 2 1 2 2 2 0 0
1627676234 92 41 9 6 5 5 4 3 2 3 3 2 2 2 1 2 2 2 0 0
1627942506 93 41 9 6 5 5 4 3 2 3 3 2 2 2 1 2 2 2 0 0
1628194435 94 41 9 6 5 5 4 3 2 3 3 2 2 2 1 2 2 2 0 0
1628195431 95 41 9 6 5 5 4 3 2 3 3 2 2 2 1 2 2 2 0 0
1628444934 96 41 9 6 5 5 4 3 2 3 3 2 2 2 1 2 2 2 0 0
1628517025 97 41 9 6 5 5 4 3 2 3 3 2 2 2 1 2 2 2 0 0
1628518968 98 41 9 6 5 5 4 3 2 3 3 2 2 2 1 2 2 2 0 0
1628536751 99 41 9 6 5 5 4 3 2 3 3 2 2 2 1 2 2 2 0 0
1628783250 100 41 9 6 5 5 4 3 2 3 3 2 2 2 1 2 2 2 0 0
1628783458 101 41 9 6 5 5 4 3 2 3 3 2 2 2 1 2 2 2 0 0
1628785660 102 41 9 6 5 5 4 3 2 3 3 2 2 2 1 2 2 2 0 0
1628787084 103 41 9 6 5 5 4 3 2 3 3 2 2 2 1 2 2 2 0 0
1628796466 104 41 9 6 5 5 4 3 2 3 3 2 2 2 1 2 2 2 0 0
1629160645 105 41 9 6 5 5 4 3 2 3 3 2 2 2 1 2 2 2 0 0
1629292501 106 41 9 6 5 5 4 3 2 3 3 2 2 2 1 2 2 2 0 0
1629293029 107 41 9 6 5 5 4 3 2 3 3 2 2 2 1 2 2 2 0 0
1629293537 108 41 9 6 5 5 4 3 2 3 3 2 2 2 1 2 2 2 0 0
1630498564 108 41 9 6 5 5 4 3 2 3 3 2 2 2 1 2 2 2 0 0
1630546949 109 41 9 6 5 5 4 3 2 3 3 2 2 2 1 2 2 2 0 0
1632508789 109 41 9 6 5 5 4 3 3 3 3 2 2 2 1 2 2 2 0 0
1634575154 110 41 9 6 5 5 4 3 3 3 3 2 2 2 1 2 2 2 0 0
1634590487 111 41 9 6 5 5 4 3 3 3 3 2 2 2 1 2 2 2 0 0
1634591109 112 41 9 6 5 5 4 3 3 3 3 2 2 2 1 2 2 2 0 0
1634616499 113 41 9 6 5 5 4 3 3 3 3 2 2 2 1 2 2 2 0 0
1634654381 113 41 9 6 5 5 4 3 3 3 3 2 2 2 1 2 2 2 0 1
1634689071 114 41 9 6 5 5 4 3 3 3 3 2 2 2 1 2 2 2 0 1
1634841967 115 41 9 6 5 5 4 3 3 3 3 2 2 2 1 2 2 2 0 1
1634852098 115 42 9 6 5 5 4 3 3 3 3 2 2 2 1 2 2 2 0 1
1634875214 115 42 9 6 5 5 4 3 3 3 3 2 2 2 2 2 2 2 0 1
1635365361 115 42 9 6 5 5 4 3 3 3 3 2 2 2 2 2 2 2 1 1
1635794564 115 43 9 6 5 5 4 3 3 3 3 2 2 2 2 2 2 2 1 1
1635993866 116 43 9 6 5 5 4 3 3 3 3 2 2 2 2 2 2 2 1 1
1636051080 117 43 9 6 5 5 4 3 3 3 3 2 2 2 2 2 2 2 1 1
1636054584 118 43 9 6 5 5 4 3 3 3 3 2 2 2 2 2 2 2 1 1
1636055774 119 43 9 6 5 5 4 3 3 3 3 2 2 2 2 2 2 2 1 1
1636056116 119 44 9 6 5 5 4 3 3 3 3 2 2 2 2 2 2 2 1 1
1636114083 119 45 9 6 5 5 4 3 3 3 3 2 2 2 2 2 2 2 1 1
1636133780 119 45 9 6 5 5 4 3 3 3 3 2 2 2 2 2 2 2 2 1
1636344990 120 45 9 6 5 5 4 3 3 3 3 2 2 2 2 2 2 2 2 1
1636460728 120 46 9 6 5 5 4 3 3 3 3 2 2 2 2 2 2 2 2 1
1636506699 120 46 9 6 5 5 4 3 3 3 3 2 2 2 2 2 2 2 2 1
1636659949 120 47 9 6 5 5 4 3 3 3 3 2 2 2 2 2 2 2 2 1
1636995372 120 48 9 6 5 5 4 3 3 3 3 2 2 2 2 2 2 2 2 1
1638850870 121 48 9 6 5 5 4 3 3 3 3 2 2 2 2 2 2 2 2 1
1638850965 122 48 9 6 5 5 4 3 3 3 3 2 2 2 2 2 2 2 2 1
1638852598 123 48 9 6 5 5 4 3 3 3 3 2 2 2 2 2 2 2 2 1
1638855113 124 48 9 6 5 5 4 3 3 3 3 2 2 2 2 2 2 2 2 1
1638857758 125 48 9 6 5 5 4 3 3 3 3 2 2 2 2 2 2 2 2 1
1639589066 125 49 9 6 5 5 4 3 3 3 3 2 2 2 2 2 2 2 2 1
1640149388 126 49 9 6 5 5 4 3 3 3 3 2 2 2 2 2 2 2 2 1
1640409276 127 49 9 6 5 5 4 3 3 3 3 2 2 2 2 2 2 2 2 1
1641511682 127 49 9 6 5 5 4 3 3 3 3 2 2 2 2 2 2 2 2 1
1641866745 128 49 9 6 5 5 4 3 3 3 3 2 2 2 2 2 2 2 2 1
1642720748 129 49 9 6 5 5 4 3 3 3 3 2 2 2 2 2 2 2 2 1
1643400447 130 49 9 6 5 5 4 3 3 3 3 2 2 2 2 2 2 2 2 1
1643400499 131 49 9 6 5 5 4 3 3 3 3 2 2 2 2 2 2 2 2 1
1643400720 132 49 9 6 5 5 4 3 3 3 3 2 2 2 2 2 2 2 2 1
1643401918 133 49 9 6 5 5 4 3 3 3 3 2 2 2 2 2 2 2 2 1
1643434478 134 49 9 6 5 5 4 3 3 3 3 2 2 2 2 2 2 2 2 1
1643435514 135 49 9 6 5 5 4 3 3 3 3 2 2 2 2 2 2 2 2 1
1643927036 136 49 9 6 5 5 4 3 3 3 3 2 2 2 2 2 2 2 2 1
1643942336 137 49 9 6 5 5 4 3 3 3 3 2 2 2 2 2 2 2 2 1
1644249798 138 49 9 6 5 5 4 3 3 3 3 2 2 2 2 2 2 2 2 1
1644263175 139 49 9 6 5 5 4 3 3 3 3 2 2 2 2 2 2 2 2 1
1644263889 140 49 9 6 5 5 4 3 3 3 3 2 2 2 2 2 2 2 2 1
1644336327 141 49 9 6 5 5 4 3 3 3 3 2 2 2 2 2 2 2 2 1
1644336560 141 50 9 6 5 5 4 3 3 3 3 2 2 2 2 2 2 2 2 1
1644366236 142 50 9 6 5 5 4 3 3 3 3 2 2 2 2 2 2 2 2 1
1644870117 143 50 9 6 5 5 4 3 3 3 3 2 2 2 2 2 2 2 2 1
1644943846 144 50 9 6 5 5 4 3 3 3 3 2 2 2 2 2 2 2 2 1
1644946297 145 50 9 6 5 5 4 3 3 3 3 2 2 2 2 2 2 2 2 1
1644946399 146 50 9 6 5 5 4 3 3 3 3 2 2 2 2 2 2 2 2 1
1644946442 147 50 9 6 5 5 4 3 3 3 3 2 2 2 2 2 2 2 2 1
1644950360 148 50 9 6 5 5 4 3 3 3 3 2 2 2 2 2 2 2 2 1
1644963049 149 50 9 6 5 5 4 3 3 3 3 2 2 2 2 2 2 2 2 1
1644964979 150 50 9 6 5 5 4 3 3 3 3 2 2 2 2 2 2 2 2 1
1644972959 151 50 9 6 5 5 4 3 3 3 3 2 2 2 2 2 2 2 2 1
1644973094 152 50 9 6 5 5 4 3 3 3 3 2 2 2 2 2 2 2 2 1
1645025941 153 50 9 6 5 5 4 3 3 3 3 2 2 2 2 2 2 2 2 1
1645027303 154 50 9 6 5 5 4 3 3 3 3 2 2 2 2 2 2 2 2 1
1646162744 155 50 9 6 5 5 4 3 3 3 3 2 2 2 2 2 2 2 2 1
1646334152 156 50 9 6 5 5 4 3 3 3 3 2 2 2 2 2 2 2 2 1
1646452627 157 50 9 6 5 5 4 3 3 3 3 2 2 2 2 2 2 2 2 1
1646538179 158 50 9 6 5 5 4 3 3 3 3 2 2 2 2 2 2 2 2 1
1646667662 159 50 9 6 5 5 4 3 3 3 3 2 2 2 2 2 2 2 2 1
1646677752 160 50 9 6 5 5 4 3 3 3 3 2 2 2 2 2 2 2 2 1
1647012195 161 50 9 6 5 5 4 3 3 3 3 2 2 2 2 2 2 2 2 1
1647322566 161 50 9 6 5 5 4 3 3 3 3 2 2 2 2 2 2 2 2 2
1647437371 162 50 9 6 5 5 4 3 3 3 3 2 2 2 2 2 2 2 2 2
1647438964 163 50 9 6 5 5 4 3 3 3 3 2 2 2 2 2 2 2 2 2
1648590477 164 50 9 6 5 5 4 3 3 3 3 2 2 2 2 2 2 2 2 2
1648824766 165 50 9 6 5 5 4 3 3 3 3 2 2 2 2 2 2 2 2 2
1648827687 166 50 9 6 5 5 4 3 3 3 3 2 2 2 2 2 2 2 2 2
1648851232 167 50 9 6 5 5 4 3 3 3 3 2 2 2 2 2 2 2 2 2
1648853169 168 50 9 6 5 5 4 3 3 3 3 2 2 2 2 2 2 2 2 2
1649088199 169 50 9 6 5 5 4 3 3 3 3 2 2 2 2 2 2 2 2 2
1649092582 170 50 9 6 5 5 4 3 3 3 3 2 2 2 2 2 2 2 2 2
1649266657 171 50 9 6 5 5 4 3 3 3 3 2 2 2 2 2 2 2 2 2
1649303498 172 50 9 6 5 5 4 3 3 3 3 2 2 2 2 2 2 2 2 2
1649338445 172 50 9 6 5 5 4 3 3 3 3 2 2 2 2 2 2 2 2 2
1649347934 173 50 9 6 5 5 4 3 3 3 3 2 2 2 2 2 2 2 2 2
1649361603 174 50 9 6 5 5 4 3 3 3 3 2 2 2 2 2 2 2 2 2
1649362403 175 50 9 6 5 5 4 3 3 3 3 2 2 2 2 2 2 2 2 2
1651674016 175 50 9 6 5 5 4 3 3 3 3 2 2 2 2 2 2 2 2 2
1652204430 176 50 9 6 5 5 4 3 3 3 3 2 2 2 2 2 2 2 2 2
1652384028 177 50 9 6 5 5 4 3 3 3 3 2 2 2 2 2 2 2 2 2
1652388351 178 50 9 6 5 5 4 3 3 3 3 2 2 2 2 2 2 2 2 2
1652389281 179 50 9 6 5 5 4 3 3 3 3 2 2 2 2 2 2 2 2 2
1652389742 180 50 9 6 5 5 4 3 3 3 3 2 2 2 2 2 2 2 2 2
1652390174 181 50 9 6 5 5 4 3 3 3 3 2 2 2 2 2 2 2 2 2
1652390253 182 50 9 6 5 5 4 3 3 3 3 2 2 2 2 2 2 2 2 2
1652402539 183 50 9 6 5 5 4 3 3 3 3 2 2 2 2 2 2 2 2 2
1652714430 183 50 9 7 5 5 4 3 3 3 3 2 2 2 2 2 2 2 2 2
1652718539 184 50 9 7 5 5 4 3 3 3 3 2 2 2 2 2 2 2 2 2
1652719024 184 50 9 8 5 5 4 3 3 3 3 2 2 2 2 2 2 2 2 2
1652726392 184 50 10 8 5 5 4 3 3 3 3 2 2 2 2 2 2 2 2 2
1653325287 185 50 10 8 5 5 4 3 3 3 3 2 2 2 2 2 2 2 2 2
1653325523 186 50 10 8 5 5 4 3 3 3 3 2 2 2 2 2 2 2 2 2
1654959479 186 50 10 8 5 5 4 3 3 3 3 2 2 2 2 2 2 2 2 2
1657768261 186 50 10 8 5 5 4 3 3 3 3 2 2 2 2 2 2 2 2 2
