1555434870 251
1558730603 5764
1559671453 5773
1559766474 5781
1559839322 5782
1559934010 5791
1560271464 5856
1560353692 5862
1560534704 5834
1560796534 5837
1561142953 5791
1561144694 5836
1561474935 6585
1562095502 6599
1562165480 6811
1562169440 7133
1562169853 7495
1562184508 7692
1562250371 7693
1562279076 7730
1562335703 7730
1562343263 8591
1562343310 8569
1562351071 8569
1562354215 8678
1562702623 8678
1562860599 8643
1562873650 9222
1562937794 9242
1562937961 9252
1562960808 9305
1563212422 9448
1563215207 9446
1563288086 9446
1563291214 10268
1563373969 10389
1563382848 10382
1563390934 10425
1563540445 10559
1563544276 10566
1563549990 10646
1563816313 10645
1563823145 10985
1563901912 11080
1563978085 11111
1564104157 11148
1564154079 11150
1564157568 11160
1564408783 11218
1564423262 11239
1564513955 11247
1564591355 11263
1565803175 11263
1568334808 11266
1569422485 11433
1569587429 11440
1569858688 11750
1571069163 11750
1571406154 11752
1571407594 11754
1571412476 11768
1571689662 11820
1571751225 11830
1571757751 11834
1571767831 11915
1572533029 12169
1572899799 12512
1573144337 12551
1573231602 12556
1573243448 12593
1573483843 12590
1573760555 12597
1573773064 12599
1574108426 12601
1574109057 11638
1574127645 16637
1574696558 16643
1574713450 11644
1575312432 11647
1576767397 12783
1576774793 12784
1578520578 13007
1579012709 13006
1579012846 13006
1579037820 13004
1579111119 13045
1579270146 13049
1579270264 13083
1579272833 13101
1579276373 13108
1582139024 13135
1582659372 13196
1582662158 13196
1583182687 13200
1584395220 13214
1584399551 13216
1584622870 13214
1584647559 14341
1585060148 15079
1585072319 15078
1585160189 15108
1585664730 15153
1589897556 15159
1593034398 15223
1593046002 15122
1593094570 15270
1593096361 15303
1593097578 15319
1593529657 15326
1593697373 15328
1594074207 15358
1594077595 15490
1594133861 15492
1594313665 15493
1594736154 15617
1595013181 15619
1596552279 15656
1596591102 15676
1597200182 15676
1597729326 15929
1598435996 15982
1598454910 16293
1599005287 16300
1599540352 16511
1599657222 16558
1599663512 16560
1599749792 16560
1599755239 16565
1599755278 16558
1599757150 16558
1600058982 16558
1600148576 16576
1600151041 16576
1600152140 16644
1600354121 16648
1600360827 16785
1600367348 16786
1600697941 16785
1600705726 16884
1601009377 17259
1601044511 17429
1601051170 17431
1601056323 17488
1601521118 17675
1601523409 17780
1601654814 17863
1601669162 17866
1601678591 17867
1601992579 17882
1602001267 17845
1602096757 17921
1602168144 17924
1602175243 17990
1602255411 17997
1602598152 18008
1602603945 18178
1602780611 17915
1603271812 17915
1603295394 17913
1603321347 17915
1603329185 17925
1603377299 17925
1603726490 17994
1603729403 17995
1603823543 17995
1603982854 17995
1604343677 18993
1604437743 19030
1604673310 19027
1604956576 19035
1604968877 19025
1605112095 19044
1605121748 19249
1605551404 19303
1605552366 19321
1605553147 19423
1605569534 19439
1605637770 19620
1605643743 19620
1605646843 19622
1605664716 19978
1605731673 19991
1605733349 19995
1605885053 20029
1606233720 20170
1606236003 20334
1606248945 20422
1606270822 20536
1606345588 20536
1606348658 20550
1606409508 20549
1606427234 20561
1606492776 20565
1606492847 20567
1606771480 20604
1606930072 20617
1607017228 20694
1607105809 20718
1607105847 20752
1607356839 20797
1607441889 20834
1607532679 20936
1607540410 20973
1607541094 20973
1607549227 20982
1608582730 21024
1610042464 21048
1610126989 21052
1610479794 21196
1611777197 21275
1612900785 21357
1612909901 21530
1612933493 21557
1612934003 21561
1612934855 21534
1613013534 21534
1613086190 21594
1613511015 21614
1613515750 21614
1613671018 21793
1613671389 21797
1613675561 21764
1613678593 21780
1613680959 21797
1613760565 21811
1613763964 21811
1614871722 21870
1614923566 21882
1615235556 21966
1616083376 21966
1617736790 21966
1617737519 21650
1617744489 21650
1617850756 21701
1617890430 21650
1618892791 21700
1618972224 21827
1619067988 22434
1619194814 22304
1619199338 22486
1619213414 22318
1619237909 22317
1619238575 22369
1619239211 22387
1619334308 22388
1619542812 22522
1619543636 22686
1619543947 22685
1619582252 22691
1619582365 22693
1619583567 22738
1619635526 22774
1619707834 22774
1619707847 22783
1619725548 22783
1619731111 22844
1619756014 22999
1619800866 23001
1620748123 23016
1620795161 23312
1620825045 23313
1620832460 23310
1620845362 23368
1620880893 23370
1621259113 23408
1621259771 23420
1621305159 23418
1621354573 23418
1621356507 23418
1621385802 23440
1621475897 23442
1621537930 23442
1621570777 23431
1621597442 23431
1621608737 23441
1621610467 23442
1621945654 23671
1621949091 23689
1622051731 23687
1622105691 23687
1622568395 23697
1622583379 23700
1622593442 23823
1622593831 23822
1622649656 23822
1623156695 23834
1623268744 23839
1623390472 23843
1623707619 23848
1623714980 23854
1623869315 23943
1624469336 24426
1625198989 24431
1625582764 24432
1625583067 24443
1625622796 24444
1626413612 24444
1626661558 24452
1626664803 24475
1627300602 24489
1627363348 24489
1627396636 24489
1627554140 24505
1627966639 24519
1628671081 24508
1628694040 24520
1628733939 24520
1629440442 24556
1629451344 24558
1631211679 24573
1634321376 24574
1635358635 24582
1635770286 24598
1636568687 24608
1636696977 24643
1637015738 24767
1637028847 24859
1637100943 24862
1638557398 24956
1639072964 24871
1641586004 24878
1641846524 25014
1642111889 25071
1642429876 25246
1642621751 25231
1644267135 25323
1644333585 25325
1644621547 25467
1644880625 25379
1644896528 25383
1645056975 25383
1645069255 25392
1645556881 25408
1646085261 25412
1646098206 25412
1646154248 25427
1646253207 25457
1646949990 25544
1647886718 25542
1648066476 25672
1648492067 25745
1650374835 25765
1650638853 25769
1651246921 25770
1652885988 25776
