1441662596 1200
1441732982 1205
1443010820 1205
1443189415 1205
1445598082 1226
1449235538 1234
1453838179 1242
1454583289 1242
1455025641 1242
1455286675 1245
1457045517 1245
1457536294 1781
1458596735 1781
1459507701 1781
1468900856 1782
1469256910 1784
1473246445 1792
1478546271 1793
1490871389 1799
1504036208 1799
1516744821 1799
1519397664 1818
1528817485 1818
1528880599 1818
1546983040 1818
1546984816 1844
1547038663 1844
1550230795 1845
1552496741 1867
1553616759 1874
1556029874 1874
1557755600 2116
1557825911 2116
1557946680 2117
1559687298 2123
1580405596 2123
1582121921 2120
1593183811 2173
1594644043 2165
1594819611 2165
1601468866 2223
1601508095 2235
1605026822 2234
1610321029 2234
1626767627 2247
1626802210 2247
