1434630482 0 0 0 0 0 0 0 0 0 0 0 0 1 0 0 0 0 0 0 0
1437986447 0 0 0 0 0 0 0 0 0 0 0 0 2 0 0 0 0 0 0 0
1437989013 0 0 0 0 0 0 0 0 0 0 0 0 3 0 0 0 0 0 0 0
1438256826 0 0 0 0 0 0 0 0 0 0 0 0 4 0 0 0 0 0 0 0
1439908449 0 0 0 0 0 0 0 0 0 0 0 0 4 0 0 0 0 0 0 0
1440414475 0 0 0 0 0 0 0 0 0 0 0 0 4 0 0 0 0 0 0 0
1440504449 0 0 0 0 0 0 0 0 0 0 0 0 5 0 0 0 0 0 0 0
1441181531 0 0 0 0 0 0 0 0 0 0 0 0 6 0 0 0 0 0 0 0
1441270746 0 0 0 1 0 0 0 0 0 0 0 0 6 0 0 0 0 0 0 0
1441393664 0 0 0 1 0 0 0 0 0 0 0 0 6 0 0 0 0 0 0 0
1443086664 0 0 0 1 0 0 0 0 0 0 0 0 7 0 0 0 0 0 0 0
1443189415 0 0 0 2 0 0 0 0 0 0 0 0 7 0 0 0 0 0 0 0
1444047692 0 0 0 2 0 0 0 0 0 0 0 0 8 0 0 0 0 0 0 0
1445598082 0 0 0 2 0 0 0 0 0 0 0 0 9 0 0 0 0 0 0 0
1446000056 0 0 0 2 0 0 0 0 0 0 0 0 10 0 0 0 0 0 0 0
1448384486 0 0 0 2 0 0 0 0 0 0 0 0 11 0 0 0 0 0 0 0
1449062044 0 0 0 2 0 0 0 0 0 0 0 0 11 0 0 0 0 0 0 0
1449069369 0 0 0 2 0 0 0 0 0 0 0 0 12 0 0 0 0 0 0 0
1453838179 0 0 0 2 0 0 0 0 0 0 0 0 12 0 0 0 0 0 0 0
1454322534 0 0 0 3 0 0 0 0 0 0 0 0 12 0 0 0 0 0 0 0
1454574463 0 0 0 3 0 0 0 0 0 0 0 0 13 0 0 0 0 0 0 0
1455025641 0 0 0 4 0 0 0 0 0 0 0 0 13 0 0 0 0 0 0 0
1455286675 0 0 0 5 0 0 0 0 0 0 0 0 13 0 0 0 0 0 0 0
1455742651 0 0 0 5 0 0 0 0 0 0 0 0 13 0 0 0 0 0 0 0
1455747240 0 0 0 5 0 0 0 0 0 0 0 0 13 0 0 0 0 0 0 0
1457047164 0 0 0 5 0 0 0 0 0 0 0 0 13 0 0 0 0 0 0 0
1457116815 0 0 0 5 0 0 0 0 0 0 0 0 13 0 0 0 0 0 0 0
1458174636 0 0 0 5 0 0 0 0 0 0 0 0 13 0 0 0 0 0 0 0
1458304929 0 0 0 5 0 0 0 0 0 0 0 0 13 0 0 0 0 0 0 0
1462179469 0 0 0 6 0 0 0 0 0 0 0 0 13 0 0 0 0 0 0 0
1462781022 0 0 0 6 0 0 0 0 0 0 0 0 13 0 0 0 0 0 0 0
1462877796 0 0 0 6 0 0 0 0 0 0 0 0 13 1 0 0 0 0 0 0
1462904878 0 0 0 7 0 0 0 0 0 0 0 0 13 1 0 0 0 0 0 0
1464839485 0 0 0 7 0 0 0 0 0 0 0 0 13 1 0 0 0 0 0 0
1465341316 0 0 0 7 0 0 0 0 0 0 0 0 13 2 0 0 0 0 0 0
1467313637 0 0 0 7 0 0 0 0 0 0 0 0 13 2 0 0 0 0 0 0
1468900981 0 0 0 7 0 0 0 0 0 0 0 0 13 2 0 0 0 0 0 0
1469060510 0 0 0 7 0 0 0 0 0 0 0 0 13 2 0 0 0 0 0 0
1469480321 0 0 0 7 0 0 0 0 0 0 0 0 13 2 0 0 0 0 0 0
1472662278 0 0 0 8 0 0 0 0 0 0 0 0 13 2 0 0 0 0 0 0
1472975560 0 0 0 9 0 0 0 0 0 0 0 0 13 2 0 0 0 0 0 0
1472976048 0 0 0 9 0 0 0 0 0 0 0 0 13 3 0 0 0 0 0 0
1478555064 0 0 0 9 0 0 0 0 0 0 0 0 13 3 0 0 0 0 0 0
1481813762 0 0 0 9 0 0 0 0 0 0 0 0 13 3 0 0 0 0 0 0
1486571527 0 0 0 9 0 0 0 0 0 0 0 0 13 3 0 0 0 0 0 0
1486752161 0 0 0 9 0 0 0 0 0 0 0 0 13 4 0 0 0 0 0 0
1486980809 0 0 0 9 0 0 0 0 0 0 0 0 13 5 0 0 0 0 0 0
1487282219 0 0 0 9 0 0 0 0 0 0 0 0 13 6 0 0 0 0 0 0
1487284475 0 0 0 9 0 0 0 0 0 0 0 0 13 7 0 0 0 0 0 0
1487284546 0 0 0 9 0 0 0 0 0 0 0 0 13 8 0 0 0 0 0 0
1487633023 0 0 0 9 0 0 0 0 0 0 0 0 13 9 0 0 0 0 0 0
1487633344 0 0 0 9 0 0 0 0 0 0 0 0 13 10 0 0 0 0 0 0
1487633691 0 0 0 9 0 0 0 0 0 0 0 0 13 11 0 0 0 0 0 0
1488190454 0 0 0 9 0 0 0 0 0 0 0 0 13 12 0 0 0 0 0 0
1490871082 0 0 0 9 0 0 0 0 0 0 0 0 13 12 0 0 0 0 0 0
1490871372 0 0 0 9 0 0 0 0 0 0 0 0 13 12 0 0 0 0 0 0
1493369838 0 0 0 9 0 0 0 0 0 0 0 0 13 12 0 0 0 0 0 0
1502118276 0 0 0 9 0 0 0 0 0 0 0 0 13 12 0 0 0 0 0 0
1502120206 0 0 0 9 0 0 0 0 0 0 0 0 13 12 0 0 0 0 0 0
1506520384 0 0 0 9 0 0 0 0 0 0 0 0 13 12 0 0 0 0 0 0
1509991142 0 0 0 9 0 0 0 0 0 0 0 0 13 12 0 0 0 0 0 0
1511438825 0 0 0 9 0 0 0 0 0 0 0 0 13 12 0 0 0 0 0 0
1511958157 0 0 0 9 0 0 0 0 0 0 0 0 13 12 0 0 0 0 0 0
1513437612 0 0 0 9 0 0 0 0 0 0 0 0 13 12 0 0 0 0 0 0
1513437692 0 0 0 9 0 0 0 0 0 0 0 0 13 12 0 0 0 0 0 0
1513533991 0 0 0 9 0 0 0 0 0 0 0 0 13 12 0 0 0 0 0 0
1517004718 0 0 0 9 0 0 0 0 0 0 0 0 13 12 0 0 0 0 0 0
1517529826 0 0 0 9 0 0 1 0 0 0 0 0 13 12 0 0 0 0 0 0
1518458473 0 0 0 9 0 0 1 0 0 0 1 0 13 12 0 0 0 0 0 0
1518556205 0 0 0 9 0 0 2 0 0 0 1 0 13 12 0 0 0 0 0 0
1518556620 0 0 0 9 0 0 2 0 0 0 2 0 13 12 0 0 0 0 0 0
1519397137 0 0 0 9 0 0 2 0 0 0 2 0 13 12 0 0 0 0 0 0
1519679438 0 0 0 9 0 0 2 0 0 0 3 0 13 12 0 0 0 0 0 0
1519879339 0 0 0 9 0 0 2 0 0 0 4 0 13 12 0 0 0 0 0 0
1520393947 0 0 0 9 0 0 3 0 0 0 4 0 13 12 0 0 0 0 0 0
1520483062 0 0 0 9 0 0 3 0 0 0 5 0 13 12 0 0 0 0 0 0
1520484506 0 0 0 9 0 0 3 0 0 0 6 0 13 12 0 0 0 0 0 0
1520898293 0 0 0 9 0 0 3 0 0 0 7 0 13 12 0 0 0 0 0 0
1521566928 0 0 0 9 0 0 3 0 0 0 7 0 13 12 0 0 0 0 0 0
1522273850 0 0 0 9 0 0 3 0 0 0 8 0 13 12 0 0 0 0 0 0
1523516317 0 0 0 9 0 0 3 0 0 0 8 0 13 12 0 0 0 0 0 0
1527046697 0 0 0 9 0 0 3 0 0 0 8 0 13 12 0 0 0 0 0 0
1527099711 0 0 0 9 0 0 4 0 0 0 8 0 13 12 0 0 0 0 0 0
1527435906 0 0 0 10 0 0 4 0 0 0 8 0 13 12 0 0 0 0 0 0
1527695883 0 0 0 11 0 0 4 0 0 0 8 0 13 12 0 0 0 0 0 0
1527888658 0 0 0 12 0 0 4 0 0 0 8 0 13 12 0 0 0 0 0 0
1528330874 0 0 0 13 0 0 4 0 0 0 8 0 13 12 0 0 0 0 0 0
1528743949 0 0 0 14 0 0 4 0 0 0 8 0 13 12 0 0 0 0 0 0
1528847259 0 0 0 14 0 0 4 0 0 0 8 0 13 12 0 0 0 0 0 0
1529416707 0 0 0 14 0 0 4 0 0 0 8 0 13 12 0 0 0 0 0 0
1531440136 0 0 0 14 0 0 4 0 0 0 9 0 13 12 0 0 0 0 0 0
1531869121 0 0 0 14 0 0 4 0 0 0 10 0 13 12 0 0 0 0 0 0
1531877583 0 0 0 14 0 0 4 0 0 0 11 0 13 12 0 0 0 0 0 0
1532122068 0 0 0 14 0 0 4 0 0 0 12 0 13 12 0 0 0 0 0 0
1533768754 0 0 0 14 0 0 4 0 0 0 12 0 13 12 0 0 0 0 0 0
1533798088 0 0 0 14 0 0 4 0 0 0 13 0 13 12 0 0 0 0 0 0
1533858094 0 0 0 14 0 0 5 0 0 0 13 0 13 12 0 0 0 0 0 0
1534522729 0 0 0 14 0 0 5 0 0 0 14 0 13 12 0 0 0 0 0 0
1534821796 0 0 0 14 0 0 6 0 0 0 14 0 13 12 0 0 0 0 0 0
1535211049 0 0 0 14 0 0 7 0 0 0 14 0 13 12 0 0 0 0 0 0
1535420180 0 0 0 14 0 0 8 0 0 0 14 0 13 12 0 0 0 0 0 0
1535497810 0 0 0 14 0 0 9 0 0 0 14 0 13 12 0 0 0 0 0 0
1535558198 0 0 0 14 0 0 9 0 0 0 14 0 13 12 0 0 0 0 0 0
1538784637 0 0 0 14 0 0 9 0 0 0 14 0 13 12 0 0 0 0 0 0
1539974013 0 0 0 15 0 0 9 0 0 0 14 0 13 12 0 0 0 0 0 0
1539995763 0 0 0 15 0 0 10 0 0 0 14 0 13 12 0 0 0 0 0 0
1540076042 0 0 0 15 0 0 11 0 0 0 14 0 13 12 0 0 0 0 0 0
1540077302 0 0 0 15 0 0 12 0 0 0 14 0 13 12 0 0 0 0 0 0
1540078449 0 0 0 15 0 0 13 0 0 0 14 0 13 12 0 0 0 0 0 0
1540196721 0 1 0 15 0 0 13 0 0 0 14 0 13 12 0 0 0 0 0 0
1540204621 0 2 0 15 0 0 13 0 0 0 14 0 13 12 0 0 0 0 0 0
1540213443 0 3 0 15 0 0 13 0 0 0 14 0 13 12 0 0 0 0 0 0
1540320499 0 4 0 15 0 0 13 0 0 0 14 0 13 12 0 0 0 0 0 0
1540359192 0 5 0 15 0 0 13 0 0 0 14 0 13 12 0 0 0 0 0 0
1540428358 0 5 0 15 0 0 13 0 0 0 15 0 13 12 0 0 0 0 0 0
1540570855 0 5 0 15 0 0 13 0 0 0 15 0 13 12 0 0 0 0 0 0
1541730168 0 5 0 15 0 0 14 0 0 0 15 0 13 12 0 0 0 0 0 0
1541788718 0 5 0 16 0 0 14 0 0 0 15 0 13 12 0 0 0 0 0 0
1541802519 0 5 0 17 0 0 14 0 0 0 15 0 13 12 0 0 0 0 0 0
1541806043 0 5 0 18 0 0 14 0 0 0 15 0 13 12 0 0 0 0 0 0
1542044925 0 5 0 19 0 0 14 0 0 0 15 0 13 12 0 0 0 0 0 0
1542133639 0 5 0 20 0 0 14 0 0 0 15 0 13 12 0 0 0 0 0 0
1542135087 0 5 0 21 0 0 14 0 0 0 15 0 13 12 0 0 0 0 0 0
1542138989 0 5 0 22 0 0 14 0 0 0 15 0 13 12 0 0 0 0 0 0
1542386396 0 5 0 23 0 0 14 0 0 0 15 0 13 12 0 0 0 0 0 0
1542915744 0 5 0 23 0 0 14 0 0 0 15 0 13 12 0 0 0 0 0 0
1543170886 0 5 0 24 0 0 14 0 0 0 15 0 13 12 0 0 0 0 0 0
1543177088 0 5 0 25 0 0 14 0 0 0 15 0 13 12 0 0 0 0 0 0
1543325085 0 6 0 25 0 0 14 0 0 0 15 0 13 12 0 0 0 0 0 0
1543501472 0 6 0 25 0 0 14 0 0 0 15 0 13 12 0 0 0 0 0 0
1544481851 0 6 0 25 0 0 15 0 0 0 15 0 13 12 0 0 0 0 0 0
1544493402 0 6 0 25 0 0 16 0 0 0 15 0 13 12 0 0 0 0 0 0
1544527194 0 6 0 25 0 0 16 0 0 0 15 0 13 12 0 0 0 0 0 0
1544541171 0 6 0 26 0 0 16 0 0 0 15 0 13 12 0 0 0 0 0 0
1545268878 0 6 0 26 0 0 17 0 0 0 15 0 13 12 0 0 0 0 0 0
1546279399 0 6 0 26 0 0 17 0 0 0 15 0 13 12 0 0 0 0 0 0
1546626088 0 6 0 26 0 0 17 0 0 0 15 0 13 12 0 0 0 0 0 0
1546629385 0 6 0 26 0 0 17 0 0 0 15 0 13 12 0 0 0 0 0 0
1546631656 0 6 0 26 0 0 17 0 0 0 15 0 13 12 0 0 0 0 0 0
1546632866 0 6 0 26 0 0 17 0 0 0 15 0 13 12 0 0 0 0 0 0
1547098113 0 6 0 26 0 0 18 0 0 0 15 0 13 12 0 0 0 0 0 0
1548943798 0 6 0 26 0 0 18 0 0 0 15 0 13 12 0 0 0 0 0 0
1549379057 0 6 0 26 0 0 19 0 0 0 15 0 13 12 0 0 0 0 0 0
1549418385 0 6 0 26 0 0 20 0 0 0 15 0 13 12 0 0 0 0 0 0
1549874808 0 6 0 26 0 0 20 0 0 0 15 0 13 12 0 0 0 0 0 0
1549894026 0 6 0 26 0 0 20 0 0 0 15 0 13 12 0 0 0 0 0 0
1549972751 0 6 0 26 0 0 20 0 0 0 15 0 13 12 0 0 0 0 0 0
1550065406 0 7 0 26 0 0 20 0 0 0 15 0 13 12 0 0 0 0 0 0
1550731048 0 7 0 27 0 0 20 0 0 0 15 0 13 12 0 0 0 0 0 0
1551193186 0 7 0 27 0 0 20 0 0 0 15 0 13 12 0 0 0 0 0 0
1551815430 0 7 0 27 0 0 20 0 0 0 15 0 13 12 0 0 0 0 0 0
1553179600 0 7 0 27 0 0 20 0 0 0 15 0 13 12 0 0 0 0 0 0
1553789585 0 7 0 27 0 0 20 0 0 0 15 0 13 12 0 0 0 0 0 0
1554133306 0 7 0 27 0 0 21 0 0 0 15 0 13 12 0 0 0 0 0 0
1554133331 0 7 0 27 0 0 22 0 0 0 15 0 13 12 0 0 0 0 0 0
1554512977 0 7 0 27 0 0 22 0 0 0 15 0 13 12 0 0 0 0 0 0
1556029025 0 7 0 27 0 0 22 0 0 0 15 0 13 12 0 0 0 0 0 0
1556047443 0 7 0 27 0 0 23 0 0 0 15 0 13 12 0 0 0 0 0 0
1556047463 0 7 0 27 0 0 23 0 0 0 15 0 13 12 0 0 0 0 0 0
1557167838 0 7 0 27 0 0 23 0 0 0 15 0 13 12 0 0 0 0 0 0
1557414930 0 7 0 27 0 0 23 0 0 0 15 0 13 12 0 0 0 0 0 0
1557825544 0 8 0 27 0 0 23 0 0 0 15 0 13 12 0 0 0 0 0 0
1557907281 0 8 0 27 0 0 23 0 0 0 15 0 13 12 0 0 0 0 0 0
1558538332 0 8 0 27 0 0 23 0 0 0 15 0 13 12 0 0 0 0 0 0
1559680906 0 8 0 27 0 0 23 0 0 0 15 0 13 12 0 0 0 0 0 0
1561386720 0 8 0 27 0 0 23 0 0 0 15 0 13 12 0 0 0 0 0 0
1562589488 0 8 0 27 0 0 23 0 0 0 15 0 13 12 0 0 0 0 0 0
1563543898 0 8 0 27 0 0 23 0 0 0 15 0 13 12 0 0 0 0 0 0
1563543940 0 8 0 27 0 0 23 0 0 0 15 0 13 12 0 0 0 0 0 0
1563903577 0 8 0 27 0 0 23 0 0 0 15 0 13 12 0 0 0 0 0 0
1565099484 0 8 0 27 0 0 23 0 0 0 15 0 13 12 0 0 0 0 0 0
1565598263 0 8 0 27 0 0 23 0 0 0 15 0 13 12 0 0 0 0 0 0
1567200611 0 8 0 27 0 0 23 0 0 0 15 0 13 12 0 0 0 0 0 0
1569581705 0 9 0 27 0 0 23 0 0 0 15 0 13 12 0 0 0 0 0 0
1570521461 0 9 0 27 0 0 23 0 0 0 15 0 13 12 0 0 0 0 0 0
1572342844 0 9 0 27 0 0 23 0 0 0 15 0 13 12 0 0 0 0 0 0
1572543265 0 9 0 27 0 0 23 0 0 0 15 0 13 12 0 0 0 0 0 0
1572598693 0 10 0 27 0 0 23 0 0 0 15 0 13 12 0 0 0 0 0 0
1572619417 0 11 0 27 0 0 23 0 0 0 15 0 13 12 0 0 0 0 0 0
1572822938 0 12 0 27 0 0 23 0 0 0 15 0 13 12 0 0 0 0 0 0
1572850299 0 12 0 27 0 0 23 0 0 0 15 0 13 12 0 0 0 0 0 0
1573070577 0 13 0 27 0 0 23 0 0 0 15 0 13 12 0 0 0 0 0 0
1573070847 0 14 0 27 0 0 23 0 0 0 15 0 13 12 0 0 0 0 0 0
1574458482 0 14 0 27 0 0 23 0 0 0 15 0 13 12 0 0 0 0 0 0
1574458843 0 14 0 27 0 0 23 0 0 0 15 0 13 12 0 0 0 0 0 0
1574459029 0 14 0 27 0 0 23 0 0 0 15 0 13 12 0 0 0 0 0 0
1576505067 0 14 0 27 0 0 23 0 0 0 15 0 13 12 0 0 0 0 0 0
1578947611 0 14 0 27 0 0 23 0 0 0 15 0 13 12 0 0 0 0 0 0
1580288346 0 14 0 27 0 0 23 0 0 0 15 0 13 12 0 0 0 0 0 0
1580288397 0 14 0 27 0 0 23 0 0 0 15 0 13 12 0 0 0 0 0 0
1582163464 0 14 0 27 0 0 23 0 0 0 15 0 13 12 0 0 0 0 0 0
1582591377 0 14 0 27 0 0 23 0 0 0 15 0 13 12 0 0 0 1 0 0
1583282282 0 14 0 27 0 0 23 0 0 0 15 0 13 12 0 0 0 1 0 0
1583716579 0 14 0 27 0 0 23 0 0 0 15 0 13 12 0 0 0 1 0 0
1586649349 0 14 0 27 0 0 23 0 0 0 15 1 13 12 0 0 0 1 0 0
1586983234 0 14 0 27 0 0 23 0 0 0 15 1 13 12 0 0 0 1 0 0
1587376735 0 14 0 27 0 0 23 0 0 0 15 1 13 12 0 0 0 2 0 0
1587416230 0 14 0 27 0 0 23 0 0 0 15 1 13 12 0 0 0 2 0 0
1587474932 0 14 0 27 0 0 23 0 0 0 15 2 13 12 0 0 0 2 0 0
1587509810 0 14 0 27 0 0 23 0 0 0 15 2 13 12 0 0 0 2 0 0
1587509958 0 14 0 27 0 0 23 0 0 0 15 2 13 12 0 0 0 2 0 0
1587545850 0 14 0 27 0 0 23 0 0 0 15 3 13 12 0 0 0 2 0 0
1588582026 0 14 0 27 0 0 23 0 0 0 15 3 13 12 0 0 0 3 0 0
1589272390 0 14 0 27 0 0 23 0 0 0 15 3 13 12 0 0 0 3 0 0
1589461335 0 14 0 27 0 0 23 0 0 0 15 3 13 12 0 0 0 3 0 0
1589811165 0 14 0 27 0 0 23 0 0 0 15 4 13 12 0 0 0 3 0 0
1589815959 0 14 0 27 0 0 23 0 0 0 15 5 13 12 0 0 0 3 0 0
1590802386 0 14 0 27 0 0 23 0 0 0 15 5 13 12 0 0 0 3 0 0
1591096066 0 14 1 27 0 0 23 0 0 0 15 5 13 12 0 0 0 3 0 0
1591345868 0 14 1 27 0 0 23 0 0 0 15 5 13 12 0 0 0 3 0 0
1591369309 0 14 1 28 0 0 23 0 0 0 15 5 13 12 0 0 0 3 0 0
1591497724 0 14 1 28 0 0 23 0 0 0 15 5 13 12 0 0 0 3 0 0
1591892333 0 14 2 28 0 0 23 0 0 0 15 5 13 12 0 0 0 3 0 0
1591897554 0 14 3 28 0 0 23 0 0 0 15 5 13 12 0 0 0 3 0 0
1591908458 0 14 3 28 0 0 23 0 0 0 15 6 13 12 0 0 0 3 0 0
1591953852 0 14 4 28 0 0 23 0 0 0 15 6 13 12 0 0 0 3 0 0
1591953951 0 14 5 28 0 0 23 0 0 0 15 6 13 12 0 0 0 3 0 0
1592089732 0 14 5 28 0 0 23 0 0 0 15 6 13 12 0 0 0 3 0 0
1592091876 0 14 5 28 0 0 23 0 0 0 15 6 13 12 0 0 0 3 0 0
1592207706 0 14 5 28 0 0 23 0 0 0 15 6 13 12 0 0 0 3 0 0
1592297158 0 14 5 28 0 0 23 0 0 0 15 6 13 12 0 0 0 3 0 0
1592297823 0 14 5 28 0 0 23 0 0 0 15 6 13 12 0 0 0 3 0 0
1592400515 0 14 5 28 0 0 23 0 0 0 15 6 13 12 0 0 0 3 0 0
1592405264 0 14 5 28 0 0 23 0 0 0 15 6 13 12 0 0 0 3 0 0
1592485514 0 14 6 28 0 0 23 0 0 0 15 6 13 12 0 0 0 3 0 0
1592498619 0 14 7 28 0 0 23 0 0 0 15 6 13 12 0 0 0 3 0 0
1592554433 0 14 8 28 0 0 23 0 0 0 15 6 13 12 0 0 0 3 0 0
1592816692 0 14 8 29 0 0 23 0 0 0 15 6 13 12 0 0 0 3 0 0
1592899031 0 14 8 29 0 0 23 0 0 0 15 6 13 12 0 0 0 3 0 0
1592899138 0 14 8 29 0 0 23 0 0 0 15 6 13 12 0 0 0 3 0 0
1593170972 0 14 9 29 0 0 23 0 0 0 15 6 13 12 0 0 0 3 0 0
1593177252 0 14 10 29 0 0 23 0 0 0 15 6 13 12 0 0 0 3 0 0
1593429573 0 14 10 29 0 0 23 0 0 0 15 6 13 12 1 0 0 3 0 0
1593455863 0 14 10 29 0 0 23 0 0 0 15 6 13 12 2 0 0 3 0 0
1593455895 0 14 10 29 0 0 23 0 0 0 15 6 13 12 3 0 0 3 0 0
1593511523 0 14 10 30 0 0 23 0 0 0 15 6 13 12 3 0 0 3 0 0
1593531996 0 14 10 31 0 0 23 0 0 0 15 6 13 12 3 0 0 3 0 0
1593532362 0 14 10 32 0 0 23 0 0 0 15 6 13 12 3 0 0 3 0 0
1593540027 0 14 10 32 0 0 23 0 0 0 15 6 13 12 4 0 0 3 0 0
1593592942 0 14 10 32 0 0 23 0 0 0 15 6 13 12 4 0 0 3 0 0
1593592974 0 14 10 32 0 0 23 0 0 0 15 6 13 12 5 0 0 3 0 0
1593611340 0 14 10 32 0 0 23 0 0 0 15 6 13 12 6 0 0 3 0 0
1593763621 0 14 10 32 0 0 23 0 0 0 15 6 13 12 6 0 0 3 0 0
1593798220 0 14 10 33 0 0 23 0 0 0 15 6 13 12 6 0 0 3 0 0
1594069268 0 14 10 33 0 0 23 0 0 0 15 6 13 12 6 0 0 3 0 0
1594109961 0 14 10 33 0 0 23 0 0 0 15 6 13 12 6 0 0 3 0 0
1594990017 0 14 10 33 0 0 23 0 0 0 15 6 13 12 6 0 0 3 0 0
1595233104 0 14 10 33 0 0 23 0 0 0 15 6 13 12 6 0 0 3 0 0
1595233221 0 14 10 33 0 0 23 0 0 0 15 6 13 12 6 0 0 3 0 0
1595333211 0 14 10 33 0 0 23 0 0 0 15 6 13 12 7 0 0 3 0 0
1595437342 0 14 10 33 0 0 23 0 0 0 15 6 13 12 8 0 0 3 0 0
1595532933 0 14 10 33 0 0 23 0 0 0 15 6 13 12 8 0 0 3 0 0
1595784596 0 14 10 33 0 0 23 0 0 0 15 6 13 12 9 0 0 3 0 0
1595837591 0 14 10 33 0 0 23 0 0 0 15 6 13 12 10 0 0 3 0 0
1599249043 0 14 10 33 0 0 23 0 0 0 15 7 13 12 10 0 0 3 0 0
1599417161 0 14 10 33 0 0 23 0 0 0 15 7 13 12 10 0 0 3 0 0
1599675079 1 14 10 33 0 0 23 0 0 0 15 7 13 12 10 0 0 3 0 0
1599678901 2 14 10 33 0 0 23 0 0 0 15 7 13 12 10 0 0 3 0 0
1600356032 2 14 11 33 0 0 23 0 0 0 15 7 13 12 10 0 0 3 0 0
1600850142 2 14 11 33 0 0 23 0 0 0 15 7 13 12 10 0 0 3 0 0
1600951114 3 14 11 33 0 0 23 0 0 0 15 7 13 12 10 0 0 3 0 0
1600955529 4 14 11 33 0 0 23 0 0 0 15 7 13 12 10 0 0 3 0 0
1601053416 5 14 11 33 0 0 23 0 0 0 15 7 13 12 10 0 0 3 0 0
1601407343 6 14 11 33 0 0 23 0 0 0 15 7 13 12 10 0 0 3 0 0
1601648103 7 14 11 33 0 0 23 0 0 0 15 7 13 12 10 0 0 3 0 0
1602229774 7 14 12 33 0 0 23 0 0 0 15 7 13 12 10 0 0 3 0 0
1602516852 7 14 12 33 0 0 23 1 0 0 15 7 13 12 10 0 0 3 0 0
1602557869 8 14 12 33 0 0 23 1 0 0 15 7 13 12 10 0 0 3 0 0
1602628553 9 14 12 33 0 0 23 1 0 0 15 7 13 12 10 0 0 3 0 0
1602701277 9 14 12 33 0 0 23 2 0 0 15 7 13 12 10 0 0 3 0 0
1602701684 10 14 12 33 0 0 23 2 0 0 15 7 13 12 10 0 0 3 0 0
1602772618 10 14 12 33 0 0 23 3 0 0 15 7 13 12 10 0 0 3 0 0
1602772668 10 14 12 33 0 0 23 4 0 0 15 7 13 12 10 0 0 3 0 0
1602777270 10 14 12 33 0 0 23 4 0 0 15 7 13 12 10 0 0 3 0 0
1602777376 10 14 12 33 0 0 23 4 0 0 15 7 13 12 10 0 0 3 0 0
1602778743 11 14 12 33 0 0 23 4 0 0 15 7 13 12 10 0 0 3 0 0
1602778989 12 14 12 33 0 0 23 4 0 0 15 7 13 12 10 0 0 3 0 0
1602779416 13 14 12 33 0 0 23 4 0 0 15 7 13 12 10 0 0 3 0 0
1602779953 14 14 12 33 0 0 23 4 0 0 15 7 13 12 10 0 0 3 0 0
1602782479 14 14 13 33 0 0 23 4 0 0 15 7 13 12 10 0 0 3 0 0
1602796701 15 14 13 33 0 0 23 4 0 0 15 7 13 12 10 0 0 3 0 0
1602797102 16 14 13 33 0 0 23 4 0 0 15 7 13 12 10 0 0 3 0 0
1602799662 17 14 13 33 0 0 23 4 0 0 15 7 13 12 10 0 0 3 0 0
1602805391 18 14 13 33 0 0 23 4 0 0 15 7 13 12 10 0 0 3 0 0
1602841169 18 14 13 33 0 0 23 5 0 0 15 7 13 12 10 0 0 3 0 0
1602842683 18 14 13 33 0 0 23 6 0 0 15 7 13 12 10 0 0 3 0 0
1602843307 18 14 13 33 0 0 23 7 0 0 15 7 13 12 10 0 0 3 0 0
1602863296 19 14 13 33 0 0 23 7 0 0 15 7 13 12 10 0 0 3 0 0
1602869347 20 14 13 33 0 0 23 7 0 0 15 7 13 12 10 0 0 3 0 0
1602972762 20 14 13 33 0 0 23 7 0 0 15 7 13 12 10 1 0 3 0 0
1603047710 21 14 13 33 0 0 23 7 0 0 15 7 13 12 10 1 0 3 0 0
1603078757 22 14 13 33 0 0 23 7 0 0 15 7 13 12 10 1 0 3 0 0
1603293745 23 14 13 33 0 0 23 7 0 0 15 7 13 12 10 1 0 3 0 0
1603460503 23 14 13 33 0 0 23 7 0 0 15 7 13 12 10 1 0 3 0 0
1603465138 23 14 13 33 0 0 23 8 0 0 15 7 13 12 10 1 0 3 0 0
1603562869 23 14 13 33 0 0 23 8 0 0 15 7 13 12 10 1 0 3 0 0
1603701993 23 14 13 33 0 0 23 8 0 0 15 7 13 12 10 1 0 3 0 0
1604422877 23 14 13 33 0 0 23 8 0 0 15 7 13 12 10 1 0 3 0 0
1604490964 24 14 13 33 0 0 23 8 0 0 15 7 13 12 10 1 0 3 0 0
1604564709 24 14 13 33 0 0 23 9 0 0 15 7 13 12 10 1 0 3 0 0
1604567507 24 14 13 33 0 0 23 9 0 0 15 7 13 12 10 1 0 3 0 0
1604604048 24 14 13 33 0 0 23 9 0 0 15 7 13 12 10 2 0 3 0 0
1604933383 24 14 13 33 0 0 23 9 0 0 15 7 13 12 10 2 0 3 0 0
1604958274 25 14 13 33 0 0 23 9 0 0 15 7 13 12 10 2 0 3 0 0
1605018467 25 14 13 33 0 0 23 9 0 0 15 7 13 12 10 2 0 3 0 0
1605040978 25 14 13 33 0 0 23 9 0 0 15 7 13 12 10 2 0 3 0 0
1605057223 25 14 13 33 0 0 23 9 0 0 15 7 13 12 10 3 0 3 0 0
1605097051 25 14 13 33 0 0 23 9 0 0 15 8 13 12 10 3 0 3 0 0
1605097511 25 14 13 33 0 0 23 9 0 0 15 8 13 12 10 4 0 3 0 0
1605117079 25 14 13 33 0 0 23 9 0 0 15 9 13 12 10 4 0 3 0 0
1605287990 25 14 13 33 0 0 23 10 0 0 15 9 13 12 10 4 0 3 0 0
1605354574 25 14 13 33 0 0 23 11 0 0 15 9 13 12 10 4 0 3 0 0
1605932704 25 14 13 33 0 0 23 11 0 0 15 9 13 12 10 5 0 3 0 0
1606164339 26 14 13 33 0 0 23 11 0 0 15 9 13 12 10 5 0 3 0 0
1606333563 26 14 13 33 0 0 23 11 1 0 15 9 13 12 10 5 0 3 0 0
1606926969 27 14 13 33 0 0 23 11 1 0 15 9 13 12 10 5 0 3 0 0
1606985779 27 14 13 33 0 0 23 11 1 0 15 9 13 12 10 5 0 3 0 0
1607028176 27 14 13 33 0 0 23 11 2 0 15 9 13 12 10 5 0 3 0 0
1607069121 27 14 13 33 0 0 23 11 2 0 15 9 13 12 10 6 0 3 0 0
1607071786 28 14 13 33 0 0 23 11 2 0 15 9 13 12 10 6 0 3 0 0
1607207842 28 14 13 33 0 0 23 11 3 0 15 9 13 12 10 6 0 3 0 0
1607385977 28 14 13 33 0 0 23 12 3 0 15 9 13 12 10 6 0 3 0 0
1607428383 28 14 13 33 0 0 23 13 3 0 15 9 13 12 10 6 0 3 0 0
1607445177 28 14 14 33 0 0 23 13 3 0 15 9 13 12 10 6 0 3 0 0
1607770150 28 14 14 33 0 0 23 14 3 0 15 9 13 12 10 6 0 3 0 0
1607803502 28 14 14 33 0 0 23 14 3 0 15 9 13 12 10 6 0 3 0 0
1607977316 28 14 14 33 0 0 23 14 3 0 15 9 13 12 10 6 0 3 0 0
1608027113 28 14 14 33 0 0 23 14 4 0 15 9 13 12 10 6 0 3 0 0
1608652724 29 14 14 33 0 0 23 14 4 0 15 9 13 12 10 6 0 3 0 0
1609372214 30 14 14 33 0 0 23 14 4 0 15 9 13 12 10 6 0 3 0 0
1609372830 31 14 14 33 0 0 23 14 4 0 15 9 13 12 10 6 0 3 0 0
1609532003 32 14 14 33 0 0 23 14 4 0 15 9 13 12 10 6 0 3 0 0
1610453109 32 14 14 33 0 0 23 14 4 0 15 9 13 12 10 6 0 3 0 0
1610578154 33 14 14 33 0 0 23 14 4 0 15 9 13 12 10 6 0 3 0 0
1610582730 33 14 14 33 0 0 23 15 4 0 15 9 13 12 10 6 0 3 0 0
1610728135 33 14 14 33 0 0 23 15 4 0 15 9 13 12 10 6 0 3 0 0
1610970792 34 14 14 33 0 0 23 15 4 0 15 9 13 12 10 6 0 3 0 0
1611237917 35 14 14 33 0 0 23 15 4 0 15 9 13 12 10 6 0 3 0 0
1611240128 36 14 14 33 0 0 23 15 4 0 15 9 13 12 10 6 0 3 0 0
1611263838 37 14 14 33 0 0 23 15 4 0 15 9 13 12 10 6 0 3 0 0
1611271765 38 14 14 33 0 0 23 15 4 0 15 9 13 12 10 6 0 3 0 0
1611359207 38 14 14 33 0 0 23 15 4 0 15 9 13 12 10 6 0 3 0 0
1611681605 38 14 14 33 0 0 23 15 4 0 15 9 13 12 10 6 0 3 0 0
1611743405 39 14 14 33 0 0 23 15 4 0 15 9 13 12 10 6 0 3 0 0
1611768252 40 14 14 33 0 0 23 15 4 0 15 9 13 12 10 6 0 3 0 0
1611801121 41 14 14 33 0 0 23 15 4 0 15 9 13 12 10 6 0 3 0 0
1611876276 41 15 14 33 0 0 23 15 4 0 15 9 13 12 10 6 0 3 0 0
1612036315 41 15 14 33 0 0 23 15 4 0 15 9 13 12 11 6 0 3 0 0
1612188613 41 16 14 33 0 0 23 15 4 0 15 9 13 12 11 6 0 3 0 0
1612270770 41 17 14 33 0 0 23 15 4 0 15 9 13 12 11 6 0 3 0 0
1612297254 42 17 14 33 0 0 23 15 4 0 15 9 13 12 11 6 0 3 0 0
1612339908 42 18 14 33 0 0 23 15 4 0 15 9 13 12 11 6 0 3 0 0
1612380838 42 19 14 33 0 0 23 15 4 0 15 9 13 12 11 6 0 3 0 0
1612434913 43 19 14 33 0 0 23 15 4 0 15 9 13 12 11 6 0 3 0 0
1612508915 43 20 14 33 0 0 23 15 4 0 15 9 13 12 11 6 0 3 0 0
1612862297 44 20 14 33 0 0 23 15 4 0 15 9 13 12 11 6 0 3 0 0
1612867504 44 21 14 33 0 0 23 15 4 0 15 9 13 12 11 6 0 3 0 0
1612879015 44 22 14 33 0 0 23 15 4 0 15 9 13 12 11 6 0 3 0 0
1612879215 44 23 14 33 0 0 23 15 4 0 15 9 13 12 11 6 0 3 0 0
1613155189 45 23 14 33 0 0 23 15 4 0 15 9 13 12 11 6 0 3 0 0
1613160163 45 23 14 33 0 0 23 15 4 0 15 9 13 12 11 7 0 3 0 0
1613485215 45 23 14 33 0 0 23 15 5 0 15 9 13 12 11 7 0 3 0 0
1613486300 45 23 15 33 0 0 23 15 5 0 15 9 13 12 11 7 0 3 0 0
1613488543 46 23 15 33 0 0 23 15 5 0 15 9 13 12 11 7 0 3 0 0
1613591986 47 23 15 33 0 0 23 15 5 0 15 9 13 12 11 7 0 3 0 0
1613664826 47 23 16 33 0 0 23 15 5 0 15 9 13 12 11 7 0 3 0 0
1613723850 47 24 16 33 0 0 23 15 5 0 15 9 13 12 11 7 0 3 0 0
1613835157 48 24 16 33 0 0 23 15 5 0 15 9 13 12 11 7 0 3 0 0
1613927124 48 24 16 33 0 0 23 15 5 0 15 9 13 12 11 7 0 3 0 0
1614088487 48 25 16 33 0 0 23 15 5 0 15 9 13 12 11 7 0 3 0 0
1614172451 48 26 16 33 0 0 23 15 5 0 15 9 13 12 11 7 0 3 0 0
1614174547 48 26 16 33 0 0 23 15 5 0 15 9 13 12 11 7 0 3 0 0
1614237928 48 26 16 33 0 0 23 15 5 0 15 9 13 12 11 7 0 3 0 0
1614261268 48 26 17 33 0 0 23 15 5 0 15 9 13 12 11 7 0 3 0 0
1614261584 49 26 17 33 0 0 23 15 5 0 15 9 13 12 11 7 0 3 0 0
1614262195 49 27 17 33 0 0 23 15 5 0 15 9 13 12 11 7 0 3 0 0
1614272069 49 28 17 33 0 0 23 15 5 0 15 9 13 12 11 7 0 3 0 0
1614326011 49 29 17 33 0 0 23 15 5 0 15 9 13 12 11 7 0 3 0 0
1614714502 49 29 17 33 0 0 23 15 5 0 15 9 13 12 11 7 0 3 0 0
1614770435 49 30 17 33 0 0 23 15 5 0 15 9 13 12 11 7 0 3 0 0
1614812737 49 30 17 33 0 0 23 15 5 0 15 9 13 12 11 7 0 3 0 0
1615291884 49 30 17 33 0 0 23 15 5 0 15 9 13 12 11 7 0 3 0 0
1615298587 49 31 17 33 0 0 23 15 5 0 15 9 13 12 11 7 0 3 0 0
1615321516 49 31 17 33 0 0 23 15 5 0 15 9 13 12 11 7 0 3 0 0
1615460080 49 32 17 33 0 0 23 15 5 0 15 9 13 12 11 7 0 3 0 0
1615556138 49 33 17 33 0 0 23 15 5 0 15 9 13 12 11 7 0 3 0 0
1615811136 49 33 17 33 0 0 23 15 5 0 15 9 13 12 11 8 0 3 0 0
1616105605 49 33 17 33 0 0 23 15 5 0 15 9 13 12 11 8 0 3 0 0
1616412509 49 33 18 33 0 0 23 15 5 0 15 9 13 12 11 8 0 3 0 0
1616432213 49 33 19 33 0 0 23 15 5 0 15 9 13 12 11 8 0 3 0 0
1616435395 50 33 19 33 0 0 23 15 5 0 15 9 13 12 11 8 0 3 0 0
1616668688 50 33 20 33 0 0 23 15 5 0 15 9 13 12 11 8 0 3 0 0
1616702925 50 33 20 33 0 0 23 15 5 0 15 9 13 12 11 9 0 3 0 0
1616711553 50 33 21 33 0 0 23 15 5 0 15 9 13 12 11 9 0 3 0 0
1617029905 51 33 21 33 0 0 23 15 5 0 15 9 13 12 11 9 0 3 0 0
1617101053 52 33 21 33 0 0 23 15 5 0 15 9 13 12 11 9 0 3 0 0
1617114748 52 33 22 33 0 0 23 15 5 0 15 9 13 12 11 9 0 3 0 0
1617137465 53 33 22 33 0 0 23 15 5 0 15 9 13 12 11 9 0 3 0 0
1617143906 53 33 22 33 0 0 23 15 5 0 15 10 13 12 11 9 0 3 0 0
1617178398 53 33 22 33 0 0 23 15 5 0 15 10 13 12 11 9 0 3 0 0
1617181246 53 33 22 33 0 0 23 15 5 0 15 10 13 12 11 9 0 3 0 0
1617183147 53 33 22 33 0 0 23 15 5 0 15 10 13 12 11 9 0 3 0 0
1617192104 53 33 22 33 0 0 23 15 5 0 15 10 13 12 11 9 0 3 0 0
1617267281 53 33 22 33 0 0 23 15 5 0 15 11 13 12 11 9 0 3 0 0
1617341942 53 33 22 33 0 0 23 15 5 0 15 11 13 12 11 9 0 3 1 0
1617380943 53 33 22 33 0 0 23 15 5 0 15 11 13 12 11 9 0 3 2 0
1617790269 53 33 23 33 0 0 23 15 5 0 15 11 13 12 11 9 0 3 2 0
1617810391 54 33 23 33 0 0 23 15 5 0 15 11 13 12 11 9 0 3 2 0
1617810758 54 33 24 33 0 0 23 15 5 0 15 11 13 12 11 9 0 3 2 0
1617811014 55 33 24 33 0 0 23 15 5 0 15 11 13 12 11 9 0 3 2 0
1617815503 56 33 24 33 0 0 23 15 5 0 15 11 13 12 11 9 0 3 2 0
1617817941 57 33 24 33 0 0 23 15 5 0 15 11 13 12 11 9 0 3 2 0
1617823598 57 33 24 33 0 0 23 15 5 0 15 11 13 12 11 9 0 3 2 0
1617873624 57 33 24 33 0 0 23 15 5 0 15 11 13 12 11 9 0 3 2 0
1617897225 58 33 24 33 0 0 23 15 5 0 15 11 13 12 11 9 0 3 2 0
1617900391 58 33 25 33 0 0 23 15 5 0 15 11 13 12 11 9 0 3 2 0
1617980793 59 33 25 33 0 0 23 15 5 0 15 11 13 12 11 9 0 3 2 0
1617982148 60 33 25 33 0 0 23 15 5 0 15 11 13 12 11 9 0 3 2 0
1618238472 61 33 25 33 0 0 23 15 5 0 15 11 13 12 11 9 0 3 2 0
1618844147 62 33 25 33 0 0 23 15 5 0 15 11 13 12 11 9 0 3 2 0
1618848456 62 33 26 33 0 0 23 15 5 0 15 11 13 12 11 9 0 3 2 0
1618923372 62 33 27 33 0 0 23 15 5 0 15 11 13 12 11 9 0 3 2 0
1618930845 63 33 27 33 0 0 23 15 5 0 15 11 13 12 11 9 0 3 2 0
1618932859 64 33 27 33 0 0 23 15 5 0 15 11 13 12 11 9 0 3 2 0
1619009551 64 33 28 33 0 0 23 15 5 0 15 11 13 12 11 9 0 3 2 0
1619191087 65 33 28 33 0 0 23 15 5 0 15 11 13 12 11 9 0 3 2 0
1619534370 66 33 28 33 0 0 23 15 5 0 15 11 13 12 11 9 0 3 2 0
1619536522 67 33 28 33 0 0 23 15 5 0 15 11 13 12 11 9 0 3 2 0
1619543718 68 33 28 33 0 0 23 15 5 0 15 11 13 12 11 9 0 3 2 0
1619619504 68 33 29 33 0 0 23 15 5 0 15 11 13 12 11 9 0 3 2 0
1619698942 68 33 30 33 0 0 23 15 5 0 15 11 13 12 11 9 0 3 2 0
1620127256 68 34 30 33 0 0 23 15 5 0 15 11 13 12 11 9 0 3 2 0
1620136100 69 34 30 33 0 0 23 15 5 0 15 11 13 12 11 9 0 3 2 0
1620227407 70 34 30 33 0 0 23 15 5 0 15 11 13 12 11 9 0 3 2 0
1620232515 70 34 30 33 0 0 23 15 5 0 15 11 13 12 11 9 0 3 2 0
1620309199 71 34 30 33 0 0 23 15 5 0 15 11 13 12 11 9 0 3 2 0
1620309497 72 34 30 33 0 0 23 15 5 0 15 11 13 12 11 9 0 3 2 0
1620309754 73 34 30 33 0 0 23 15 5 0 15 11 13 12 11 9 0 3 2 0
1620310046 74 34 30 33 0 0 23 15 5 0 15 11 13 12 11 9 0 3 2 0
1620312186 74 34 31 33 0 0 23 15 5 0 15 11 13 12 11 9 0 3 2 0
1620312648 74 34 32 33 0 0 23 15 5 0 15 11 13 12 11 9 0 3 2 0
1620324192 74 34 32 33 0 0 23 15 5 0 15 11 13 12 11 10 0 3 2 0
1620331170 75 34 32 33 0 0 23 15 5 0 15 11 13 12 11 10 0 3 2 0
1620639885 75 35 32 33 0 0 23 15 5 0 15 11 13 12 11 10 0 3 2 0
1620656383 75 35 33 33 0 0 23 15 5 0 15 11 13 12 11 10 0 3 2 0
1620657778 75 35 34 33 0 0 23 15 5 0 15 11 13 12 11 10 0 3 2 0
1620661128 75 35 35 33 0 0 23 15 5 0 15 11 13 12 11 10 0 3 2 0
1620665796 75 35 36 33 0 0 23 15 5 0 15 11 13 12 11 10 0 3 2 0
1620733285 75 35 37 33 0 0 23 15 5 0 15 11 13 12 11 10 0 3 2 0
1620745963 75 35 38 33 0 0 23 15 5 0 15 11 13 12 11 10 0 3 2 0
1620746967 75 35 39 33 0 0 23 15 5 0 15 11 13 12 11 10 0 3 2 0
1620800925 75 36 39 33 0 0 23 15 5 0 15 11 13 12 11 10 0 3 2 0
1620912807 75 37 39 33 0 0 23 15 5 0 15 11 13 12 11 10 0 3 2 0
1620913412 76 37 39 33 0 0 23 15 5 0 15 11 13 12 11 10 0 3 2 0
1621267980 76 37 39 33 0 0 23 15 5 0 15 11 13 12 11 10 0 3 2 0
1621271682 77 37 39 33 0 0 23 15 5 0 15 11 13 12 11 10 0 3 2 0
1621326626 77 37 39 33 0 0 23 15 5 0 15 11 13 12 11 10 0 3 2 0
1621348524 77 37 39 33 0 0 23 15 5 0 15 11 13 12 11 10 0 3 2 0
1621440204 78 37 39 33 0 0 23 15 5 0 15 11 13 12 11 10 0 3 2 0
1621491806 78 37 39 33 0 0 23 15 5 0 15 11 13 12 11 10 0 3 2 0
1621506310 78 38 39 33 0 0 23 15 5 0 15 11 13 12 11 10 0 3 2 0
1621627031 79 38 39 33 0 0 23 15 5 0 15 11 13 12 11 10 0 3 2 0
1622143034 79 39 39 33 0 0 23 15 5 0 15 11 13 12 11 10 0 3 2 0
1622147843 79 40 39 33 0 0 23 15 5 0 15 11 13 12 11 10 0 3 2 0
1622316888 79 40 39 33 0 0 23 15 5 0 15 11 13 12 11 10 0 3 2 0
1622362171 79 40 39 33 0 0 23 15 5 0 15 11 13 12 11 10 0 3 2 0
1622578578 79 41 39 33 0 0 23 15 5 0 15 11 13 12 11 10 0 3 2 0
1622582338 80 41 39 33 0 0 23 15 5 0 15 11 13 12 11 10 0 3 2 0
1622616767 80 42 39 33 0 0 23 15 5 0 15 11 13 12 11 10 0 3 2 0
1622617766 80 43 39 33 0 0 23 15 5 0 15 11 13 12 11 10 0 3 2 0
1622641132 81 43 39 33 0 0 23 15 5 0 15 11 13 12 11 10 0 3 2 0
1622661764 81 44 39 33 0 0 23 15 5 0 15 11 13 12 11 10 0 3 2 0
1622664870 81 45 39 33 0 0 23 15 5 0 15 11 13 12 11 10 0 3 2 0
1623232956 81 46 39 33 0 0 23 15 5 0 15 11 13 12 11 10 0 3 2 0
1623712886 81 46 39 33 0 0 23 15 5 0 15 11 13 12 11 10 0 3 2 0
1624049244 82 46 39 33 0 0 23 15 5 0 15 11 13 12 11 10 0 3 2 0
1624270744 83 46 39 33 0 0 23 15 5 0 15 11 13 12 11 10 0 3 2 0
1624280045 83 47 39 33 0 0 23 15 5 0 15 11 13 12 11 10 0 3 2 0
1624406153 83 47 39 33 0 0 23 15 5 0 15 11 13 12 11 10 0 3 3 0
1624523451 83 48 39 33 0 0 23 15 5 0 15 11 13 12 11 10 0 3 3 0
1624548398 84 48 39 33 0 0 23 15 5 0 15 11 13 12 11 10 0 3 3 0
1624548852 85 48 39 33 0 0 23 15 5 0 15 11 13 12 11 10 0 3 3 0
1624549099 86 48 39 33 0 0 23 15 5 0 15 11 13 12 11 10 0 3 3 0
1624562917 86 48 39 33 0 0 23 15 5 0 15 11 13 12 11 10 0 3 4 0
1624660399 86 48 39 33 0 0 23 16 5 0 15 11 13 12 11 10 0 3 4 0
1624739008 86 48 39 33 0 0 23 16 5 0 15 11 13 12 11 10 0 3 5 0
1624817389 87 48 39 33 0 0 23 16 5 0 15 11 13 12 11 10 0 3 5 0
1624817707 88 48 39 33 0 0 23 16 5 0 15 11 13 12 11 10 0 3 5 0
1624819684 89 48 39 33 0 0 23 16 5 0 15 11 13 12 11 10 0 3 5 0
1624820337 90 48 39 33 0 0 23 16 5 0 15 11 13 12 11 10 0 3 5 0
1624866179 90 49 39 33 0 0 23 16 5 0 15 11 13 12 11 10 0 3 5 0
1624888062 91 49 39 33 0 0 23 16 5 0 15 11 13 12 11 10 0 3 5 0
1624888322 92 49 39 33 0 0 23 16 5 0 15 11 13 12 11 10 0 3 5 0
1624984241 93 49 39 33 0 0 23 16 5 0 15 11 13 12 11 10 0 3 5 0
1624992731 94 49 39 33 0 0 23 16 5 0 15 11 13 12 11 10 0 3 5 0
1624993881 95 49 39 33 0 0 23 16 5 0 15 11 13 12 11 10 0 3 5 0
1624995271 96 49 39 33 0 0 23 16 5 0 15 11 13 12 11 10 0 3 5 0
1624996579 97 49 39 33 0 0 23 16 5 0 15 11 13 12 11 10 0 3 5 0
1625096510 98 49 39 33 0 0 23 16 5 0 15 11 13 12 11 10 0 3 5 0
1625124371 98 49 39 33 0 0 23 16 5 0 15 11 13 12 11 10 0 3 5 0
1625128396 99 49 39 33 0 0 23 16 5 0 15 11 13 12 11 10 0 3 5 0
1625169389 100 49 39 33 0 0 23 16 5 0 15 11 13 12 11 10 0 3 5 0
1625169748 100 49 39 33 0 0 23 16 5 0 15 11 13 12 11 10 0 3 6 0
1625170768 101 49 39 33 0 0 23 16 5 0 15 11 13 12 11 10 0 3 6 0
1625171394 102 49 39 33 0 0 23 16 5 0 15 11 13 12 11 10 0 3 6 0
1625254483 102 49 39 33 0 0 23 16 6 0 15 11 13 12 11 10 0 3 6 0
1625403107 102 49 39 33 0 0 23 16 6 0 15 11 13 12 11 10 0 3 6 0
1625478333 102 50 39 33 0 0 23 16 6 0 15 11 13 12 11 10 0 3 6 0
1625597964 103 50 39 33 0 0 23 16 6 0 15 11 13 12 11 10 0 3 6 0
1625605237 104 50 39 33 0 0 23 16 6 0 15 11 13 12 11 10 0 3 6 0
1625797165 105 50 39 33 0 0 23 16 6 0 15 11 13 12 11 10 0 3 6 0
1625822473 105 50 39 33 0 0 23 16 6 0 15 11 13 12 11 10 0 3 6 0
1625919439 106 50 39 33 0 0 23 16 6 0 15 11 13 12 11 10 0 3 6 0
1625927789 107 50 39 33 0 0 23 16 6 0 15 11 13 12 11 10 0 3 6 0
1625934127 108 50 39 33 0 0 23 16 6 0 15 11 13 12 11 10 0 3 6 0
1626183563 108 50 39 33 0 0 23 16 6 0 15 11 13 12 11 10 0 3 6 0
1626306499 108 50 39 33 0 0 23 16 7 0 15 11 13 12 11 10 0 3 6 0
1626348873 109 50 39 33 0 0 23 16 7 0 15 11 13 12 11 10 0 3 6 0
1626350181 110 50 39 33 0 0 23 16 7 0 15 11 13 12 11 10 0 3 6 0
1626448355 111 50 39 33 0 0 23 16 7 0 15 11 13 12 11 10 0 3 6 0
1626771898 111 50 39 33 1 0 23 16 7 0 15 11 13 12 11 10 0 3 6 0
1626812825 112 50 39 33 1 0 23 16 7 0 15 11 13 12 11 10 0 3 6 0
1626815328 112 51 39 33 1 0 23 16 7 0 15 11 13 12 11 10 0 3 6 0
1626900228 112 51 39 33 1 0 23 16 7 0 15 11 13 12 11 10 0 3 6 0
1626934035 112 51 39 33 2 0 23 16 7 0 15 11 13 12 11 10 0 3 6 0
1626934742 112 51 39 33 2 0 23 16 7 0 15 11 13 12 11 10 0 3 6 0
1626948430 112 52 39 33 2 0 23 16 7 0 15 11 13 12 11 10 0 3 6 0
1626978759 113 52 39 33 2 0 23 16 7 0 15 11 13 12 11 10 0 3 6 0
1627042547 113 52 39 33 3 0 23 16 7 0 15 11 13 12 11 10 0 3 6 0
1627045910 113 52 39 33 4 0 23 16 7 0 15 11 13 12 11 10 0 3 6 0
1627076960 113 52 39 33 4 0 23 16 7 0 15 11 13 12 11 10 0 3 6 0
1627327594 114 52 39 33 4 0 23 16 7 0 15 11 13 12 11 10 0 3 6 0
1627395572 115 52 39 33 4 0 23 16 7 0 15 11 13 12 11 10 0 3 6 0
1627572816 116 52 39 33 4 0 23 16 7 0 15 11 13 12 11 10 0 3 6 0
1627644151 116 52 39 33 5 0 23 16 7 0 15 11 13 12 11 10 0 3 6 0
1627646468 116 52 39 33 6 0 23 16 7 0 15 11 13 12 11 10 0 3 6 0
1627651657 117 52 39 33 6 0 23 16 7 0 15 11 13 12 11 10 0 3 6 0
1627652092 118 52 39 33 6 0 23 16 7 0 15 11 13 12 11 10 0 3 6 0
1627996204 119 52 39 33 6 0 23 16 7 0 15 11 13 12 11 10 0 3 6 0
1627996761 120 52 39 33 6 0 23 16 7 0 15 11 13 12 11 10 0 3 6 0
1628009010 120 52 39 33 6 0 23 16 7 0 15 11 13 12 11 10 0 3 6 0
1628032532 121 52 39 33 6 0 23 16 7 0 15 11 13 12 11 10 0 3 6 0
1628598830 122 52 39 33 6 0 23 16 7 0 15 11 13 12 11 10 0 3 6 0
1628750688 123 52 39 33 6 0 23 16 7 0 15 11 13 12 11 10 0 3 6 0
1628752435 123 53 39 33 6 0 23 16 7 0 15 11 13 12 11 10 0 3 6 0
1628786447 124 53 39 33 6 0 23 16 7 0 15 11 13 12 11 10 0 3 6 0
1628786837 125 53 39 33 6 0 23 16 7 0 15 11 13 12 11 10 0 3 6 0
1628788185 126 53 39 33 6 0 23 16 7 0 15 11 13 12 11 10 0 3 6 0
1628801291 127 53 39 33 6 0 23 16 7 0 15 11 13 12 11 10 0 3 6 0
1629142119 127 53 39 33 6 0 23 16 7 0 15 11 13 12 11 10 0 3 6 0
1629144474 128 53 39 33 6 0 23 16 7 0 15 11 13 12 11 10 0 3 6 0
1629289167 129 53 39 33 6 0 23 16 7 0 15 11 13 12 11 10 0 3 6 0
1629291315 130 53 39 33 6 0 23 16 7 0 15 11 13 12 11 10 0 3 6 0
1629293118 131 53 39 33 6 0 23 16 7 0 15 11 13 12 11 10 0 3 6 0
1629293916 132 53 39 33 6 0 23 16 7 0 15 11 13 12 11 10 0 3 6 0
1629384171 133 53 39 33 6 0 23 16 7 0 15 11 13 12 11 10 0 3 6 0
1629389979 134 53 39 33 6 0 23 16 7 0 15 11 13 12 11 10 0 3 6 0
1629495879 134 53 39 33 6 0 23 16 7 0 15 11 13 12 11 10 0 3 6 0
1629764445 134 53 39 33 6 0 23 16 7 0 15 11 13 12 11 10 0 3 6 0
1629824770 134 53 40 33 6 0 23 16 7 0 15 11 13 12 11 10 0 3 6 0
1629825637 135 53 40 33 6 0 23 16 7 0 15 11 13 12 11 10 0 3 6 0
1629836371 136 53 40 33 6 0 23 16 7 0 15 11 13 12 11 10 0 3 6 0
1629837431 137 53 40 33 6 0 23 16 7 0 15 11 13 12 11 10 0 3 6 0
1629896127 137 53 40 33 6 0 23 16 7 0 15 11 13 12 11 10 0 3 6 0
1629898076 138 53 40 33 6 0 23 16 7 0 15 11 13 12 11 10 0 3 6 0
1629911152 138 53 40 33 6 0 23 16 8 0 15 11 13 12 11 10 0 3 6 0
1630070220 139 53 40 33 6 0 23 16 8 0 15 11 13 12 11 10 0 3 6 0
1630418737 140 53 40 33 6 0 23 16 8 0 15 11 13 12 11 10 0 3 6 0
1630422321 141 53 40 33 6 0 23 16 8 0 15 11 13 12 11 10 0 3 6 0
1630428393 141 53 40 33 6 0 23 16 8 0 15 11 13 12 11 10 0 3 7 0
1630503272 142 53 40 33 6 0 23 16 8 0 15 11 13 12 11 10 0 3 7 0
1630542492 142 53 40 33 6 0 23 16 9 0 15 11 13 12 11 10 0 3 7 0
1630548577 142 53 40 33 6 0 23 16 10 0 15 11 13 12 11 10 0 3 7 0
1630946401 142 53 40 33 6 0 23 16 10 0 15 11 13 12 11 10 0 3 7 0
1631106705 143 53 40 33 6 0 23 16 10 0 15 11 13 12 11 10 0 3 7 0
1631113955 144 53 40 33 6 0 23 16 10 0 15 11 13 12 11 10 0 3 7 0
1631183376 144 54 40 33 6 0 23 16 10 0 15 11 13 12 11 10 0 3 7 0
1631224180 145 54 40 33 6 0 23 16 10 0 15 11 13 12 11 10 0 3 7 0
1631261234 145 55 40 33 6 0 23 16 10 0 15 11 13 12 11 10 0 3 7 0
1631297370 145 55 41 33 6 0 23 16 10 0 15 11 13 12 11 10 0 3 7 0
1631332451 146 55 41 33 6 0 23 16 10 0 15 11 13 12 11 10 0 3 7 0
1631526316 146 55 41 33 6 0 23 16 10 0 15 11 13 12 11 10 0 3 7 0
1631544666 146 56 41 33 6 0 23 16 10 0 15 11 13 12 11 10 0 3 7 0
1631633767 146 56 41 33 6 0 23 16 10 0 15 11 13 12 11 10 0 3 7 0
1631638899 147 56 41 33 6 0 23 16 10 0 15 11 13 12 11 10 0 3 7 0
1631639614 148 56 41 33 6 0 23 16 10 0 15 11 13 12 11 10 0 3 7 0
1631786130 148 56 41 33 6 0 23 16 11 0 15 11 13 12 11 10 0 3 7 0
1632144496 149 56 41 33 6 0 23 16 11 0 15 11 13 12 11 10 0 3 7 0
1632232101 150 56 41 33 6 0 23 16 11 0 15 11 13 12 11 10 0 3 7 0
1632902649 150 56 41 33 6 0 23 16 11 0 15 11 13 12 11 10 0 3 7 0
1633035086 150 57 41 33 6 0 23 16 11 0 15 11 13 12 11 10 0 3 7 0
1633534754 150 57 41 33 7 0 23 16 11 0 15 11 13 12 11 10 0 3 7 0
1633698630 151 57 41 33 7 0 23 16 11 0 15 11 13 12 11 10 0 3 7 0
1633961578 152 57 41 33 7 0 23 16 11 0 15 11 13 12 11 10 0 3 7 0
1633978422 152 57 42 33 7 0 23 16 11 0 15 11 13 12 11 10 0 3 7 0
1634044552 153 57 42 33 7 0 23 16 11 0 15 11 13 12 11 10 0 3 7 0
1634047254 153 57 42 33 7 1 23 16 11 0 15 11 13 12 11 10 0 3 7 0
1634123269 153 58 42 33 7 1 23 16 11 0 15 11 13 12 11 10 0 3 7 0
1634206555 153 58 43 33 7 1 23 16 11 0 15 11 13 12 11 10 0 3 7 0
1634215110 153 58 43 33 7 2 23 16 11 0 15 11 13 12 11 10 0 3 7 0
1634220457 153 58 44 33 7 2 23 16 11 0 15 11 13 12 11 10 0 3 7 0
1634288675 153 59 44 33 7 2 23 16 11 0 15 11 13 12 11 10 0 3 7 0
1634295992 153 59 44 33 7 3 23 16 11 0 15 11 13 12 11 10 0 3 7 0
1634414406 153 59 44 33 7 3 23 16 11 0 15 11 13 12 11 10 0 3 8 0
1634640910 153 59 45 33 7 3 23 16 11 0 15 11 13 12 11 10 0 3 8 0
1634915909 154 59 45 33 7 3 23 16 11 0 15 11 13 12 11 10 0 3 8 0
1634935603 154 59 45 33 7 3 23 16 11 0 15 11 13 12 11 10 0 3 8 0
1634967955 154 60 45 33 7 3 23 16 11 0 15 11 13 12 11 10 0 3 8 0
1634968276 154 61 45 33 7 3 23 16 11 0 15 11 13 12 11 10 0 3 8 0
1634968691 154 62 45 33 7 3 23 16 11 0 15 11 13 12 11 10 0 3 8 0
1634969096 154 63 45 33 7 3 23 16 11 0 15 11 13 12 11 10 0 3 8 0
1634970095 154 64 45 33 7 3 23 16 11 0 15 11 13 12 11 10 0 3 8 0
1634970749 154 65 45 33 7 3 23 16 11 0 15 11 13 12 11 10 0 3 8 0
1635156263 154 66 45 33 7 3 23 16 11 0 15 11 13 12 11 10 0 3 8 0
1635322697 154 67 45 33 7 3 23 16 11 0 15 11 13 12 11 10 0 3 8 0
1635502799 154 67 45 33 7 4 23 16 11 0 15 11 13 12 11 10 0 3 8 0
1635520118 154 67 45 33 7 5 23 16 11 0 15 11 13 12 11 10 0 3 8 0
1635536920 154 67 45 33 7 5 23 16 11 0 15 11 13 12 11 10 0 3 8 0
1635761083 154 67 46 33 7 5 23 16 11 0 15 11 13 12 11 10 0 3 8 0
1635770540 154 68 46 33 7 5 23 16 11 0 15 11 13 12 11 10 0 3 8 0
1636037740 155 68 46 33 7 5 23 16 11 0 15 11 13 12 11 10 0 3 8 0
1636382182 156 68 46 33 7 5 23 16 11 0 15 11 13 12 11 10 0 3 8 0
1636388043 157 68 46 33 7 5 23 16 11 0 15 11 13 12 11 10 0 3 8 0
1636394570 158 68 46 33 7 5 23 16 11 0 15 11 13 12 11 10 0 3 8 0
1636726004 159 68 46 33 7 5 23 16 11 0 15 11 13 12 11 10 0 3 8 0
1636926485 160 68 46 33 7 5 23 16 11 0 15 11 13 12 11 10 0 3 8 0
1636999642 161 68 46 33 7 5 23 16 11 0 15 11 13 12 11 10 0 3 8 0
1637180326 161 68 46 33 7 5 23 16 11 0 15 11 13 12 11 10 1 3 8 0
1637182220 162 68 46 33 7 5 23 16 11 0 15 11 13 12 11 10 1 3 8 0
1637182551 163 68 46 33 7 5 23 16 11 0 15 11 13 12 11 10 1 3 8 0
1637280375 163 68 46 33 7 5 23 16 12 0 15 11 13 12 11 10 1 3 8 0
1637282918 163 68 46 33 7 5 23 17 12 0 15 11 13 12 11 10 1 3 8 0
1637320301 163 68 46 33 7 5 23 17 13 0 15 11 13 12 11 10 1 3 8 0
1637592216 164 68 46 33 7 5 23 17 13 0 15 11 13 12 11 10 1 3 8 0
1637603129 164 68 47 33 7 5 23 17 13 0 15 11 13 12 11 10 1 3 8 0
1637689083 164 68 47 33 7 5 23 17 13 0 15 11 13 12 11 10 2 3 8 0
1637872781 164 68 47 33 7 5 23 17 13 0 15 11 13 12 11 10 2 3 8 0
1637873387 164 68 47 33 7 5 23 17 13 0 15 11 13 12 11 10 3 3 8 0
1637917703 164 69 47 33 7 5 23 17 13 0 15 11 13 12 11 10 3 3 8 0
1637918310 164 70 47 33 7 5 23 17 13 0 15 11 13 12 11 10 3 3 8 0
1637919538 164 70 47 33 7 5 23 17 13 0 15 11 13 12 11 10 3 3 8 0
1637941813 164 71 47 33 7 5 23 17 13 0 15 11 13 12 11 10 3 3 8 0
1637950187 164 71 47 33 7 5 23 17 13 0 15 11 13 12 11 10 4 3 8 0
1638032049 164 72 47 33 7 5 23 17 13 0 15 11 13 12 11 10 4 3 8 0
1638199088 164 72 47 33 7 5 23 17 13 0 15 11 13 12 11 10 4 3 8 0
1638366435 164 72 47 33 7 6 23 17 13 0 15 11 13 12 11 10 4 3 8 0
1638375374 164 72 47 33 7 6 23 17 13 1 15 11 13 12 11 10 4 3 8 0
1638450509 164 72 47 33 8 6 23 17 13 1 15 11 13 12 11 10 4 3 8 0
1638450957 164 72 47 33 8 7 23 17 13 1 15 11 13 12 11 10 4 3 8 0
1638451306 164 72 47 33 8 8 23 17 13 1 15 11 13 12 11 10 4 3 8 0
1638805052 165 72 47 33 8 8 23 17 13 1 15 11 13 12 11 10 4 3 8 0
1638812940 165 72 47 33 8 9 23 17 13 1 15 11 13 12 11 10 4 3 8 0
1638813670 165 72 47 33 8 9 23 17 13 1 15 11 13 12 11 10 5 3 8 0
1638814263 165 72 47 33 8 10 23 17 13 1 15 11 13 12 11 10 5 3 8 0
1639073900 165 72 47 33 8 11 23 17 13 1 15 11 13 12 11 10 5 3 8 0
1639079940 165 72 47 33 8 11 23 17 13 1 15 11 13 12 11 10 6 3 8 0
1639488893 165 72 47 33 9 11 23 17 13 1 15 11 13 12 11 10 6 3 8 0
1639651986 165 72 48 33 9 11 23 17 13 1 15 11 13 12 11 10 6 3 8 0
1639653091 165 72 49 33 9 11 23 17 13 1 15 11 13 12 11 10 6 3 8 0
1639669092 166 72 49 33 9 11 23 17 13 1 15 11 13 12 11 10 6 3 8 0
1639685584 166 72 49 33 9 11 23 17 13 1 15 11 13 12 11 10 7 3 8 0
1639737639 166 72 50 33 9 11 23 17 13 1 15 11 13 12 11 10 7 3 8 0
1640015616 166 72 50 33 9 12 23 17 13 1 15 11 13 12 11 10 7 3 8 0
1640016036 166 72 50 33 9 13 23 17 13 1 15 11 13 12 11 10 7 3 8 0
1640030395 166 72 50 33 9 13 23 17 13 1 15 11 13 12 11 10 8 3 8 0
1640031120 166 72 50 33 9 13 23 17 13 1 15 11 13 12 11 10 9 3 8 0
1640035077 166 72 50 33 9 13 23 17 13 2 15 11 13 12 11 10 9 3 8 0
1641227753 166 72 50 33 10 13 23 17 13 2 15 11 13 12 11 10 9 3 8 0
1641307892 167 72 50 33 10 13 23 17 13 2 15 11 13 12 11 10 9 3 8 0
1641483372 168 72 50 33 10 13 23 17 13 2 15 11 13 12 11 10 9 3 8 0
1641483416 169 72 50 33 10 13 23 17 13 2 15 11 13 12 11 10 9 3 8 0
1641483812 170 72 50 33 10 13 23 17 13 2 15 11 13 12 11 10 9 3 8 0
1641514498 170 72 50 33 10 13 23 18 13 2 15 11 13 12 11 10 9 3 8 0
1641824765 171 72 50 33 10 13 23 18 13 2 15 11 13 12 11 10 9 3 8 0
1641825202 172 72 50 33 10 13 23 18 13 2 15 11 13 12 11 10 9 3 8 0
1641944301 172 72 50 33 10 13 23 18 14 2 15 11 13 12 11 10 9 3 8 0
1642024769 172 72 50 33 10 13 23 18 14 2 15 11 13 12 11 10 9 3 8 0
1642115739 173 72 50 33 10 13 23 18 14 2 15 11 13 12 11 10 9 3 8 0
1642172947 174 72 50 33 10 13 23 18 14 2 15 11 13 12 11 10 9 3 8 0
1642405445 175 72 50 33 10 13 23 18 14 2 15 11 13 12 11 10 9 3 8 0
1642592090 175 72 50 33 10 13 23 18 15 2 15 11 13 12 11 10 9 3 8 0
1642749404 176 72 50 33 10 13 23 18 15 2 15 11 13 12 11 10 9 3 8 0
1642749763 177 72 50 33 10 13 23 18 15 2 15 11 13 12 11 10 9 3 8 0
1642757099 177 73 50 33 10 13 23 18 15 2 15 11 13 12 11 10 9 3 8 0
1642971486 177 73 50 33 10 13 23 18 15 2 15 11 13 12 11 10 9 3 8 0
1643040059 178 73 50 33 10 13 23 18 15 2 15 11 13 12 11 10 9 3 8 0
1643040625 179 73 50 33 10 13 23 18 15 2 15 11 13 12 11 10 9 3 8 0
1643041570 180 73 50 33 10 13 23 18 15 2 15 11 13 12 11 10 9 3 8 0
1643041962 181 73 50 33 10 13 23 18 15 2 15 11 13 12 11 10 9 3 8 0
1643202497 182 73 50 33 10 13 23 18 15 2 15 11 13 12 11 10 9 3 8 0
1643296947 183 73 50 33 10 13 23 18 15 2 15 11 13 12 11 10 9 3 8 0
1643300483 184 73 50 33 10 13 23 18 15 2 15 11 13 12 11 10 9 3 8 0
1643306148 185 73 50 33 10 13 23 18 15 2 15 11 13 12 11 10 9 3 8 0
1643314408 186 73 50 33 10 13 23 18 15 2 15 11 13 12 11 10 9 3 8 0
1643368977 186 73 50 33 11 13 23 18 15 2 15 11 13 12 11 10 9 3 8 0
1643619158 186 73 50 33 12 13 23 18 15 2 15 11 13 12 11 10 9 3 8 0
1643642055 187 73 50 33 12 13 23 18 15 2 15 11 13 12 11 10 9 3 8 0
1643747382 187 73 51 33 12 13 23 18 15 2 15 11 13 12 11 10 9 3 8 0
1643904314 188 73 51 33 12 13 23 18 15 2 15 11 13 12 11 10 9 3 8 0
1643990593 189 73 51 33 12 13 23 18 15 2 15 11 13 12 11 10 9 3 8 0
1643996803 189 73 51 33 12 13 23 18 15 2 15 11 13 12 11 10 9 3 8 0
1644236014 189 73 51 33 12 14 23 18 15 2 15 11 13 12 11 10 9 3 8 0
1644237252 189 73 51 33 12 15 23 18 15 2 15 11 13 12 11 10 9 3 8 0
1644333670 190 73 51 33 12 15 23 18 15 2 15 11 13 12 11 10 9 3 8 0
1644431470 191 73 51 33 12 15 23 18 15 2 15 11 13 12 11 10 9 3 8 0
1644432753 192 73 51 33 12 15 23 18 15 2 15 11 13 12 11 10 9 3 8 0
1644436102 193 73 51 33 12 15 23 18 15 2 15 11 13 12 11 10 9 3 8 0
1644445342 194 73 51 33 12 15 23 18 15 2 15 11 13 12 11 10 9 3 8 0
1644446988 194 73 51 33 12 15 23 18 15 2 15 11 13 12 11 10 9 3 8 0
1644511202 194 73 51 33 12 15 23 18 15 2 15 11 13 12 11 10 9 3 8 0
1644943146 195 73 51 33 12 15 23 18 15 2 15 11 13 12 11 10 9 3 8 0
1644944177 196 73 51 33 12 15 23 18 15 2 15 11 13 12 11 10 9 3 8 0
1644944844 197 73 51 33 12 15 23 18 15 2 15 11 13 12 11 10 9 3 8 0
1644945276 198 73 51 33 12 15 23 18 15 2 15 11 13 12 11 10 9 3 8 0
1644945951 199 73 51 33 12 15 23 18 15 2 15 11 13 12 11 10 9 3 8 0
1645046922 199 74 51 33 12 15 23 18 15 2 15 11 13 12 11 10 9 3 8 0
1645187037 199 74 51 33 12 15 23 18 15 2 15 11 13 12 11 10 9 3 8 0
1645190973 199 74 51 33 12 15 23 18 15 3 15 11 13 12 11 10 9 3 8 0
1645191340 199 74 51 33 12 15 23 18 15 4 15 11 13 12 11 10 9 3 8 0
1645199526 199 74 51 33 13 15 23 18 15 4 15 11 13 12 11 10 9 3 8 0
1645202233 199 75 51 33 13 15 23 18 15 4 15 11 13 12 11 10 9 3 8 0
1645202844 199 75 51 33 13 15 23 18 15 5 15 11 13 12 11 10 9 3 8 0
1645508790 199 75 51 33 13 15 23 18 15 6 15 11 13 12 11 10 9 3 8 0
1645528966 199 75 51 33 14 15 23 18 15 6 15 11 13 12 11 10 9 3 8 0
1645530615 199 75 51 33 15 15 23 18 15 6 15 11 13 12 11 10 9 3 8 0
1645549653 199 75 51 33 15 15 23 18 15 7 15 11 13 12 11 10 9 3 8 0
1645624693 199 75 51 33 16 15 23 18 15 7 15 11 13 12 11 10 9 3 8 0
1645739204 200 75 51 33 16 15 23 18 15 7 15 11 13 12 11 10 9 3 8 0
1645800493 200 76 51 33 16 15 23 18 15 7 15 11 13 12 11 10 9 3 8 0
1646145919 201 76 51 33 16 15 23 18 15 7 15 11 13 12 11 10 9 3 8 0
1646146787 202 76 51 33 16 15 23 18 15 7 15 11 13 12 11 10 9 3 8 0
1646318967 203 76 51 33 16 15 23 18 15 7 15 11 13 12 11 10 9 3 8 0
1646330614 203 76 52 33 16 15 23 18 15 7 15 11 13 12 11 10 9 3 8 0
1646414144 204 76 52 33 16 15 23 18 15 7 15 11 13 12 11 10 9 3 8 0
1646597497 204 76 52 33 16 15 23 18 15 7 15 11 13 12 11 10 9 3 8 0
1646667029 205 76 52 33 16 15 23 18 15 7 15 11 13 12 11 10 9 3 8 0
1646675714 206 76 52 33 16 15 23 18 15 7 15 11 13 12 11 10 9 3 8 0
1646677928 207 76 52 33 16 15 23 18 15 7 15 11 13 12 11 10 9 3 8 0
1646750620 208 76 52 33 16 15 23 18 15 7 15 11 13 12 11 10 9 3 8 0
1646773954 208 77 52 33 16 15 23 18 15 7 15 11 13 12 11 10 9 3 8 0
1646820553 208 77 52 33 16 15 23 18 15 7 15 11 13 12 11 10 9 3 8 0
1646824027 208 77 52 33 16 15 23 18 15 7 15 11 13 12 11 10 9 3 8 0
1646862397 208 77 52 33 16 15 23 18 15 7 15 11 13 12 11 10 9 3 8 0
1646904570 208 77 52 33 16 15 23 18 15 7 15 11 13 12 11 10 10 3 8 0
1646913537 208 77 52 33 17 15 23 18 15 7 15 11 13 12 11 10 10 3 8 0
1647013369 209 77 52 33 17 15 23 18 15 7 15 11 13 12 11 10 10 3 8 0
1647123593 209 77 52 33 17 15 23 18 15 7 15 12 13 12 11 10 10 3 8 0
1647271897 209 77 52 33 17 15 23 18 15 7 15 12 13 12 11 10 10 3 8 1
1647275064 209 77 52 33 17 15 23 18 15 7 15 12 13 12 11 10 10 3 8 1
1647279551 210 77 52 33 17 15 23 18 15 7 15 12 13 12 11 10 10 3 8 1
1647354267 211 77 52 33 17 15 23 18 15 7 15 12 13 12 11 10 10 3 8 1
1647356636 211 78 52 33 17 15 23 18 15 7 15 12 13 12 11 10 10 3 8 1
1647357678 212 78 52 33 17 15 23 18 15 7 15 12 13 12 11 10 10 3 8 1
1647358231 212 79 52 33 17 15 23 18 15 7 15 12 13 12 11 10 10 3 8 1
1647363002 212 80 52 33 17 15 23 18 15 7 15 12 13 12 11 10 10 3 8 1
1647364378 213 80 52 33 17 15 23 18 15 7 15 12 13 12 11 10 10 3 8 1
1647442825 214 80 52 33 17 15 23 18 15 7 15 12 13 12 11 10 10 3 8 1
1647445601 214 81 52 33 17 15 23 18 15 7 15 12 13 12 11 10 10 3 8 1
1647507844 214 81 52 33 18 15 23 18 15 7 15 12 13 12 11 10 10 3 8 1
1647541734 215 81 52 33 18 15 23 18 15 7 15 12 13 12 11 10 10 3 8 1
1647618291 215 81 52 33 18 16 23 18 15 7 15 12 13 12 11 10 10 3 8 1
1647871347 215 81 52 33 18 17 23 18 15 7 15 12 13 12 11 10 10 3 8 1
1647873095 216 81 52 33 18 17 23 18 15 7 15 12 13 12 11 10 10 3 8 1
1647874290 217 81 52 33 18 17 23 18 15 7 15 12 13 12 11 10 10 3 8 1
1647882153 218 81 52 33 18 17 23 18 15 7 15 12 13 12 11 10 10 3 8 1
1647887094 219 81 52 33 18 17 23 18 15 7 15 12 13 12 11 10 10 3 8 1
1647901416 220 81 52 33 18 17 23 18 15 7 15 12 13 12 11 10 10 3 8 1
1647906500 221 81 52 33 18 17 23 18 15 7 15 12 13 12 11 10 10 3 8 1
1648047556 221 81 53 33 18 17 23 18 15 7 15 12 13 12 11 10 10 3 8 1
1648109026 221 81 53 33 19 17 23 18 15 7 15 12 13 12 11 10 10 3 8 1
1648130252 222 81 53 33 19 17 23 18 15 7 15 12 13 12 11 10 10 3 8 1
1648133021 222 81 53 33 20 17 23 18 15 7 15 12 13 12 11 10 10 3 8 1
1648134522 222 81 53 33 21 17 23 18 15 7 15 12 13 12 11 10 10 3 8 1
1648476341 223 81 53 33 21 17 23 18 15 7 15 12 13 12 11 10 10 3 8 1
1648477701 223 81 53 33 21 17 23 18 15 7 15 12 13 12 11 10 10 3 8 1
1648645107 224 81 53 33 21 17 23 18 15 7 15 12 13 12 11 10 10 3 8 1
1648659691 225 81 53 33 21 17 23 18 15 7 15 12 13 12 11 10 10 3 8 1
1648660075 226 81 53 33 21 17 23 18 15 7 15 12 13 12 11 10 10 3 8 1
1648660587 227 81 53 33 21 17 23 18 15 7 15 12 13 12 11 10 10 3 8 1
1648661877 228 81 53 33 21 17 23 18 15 7 15 12 13 12 11 10 10 3 8 1
1648663712 229 81 53 33 21 17 23 18 15 7 15 12 13 12 11 10 10 3 8 1
1648738583 230 81 53 33 21 17 23 18 15 7 15 12 13 12 11 10 10 3 8 1
1648776721 230 81 53 33 21 17 23 18 16 7 15 12 13 12 11 10 10 3 8 1
1649103427 231 81 53 33 21 17 23 18 16 7 15 12 13 12 11 10 10 3 8 1
1649409925 231 81 53 33 21 17 23 18 16 7 15 12 13 12 11 10 10 3 8 1
1649607522 232 81 53 33 21 17 23 18 16 7 15 12 13 12 11 10 10 3 8 1
1649608372 233 81 53 33 21 17 23 18 16 7 15 12 13 12 11 10 10 3 8 1
1649671073 233 81 53 33 21 17 23 18 16 7 15 12 13 12 11 10 10 4 8 1
1649954401 233 81 53 33 21 17 23 18 16 7 15 12 13 12 11 10 10 4 8 1
1650036351 233 81 53 33 21 17 23 18 16 7 15 12 13 12 11 10 10 4 8 2
1650118183 233 81 53 33 21 17 23 18 16 7 15 12 13 12 11 10 10 4 8 2
1650368461 233 81 53 33 21 17 23 18 16 7 15 12 13 12 11 10 10 4 8 2
1650461718 233 81 53 33 22 17 23 18 16 7 15 12 13 12 11 10 10 4 8 2
1650471808 233 81 53 33 22 17 23 18 16 8 15 12 13 12 11 10 10 4 8 2
1650484502 233 81 53 33 22 17 23 18 16 8 15 12 13 12 11 10 10 4 8 2
1650487321 233 81 53 33 22 17 23 18 16 9 15 12 13 12 11 10 10 4 8 2
1650511845 233 81 53 33 22 17 23 18 16 9 15 12 13 12 11 10 10 4 8 2
1650560547 233 81 53 33 22 17 23 18 16 9 15 12 13 12 11 10 10 4 8 2
1650738126 233 81 53 33 22 17 23 18 16 9 15 12 13 12 11 10 10 4 8 2
1650901651 233 81 53 33 22 17 23 18 16 9 15 12 13 12 11 10 10 5 8 2
1650904242 233 81 53 33 22 17 23 18 16 9 15 12 13 12 11 10 10 6 8 2
1650906776 233 81 53 33 22 17 23 18 16 9 15 12 13 12 11 10 10 6 8 3
1650913557 234 81 53 33 22 17 23 18 16 9 15 12 13 12 11 10 10 6 8 3
1650921478 234 81 53 33 22 17 23 18 16 9 15 12 13 12 11 10 10 6 8 3
1650973309 234 81 53 33 22 17 23 18 16 9 15 12 13 12 11 10 10 6 8 3
1650983895 235 81 53 33 22 17 23 18 16 9 15 12 13 12 11 10 10 6 8 3
1650984623 236 81 53 33 22 17 23 18 16 9 15 12 13 12 11 10 10 6 8 3
1650985342 237 81 53 33 22 17 23 18 16 9 15 12 13 12 11 10 10 6 8 3
1650991016 237 81 53 33 22 17 23 18 16 9 15 12 13 12 11 10 10 7 8 3
1651014967 237 81 53 33 22 17 23 18 16 9 15 12 13 12 11 10 10 8 8 3
1651054871 237 81 53 33 22 17 23 18 16 9 15 12 13 12 11 10 10 8 8 3
1651059342 237 81 53 33 22 17 23 18 16 9 15 12 13 12 11 10 10 8 8 3
1651078682 238 81 53 33 22 17 23 18 16 9 15 12 13 12 11 10 10 8 8 3
1651142785 238 81 53 33 23 17 23 18 16 9 15 12 13 12 11 10 10 8 8 3
1651156320 238 81 53 33 23 18 23 18 16 9 15 12 13 12 11 10 10 8 8 3
1651157525 238 81 53 33 23 19 23 18 16 9 15 12 13 12 11 10 10 8 8 3
1651257107 238 81 53 33 23 19 23 18 16 9 15 12 13 12 11 10 10 8 8 3
1651270127 238 81 53 33 23 19 23 18 16 9 15 12 13 12 11 10 10 8 8 3
1651584497 239 81 53 33 23 19 23 18 16 9 15 12 13 12 11 10 10 8 8 3
1651585975 240 81 53 33 23 19 23 18 16 9 15 12 13 12 11 10 10 8 8 3
1651685527 240 81 53 33 23 19 23 18 16 9 15 12 13 12 11 10 10 9 8 3
1651688470 240 81 53 33 23 19 23 18 16 9 15 12 13 12 11 10 10 9 8 4
1651849936 240 81 53 33 23 19 23 18 16 9 15 12 13 12 11 10 10 9 8 4
1651852505 241 81 53 33 23 19 23 18 16 9 15 12 13 12 11 10 10 9 8 4
1651852998 242 81 53 33 23 19 23 18 16 9 15 12 13 12 11 10 10 9 8 4
1652109827 242 81 54 33 23 19 23 18 16 9 15 12 13 12 11 10 10 9 8 4
1652116248 242 81 55 33 23 19 23 18 16 9 15 12 13 12 11 10 10 9 8 4
1652121314 242 81 56 33 23 19 23 18 16 9 15 12 13 12 11 10 10 9 8 4
1652433883 242 81 56 33 23 19 23 18 16 10 15 12 13 12 11 10 10 9 8 4
1652439585 242 81 56 33 24 19 23 18 16 10 15 12 13 12 11 10 10 9 8 4
1652466078 242 81 56 33 24 19 23 18 16 11 15 12 13 12 11 10 10 9 8 4
1652475078 242 81 56 33 24 19 23 18 16 12 15 12 13 12 11 10 10 9 8 4
1652711748 242 81 56 33 25 19 23 18 16 12 15 12 13 12 11 10 10 9 8 4
1652794246 242 81 56 33 25 19 23 18 16 12 15 12 13 12 11 10 10 9 8 4
1652883449 242 81 56 33 25 19 23 18 16 13 15 12 13 12 11 10 10 9 8 4
1653037904 242 81 56 33 25 19 23 18 16 14 15 12 13 12 11 10 10 9 8 4
1653062915 243 81 56 33 25 19 23 18 16 14 15 12 13 12 11 10 10 9 8 4
1653067358 244 81 56 33 25 19 23 18 16 14 15 12 13 12 11 10 10 9 8 4
1653070108 244 81 56 33 25 19 23 18 16 14 15 12 13 12 11 10 10 9 8 5
1653315553 245 81 56 33 25 19 23 18 16 14 15 12 13 12 11 10 10 9 8 5
1653316043 246 81 56 33 25 19 23 18 16 14 15 12 13 12 11 10 10 9 8 5
1653316431 247 81 56 33 25 19 23 18 16 14 15 12 13 12 11 10 10 9 8 5
1653316797 248 81 56 33 25 19 23 18 16 14 15 12 13 12 11 10 10 9 8 5
1653322440 248 81 56 33 25 19 23 18 16 14 15 12 13 12 11 10 10 9 8 5
1653393509 248 81 56 33 25 19 23 18 16 14 15 12 13 12 11 10 10 9 8 5
1653395833 249 81 56 33 25 19 23 18 16 14 15 12 13 12 11 10 10 9 8 5
1653396593 249 81 56 33 25 20 23 18 16 14 15 12 13 12 11 10 10 9 8 5
1653397748 249 81 56 33 25 20 23 18 16 14 15 12 13 12 11 10 10 9 8 5
1653398171 250 81 56 33 25 20 23 18 16 14 15 12 13 12 11 10 10 9 8 5
1653494558 250 81 56 33 25 20 23 18 16 14 15 12 13 12 11 10 10 9 8 5
1653671047 250 81 56 33 25 20 23 18 16 14 15 12 13 12 11 10 10 9 8 6
1653671397 250 81 56 33 25 20 23 18 16 14 15 12 13 12 11 10 10 9 8 7
1653674040 251 81 56 33 25 20 23 18 16 14 15 12 13 12 11 10 10 9 8 7
1653779923 251 81 56 33 25 20 23 18 16 14 15 13 13 12 11 10 10 9 8 7
1653863755 251 81 56 33 25 20 23 18 16 14 15 14 13 12 11 10 10 9 8 7
1653909733 251 81 56 33 25 20 23 18 16 15 15 14 13 12 11 10 10 9 8 7
1654106790 251 81 56 33 25 20 23 18 16 16 15 14 13 12 11 10 10 9 8 7
1654614926 251 81 56 33 25 21 23 18 16 16 15 14 13 12 11 10 10 9 8 7
1654622062 252 81 56 33 25 21 23 18 16 16 15 14 13 12 11 10 10 9 8 7
1654623301 253 81 56 33 25 21 23 18 16 16 15 14 13 12 11 10 10 9 8 7
1654623665 254 81 56 33 25 21 23 18 16 16 15 14 13 12 11 10 10 9 8 7
1654636350 254 81 56 33 25 22 23 18 16 16 15 14 13 12 11 10 10 9 8 7
1654686539 255 81 56 33 25 22 23 18 16 16 15 14 13 12 11 10 10 9 8 7
1654779513 256 81 56 33 25 22 23 18 16 16 15 14 13 12 11 10 10 9 8 7
1654795817 257 81 56 33 25 22 23 18 16 16 15 14 13 12 11 10 10 9 8 7
1654867354 258 81 56 33 25 22 23 18 16 16 15 14 13 12 11 10 10 9 8 7
1654870658 259 81 56 33 25 22 23 18 16 16 15 14 13 12 11 10 10 9 8 7
1654873110 260 81 56 33 25 22 23 18 16 16 15 14 13 12 11 10 10 9 8 7
1654876182 261 81 56 33 25 22 23 18 16 16 15 14 13 12 11 10 10 9 8 7
1655113809 262 81 56 33 25 22 23 18 16 16 15 14 13 12 11 10 10 9 8 7
1655115056 262 81 56 33 25 22 23 18 16 16 15 14 13 12 11 10 10 9 8 7
1655121010 263 81 56 33 25 22 23 18 16 16 15 14 13 12 11 10 10 9 8 7
1655121508 264 81 56 33 25 22 23 18 16 16 15 14 13 12 11 10 10 9 8 7
1655124201 265 81 56 33 25 22 23 18 16 16 15 14 13 12 11 10 10 9 8 7
1655125669 266 81 56 33 25 22 23 18 16 16 15 14 13 12 11 10 10 9 8 7
1655126988 267 81 56 33 25 22 23 18 16 16 15 14 13 12 11 10 10 9 8 7
1655221809 268 81 56 33 25 22 23 18 16 16 15 14 13 12 11 10 10 9 8 7
1655726739 268 81 56 33 25 22 23 18 16 16 15 14 13 12 11 10 10 9 8 7
1656088231 268 81 56 33 25 22 23 18 16 16 15 14 13 12 11 10 10 9 8 7
1656320981 268 81 56 33 25 22 23 18 16 16 15 14 13 12 11 10 10 9 8 8
1656336920 269 81 56 33 25 22 23 18 16 16 15 14 13 12 11 10 10 9 8 8
1656346239 270 81 56 33 25 22 23 18 16 16 15 14 13 12 11 10 10 9 8 8
1656947562 271 81 56 33 25 22 23 18 16 16 15 14 13 12 11 10 10 9 8 8
1656951454 272 81 56 33 25 22 23 18 16 16 15 14 13 12 11 10 10 9 8 8
1656958433 273 81 56 33 25 22 23 18 16 16 15 14 13 12 11 10 10 9 8 8
1657033012 273 81 56 33 26 22 23 18 16 16 15 14 13 12 11 10 10 9 8 8
1657044127 274 81 56 33 26 22 23 18 16 16 15 14 13 12 11 10 10 9 8 8
1657116153 275 81 56 33 26 22 23 18 16 16 15 14 13 12 11 10 10 9 8 8
1657195040 275 81 56 33 26 23 23 18 16 16 15 14 13 12 11 10 10 9 8 8
1657197959 276 81 56 33 26 23 23 18 16 16 15 14 13 12 11 10 10 9 8 8
1657211199 277 81 56 33 26 23 23 18 16 16 15 14 13 12 11 10 10 9 8 8
1657292513 277 81 56 33 26 23 23 18 16 16 15 14 13 12 11 10 10 9 8 8
1657381151 278 81 56 33 26 23 23 18 16 16 15 14 13 12 11 10 10 9 8 8
1657531415 279 81 56 33 26 23 23 18 16 16 15 14 13 12 11 10 10 9 8 8
1657552549 279 81 56 33 26 23 23 18 16 16 15 14 13 12 11 10 10 9 8 8
1657630135 280 81 56 33 26 23 23 18 16 16 15 14 13 12 11 10 10 9 8 8
1657635237 280 81 56 33 27 23 23 18 16 16 15 14 13 12 11 10 10 9 8 8
1657647610 280 81 56 33 27 23 23 18 16 16 15 14 13 12 11 10 10 9 8 8
1657652017 280 81 56 33 27 23 23 18 16 16 15 14 13 12 11 10 10 9 8 8
1657706590 280 81 56 33 28 23 23 18 16 16 15 14 13 12 11 10 10 9 8 8
1657714409 281 81 56 33 28 23 23 18 16 16 15 14 13 12 11 10 10 9 8 8
