1434630482 0 0 0 0 0 0 0 0 0 0 0 0 689 0 0 0 0 0 0 0
1437986447 0 0 0 0 0 0 0 0 0 0 0 0 812 0 0 0 0 0 0 0
1437989013 0 0 0 0 0 0 0 0 0 0 0 0 841 0 0 0 0 0 0 0
1438256826 0 0 0 0 0 0 0 0 0 0 0 0 907 0 0 0 0 0 0 0
1439908449 0 0 0 0 0 0 0 0 0 0 0 0 907 0 0 0 0 0 0 0
1440414475 0 0 0 0 0 0 0 0 0 0 0 0 907 0 0 0 0 0 0 0
1440504449 0 0 0 0 0 0 0 0 0 0 0 0 961 0 0 0 0 0 0 0
1441181531 0 0 0 0 0 0 0 0 0 0 0 0 985 0 0 0 0 0 0 0
1441270746 0 0 0 6 0 0 0 0 0 0 0 0 985 0 0 0 0 0 0 0
1441393664 0 0 0 6 0 0 0 0 0 0 0 0 985 0 0 0 0 0 0 0
1443086664 0 0 0 6 0 0 0 0 0 0 0 0 1369 0 0 0 0 0 0 0
1443189415 0 0 0 8 0 0 0 0 0 0 0 0 1369 0 0 0 0 0 0 0
1444047692 0 0 0 8 0 0 0 0 0 0 0 0 2196 0 0 0 0 0 0 0
1445598082 0 0 0 8 0 0 0 0 0 0 0 0 2245 0 0 0 0 0 0 0
1446000056 0 0 0 8 0 0 0 0 0 0 0 0 2246 0 0 0 0 0 0 0
1448384486 0 0 0 8 0 0 0 0 0 0 0 0 2281 0 0 0 0 0 0 0
1449062044 0 0 0 8 0 0 0 0 0 0 0 0 2281 0 0 0 0 0 0 0
1449069369 0 0 0 8 0 0 0 0 0 0 0 0 2306 0 0 0 0 0 0 0
1453838179 0 0 0 8 0 0 0 0 0 0 0 0 2306 0 0 0 0 0 0 0
1454322534 0 0 0 11 0 0 0 0 0 0 0 0 2306 0 0 0 0 0 0 0
1454574463 0 0 0 11 0 0 0 0 0 0 0 0 2319 0 0 0 0 0 0 0
1455025641 0 0 0 20 0 0 0 0 0 0 0 0 2319 0 0 0 0 0 0 0
1455286675 0 0 0 84 0 0 0 0 0 0 0 0 2319 0 0 0 0 0 0 0
1455742651 0 0 0 84 0 0 0 0 0 0 0 0 2319 0 0 0 0 0 0 0
1455747240 0 0 0 84 0 0 0 0 0 0 0 0 2319 0 0 0 0 0 0 0
1457047164 0 0 0 84 0 0 0 0 0 0 0 0 2319 0 0 0 0 0 0 0
1457116815 0 0 0 84 0 0 0 0 0 0 0 0 2319 0 0 0 0 0 0 0
1458174636 0 0 0 84 0 0 0 0 0 0 0 0 2319 0 0 0 0 0 0 0
1458304929 0 0 0 84 0 0 0 0 0 0 0 0 2319 0 0 0 0 0 0 0
1462179469 0 0 0 88 0 0 0 0 0 0 0 0 2319 0 0 0 0 0 0 0
1462781022 0 0 0 88 0 0 0 0 0 0 0 0 2319 0 0 0 0 0 0 0
1462877796 0 0 0 88 0 0 0 0 0 0 0 0 2319 4 0 0 0 0 0 0
1462904878 0 0 0 92 0 0 0 0 0 0 0 0 2319 4 0 0 0 0 0 0
1464839485 0 0 0 92 0 0 0 0 0 0 0 0 2319 4 0 0 0 0 0 0
1465341316 0 0 0 92 0 0 0 0 0 0 0 0 2319 10 0 0 0 0 0 0
1467313637 0 0 0 92 0 0 0 0 0 0 0 0 2319 10 0 0 0 0 0 0
1468900981 0 0 0 92 0 0 0 0 0 0 0 0 2319 10 0 0 0 0 0 0
1469060510 0 0 0 92 0 0 0 0 0 0 0 0 2319 10 0 0 0 0 0 0
1469480321 0 0 0 92 0 0 0 0 0 0 0 0 2319 10 0 0 0 0 0 0
1472662278 0 0 0 96 0 0 0 0 0 0 0 0 2319 10 0 0 0 0 0 0
1472975560 0 0 0 100 0 0 0 0 0 0 0 0 2319 10 0 0 0 0 0 0
1472976048 0 0 0 100 0 0 0 0 0 0 0 0 2319 17 0 0 0 0 0 0
1478555064 0 0 0 100 0 0 0 0 0 0 0 0 2319 17 0 0 0 0 0 0
1481813762 0 0 0 100 0 0 0 0 0 0 0 0 2319 17 0 0 0 0 0 0
1486571527 0 0 0 100 0 0 0 0 0 0 0 0 2319 17 0 0 0 0 0 0
1486752161 0 0 0 100 0 0 0 0 0 0 0 0 2319 1795 0 0 0 0 0 0
1486980809 0 0 0 100 0 0 0 0 0 0 0 0 2319 1825 0 0 0 0 0 0
1487282219 0 0 0 100 0 0 0 0 0 0 0 0 2319 1828 0 0 0 0 0 0
1487284475 0 0 0 100 0 0 0 0 0 0 0 0 2319 1848 0 0 0 0 0 0
1487284546 0 0 0 100 0 0 0 0 0 0 0 0 2319 1851 0 0 0 0 0 0
1487633023 0 0 0 100 0 0 0 0 0 0 0 0 2319 1865 0 0 0 0 0 0
1487633344 0 0 0 100 0 0 0 0 0 0 0 0 2319 2363 0 0 0 0 0 0
1487633691 0 0 0 100 0 0 0 0 0 0 0 0 2319 2370 0 0 0 0 0 0
1488190454 0 0 0 100 0 0 0 0 0 0 0 0 2319 2376 0 0 0 0 0 0
1490871082 0 0 0 100 0 0 0 0 0 0 0 0 2319 2376 0 0 0 0 0 0
1490871372 0 0 0 100 0 0 0 0 0 0 0 0 2319 2376 0 0 0 0 0 0
1493369838 0 0 0 100 0 0 0 0 0 0 0 0 2319 2376 0 0 0 0 0 0
1502118276 0 0 0 100 0 0 0 0 0 0 0 0 2319 2376 0 0 0 0 0 0
1502120206 0 0 0 100 0 0 0 0 0 0 0 0 2319 2376 0 0 0 0 0 0
1506520384 0 0 0 100 0 0 0 0 0 0 0 0 2319 2376 0 0 0 0 0 0
1509991142 0 0 0 100 0 0 0 0 0 0 0 0 2319 2376 0 0 0 0 0 0
1511438825 0 0 0 100 0 0 0 0 0 0 0 0 2319 2376 0 0 0 0 0 0
1511958157 0 0 0 100 0 0 0 0 0 0 0 0 2319 2376 0 0 0 0 0 0
1513437612 0 0 0 100 0 0 0 0 0 0 0 0 2319 2376 0 0 0 0 0 0
1513437692 0 0 0 100 0 0 0 0 0 0 0 0 2319 2376 0 0 0 0 0 0
1513533991 0 0 0 100 0 0 0 0 0 0 0 0 2319 2376 0 0 0 0 0 0
1517004718 0 0 0 100 0 0 0 0 0 0 0 0 2319 2376 0 0 0 0 0 0
1517529826 0 0 0 100 0 0 88 0 0 0 0 0 2319 2376 0 0 0 0 0 0
1518458473 0 0 0 100 0 0 88 0 0 0 13 0 2319 2376 0 0 0 0 0 0
1518556205 0 0 0 100 0 0 92 0 0 0 13 0 2319 2376 0 0 0 0 0 0
1518556620 0 0 0 100 0 0 92 0 0 0 15 0 2319 2376 0 0 0 0 0 0
1519397137 0 0 0 100 0 0 92 0 0 0 15 0 2319 2376 0 0 0 0 0 0
1519679438 0 0 0 100 0 0 92 0 0 0 103 0 2319 2376 0 0 0 0 0 0
1519879339 0 0 0 100 0 0 92 0 0 0 104 0 2319 2376 0 0 0 0 0 0
1520393947 0 0 0 100 0 0 126 0 0 0 104 0 2319 2376 0 0 0 0 0 0
1520483062 0 0 0 100 0 0 126 0 0 0 216 0 2319 2376 0 0 0 0 0 0
1520484506 0 0 0 100 0 0 126 0 0 0 374 0 2319 2376 0 0 0 0 0 0
1520898293 0 0 0 100 0 0 126 0 0 0 375 0 2319 2376 0 0 0 0 0 0
1521566928 0 0 0 100 0 0 126 0 0 0 375 0 2319 2376 0 0 0 0 0 0
1522273850 0 0 0 100 0 0 126 0 0 0 381 0 2319 2376 0 0 0 0 0 0
1523516317 0 0 0 100 0 0 126 0 0 0 381 0 2319 2376 0 0 0 0 0 0
1527046697 0 0 0 100 0 0 126 0 0 0 381 0 2319 2376 0 0 0 0 0 0
1527099711 0 0 0 100 0 0 374 0 0 0 381 0 2319 2376 0 0 0 0 0 0
1527435906 0 0 0 105 0 0 374 0 0 0 381 0 2319 2376 0 0 0 0 0 0
1527695883 0 0 0 152 0 0 374 0 0 0 381 0 2319 2376 0 0 0 0 0 0
1527888658 0 0 0 188 0 0 374 0 0 0 381 0 2319 2376 0 0 0 0 0 0
1528330874 0 0 0 189 0 0 374 0 0 0 381 0 2319 2376 0 0 0 0 0 0
1528743949 0 0 0 195 0 0 374 0 0 0 381 0 2319 2376 0 0 0 0 0 0
1528847259 0 0 0 195 0 0 374 0 0 0 381 0 2319 2376 0 0 0 0 0 0
1529416707 0 0 0 195 0 0 374 0 0 0 381 0 2319 2376 0 0 0 0 0 0
1531440136 0 0 0 195 0 0 374 0 0 0 496 0 2319 2376 0 0 0 0 0 0
1531869121 0 0 0 195 0 0 374 0 0 0 695 0 2319 2376 0 0 0 0 0 0
1531877583 0 0 0 195 0 0 374 0 0 0 1447 0 2319 2376 0 0 0 0 0 0
1532122068 0 0 0 195 0 0 374 0 0 0 1859 0 2319 2376 0 0 0 0 0 0
1533768754 0 0 0 195 0 0 374 0 0 0 1859 0 2319 2376 0 0 0 0 0 0
1533798088 0 0 0 195 0 0 374 0 0 0 1866 0 2319 2376 0 0 0 0 0 0
1533858094 0 0 0 195 0 0 389 0 0 0 1866 0 2319 2376 0 0 0 0 0 0
1534522729 0 0 0 195 0 0 389 0 0 0 1868 0 2319 2376 0 0 0 0 0 0
1534821796 0 0 0 195 0 0 676 0 0 0 1868 0 2319 2376 0 0 0 0 0 0
1535211049 0 0 0 195 0 0 998 0 0 0 1868 0 2319 2376 0 0 0 0 0 0
1535420180 0 0 0 195 0 0 2064 0 0 0 1868 0 2319 2376 0 0 0 0 0 0
1535497810 0 0 0 195 0 0 2067 0 0 0 1868 0 2319 2376 0 0 0 0 0 0
1535558198 0 0 0 195 0 0 2067 0 0 0 1868 0 2319 2376 0 0 0 0 0 0
1538784637 0 0 0 195 0 0 2067 0 0 0 1868 0 2319 2376 0 0 0 0 0 0
1539974013 0 0 0 198 0 0 2067 0 0 0 1868 0 2319 2376 0 0 0 0 0 0
1539995763 0 0 0 198 0 0 2248 0 0 0 1868 0 2319 2376 0 0 0 0 0 0
1540076042 0 0 0 198 0 0 2287 0 0 0 1868 0 2319 2376 0 0 0 0 0 0
1540077302 0 0 0 198 0 0 2288 0 0 0 1868 0 2319 2376 0 0 0 0 0 0
1540078449 0 0 0 198 0 0 2322 0 0 0 1868 0 2319 2376 0 0 0 0 0 0
1540196721 0 72 0 198 0 0 2322 0 0 0 1868 0 2319 2376 0 0 0 0 0 0
1540204621 0 72 0 198 0 0 2322 0 0 0 1868 0 2319 2376 0 0 0 0 0 0
1540213443 0 72 0 198 0 0 2322 0 0 0 1868 0 2319 2376 0 0 0 0 0 0
1540320499 0 76 0 198 0 0 2322 0 0 0 1868 0 2319 2376 0 0 0 0 0 0
1540359192 0 78 0 198 0 0 2322 0 0 0 1868 0 2319 2376 0 0 0 0 0 0
1540428358 0 78 0 198 0 0 2322 0 0 0 2054 0 2319 2376 0 0 0 0 0 0
1540570855 0 78 0 198 0 0 2322 0 0 0 2054 0 2319 2376 0 0 0 0 0 0
1541730168 0 78 0 198 0 0 2708 0 0 0 2054 0 2319 2376 0 0 0 0 0 0
1541788718 0 78 0 202 0 0 2708 0 0 0 2054 0 2319 2376 0 0 0 0 0 0
1541802519 0 78 0 205 0 0 2708 0 0 0 2054 0 2319 2376 0 0 0 0 0 0
1541806043 0 78 0 309 0 0 2708 0 0 0 2054 0 2319 2376 0 0 0 0 0 0
1542044925 0 78 0 429 0 0 2708 0 0 0 2054 0 2319 2376 0 0 0 0 0 0
1542133639 0 78 0 6843 0 0 2708 0 0 0 2054 0 2319 2376 0 0 0 0 0 0
1542135087 0 78 0 6866 0 0 2708 0 0 0 2054 0 2319 2376 0 0 0 0 0 0
1542138989 0 78 0 6879 0 0 2708 0 0 0 2054 0 2319 2376 0 0 0 0 0 0
1542386396 0 78 0 6880 0 0 2708 0 0 0 2054 0 2319 2376 0 0 0 0 0 0
1542915744 0 78 0 6880 0 0 2708 0 0 0 2054 0 2319 2376 0 0 0 0 0 0
1543170886 0 78 0 6886 0 0 2708 0 0 0 2054 0 2319 2376 0 0 0 0 0 0
1543177088 0 78 0 6994 0 0 2708 0 0 0 2054 0 2319 2376 0 0 0 0 0 0
1543325085 0 82 0 6994 0 0 2708 0 0 0 2054 0 2319 2376 0 0 0 0 0 0
1543501472 0 82 0 6994 0 0 2708 0 0 0 2054 0 2319 2376 0 0 0 0 0 0
1544481851 0 82 0 6994 0 0 2768 0 0 0 2054 0 2319 2376 0 0 0 0 0 0
1544493402 0 82 0 6994 0 0 2856 0 0 0 2054 0 2319 2376 0 0 0 0 0 0
1544527194 0 82 0 6994 0 0 2856 0 0 0 2054 0 2319 2376 0 0 0 0 0 0
1544541171 0 82 0 7027 0 0 2856 0 0 0 2054 0 2319 2376 0 0 0 0 0 0
1545268878 0 82 0 7027 0 0 4759 0 0 0 2054 0 2319 2376 0 0 0 0 0 0
1546279399 0 82 0 7027 0 0 4759 0 0 0 2054 0 2319 2376 0 0 0 0 0 0
1546626088 0 82 0 7027 0 0 4759 0 0 0 2054 0 2319 2376 0 0 0 0 0 0
1546629385 0 82 0 7027 0 0 4759 0 0 0 2054 0 2319 2376 0 0 0 0 0 0
1546631656 0 82 0 7027 0 0 4759 0 0 0 2054 0 2319 2376 0 0 0 0 0 0
1546632866 0 82 0 7027 0 0 4759 0 0 0 2054 0 2319 2376 0 0 0 0 0 0
1547098113 0 82 0 7027 0 0 4769 0 0 0 2054 0 2319 2376 0 0 0 0 0 0
1548943798 0 82 0 7027 0 0 4769 0 0 0 2054 0 2319 2376 0 0 0 0 0 0
1549379057 0 82 0 7027 0 0 4772 0 0 0 2054 0 2319 2376 0 0 0 0 0 0
1549418385 0 82 0 7027 0 0 7999 0 0 0 2054 0 2319 2376 0 0 0 0 0 0
1549874808 0 82 0 7027 0 0 7999 0 0 0 2054 0 2319 2376 0 0 0 0 0 0
1549894026 0 82 0 7027 0 0 7999 0 0 0 2054 0 2319 2376 0 0 0 0 0 0
1549972751 0 82 0 7027 0 0 7999 0 0 0 2054 0 2319 2376 0 0 0 0 0 0
1550065406 0 86 0 7027 0 0 7999 0 0 0 2054 0 2319 2376 0 0 0 0 0 0
1550731048 0 86 0 7030 0 0 7999 0 0 0 2054 0 2319 2376 0 0 0 0 0 0
1551193186 0 86 0 7030 0 0 7999 0 0 0 2054 0 2319 2376 0 0 0 0 0 0
1551815430 0 86 0 7030 0 0 7999 0 0 0 2054 0 2319 2376 0 0 0 0 0 0
1553179600 0 86 0 7030 0 0 7999 0 0 0 2054 0 2319 2376 0 0 0 0 0 0
1553789585 0 86 0 7030 0 0 7999 0 0 0 2054 0 2319 2376 0 0 0 0 0 0
1554133306 0 86 0 7030 0 0 8002 0 0 0 2054 0 2319 2376 0 0 0 0 0 0
1554133331 0 86 0 7030 0 0 8049 0 0 0 2054 0 2319 2376 0 0 0 0 0 0
1554512977 0 86 0 7030 0 0 8049 0 0 0 2054 0 2319 2376 0 0 0 0 0 0
1556029025 0 86 0 7030 0 0 8049 0 0 0 2054 0 2319 2376 0 0 0 0 0 0
1556047443 0 86 0 7030 0 0 8071 0 0 0 2054 0 2319 2376 0 0 0 0 0 0
1556047463 0 86 0 7030 0 0 8071 0 0 0 2054 0 2319 2376 0 0 0 0 0 0
1557167838 0 86 0 7030 0 0 8071 0 0 0 2054 0 2319 2376 0 0 0 0 0 0
1557414930 0 86 0 7030 0 0 8071 0 0 0 2054 0 2319 2376 0 0 0 0 0 0
1557825544 0 93 0 7030 0 0 8071 0 0 0 2054 0 2319 2376 0 0 0 0 0 0
1557907281 0 93 0 7030 0 0 8071 0 0 0 2054 0 2319 2376 0 0 0 0 0 0
1558538332 0 93 0 7030 0 0 8071 0 0 0 2054 0 2319 2376 0 0 0 0 0 0
1559680906 0 93 0 7030 0 0 8071 0 0 0 2054 0 2319 2376 0 0 0 0 0 0
1561386720 0 93 0 7030 0 0 8071 0 0 0 2054 0 2319 2376 0 0 0 0 0 0
1562589488 0 93 0 7030 0 0 8071 0 0 0 2054 0 2319 2376 0 0 0 0 0 0
1563543898 0 93 0 7030 0 0 8071 0 0 0 2054 0 2319 2376 0 0 0 0 0 0
1563543940 0 93 0 7030 0 0 8071 0 0 0 2054 0 2319 2376 0 0 0 0 0 0
1563903577 0 93 0 7030 0 0 8071 0 0 0 2054 0 2319 2376 0 0 0 0 0 0
1565099484 0 93 0 7030 0 0 8071 0 0 0 2054 0 2319 2376 0 0 0 0 0 0
1565598263 0 93 0 7030 0 0 8071 0 0 0 2054 0 2319 2376 0 0 0 0 0 0
1567200611 0 93 0 7030 0 0 8071 0 0 0 2054 0 2319 2376 0 0 0 0 0 0
1569581705 0 105 0 7030 0 0 8071 0 0 0 2054 0 2319 2376 0 0 0 0 0 0
1570521461 0 105 0 7030 0 0 8071 0 0 0 2054 0 2319 2376 0 0 0 0 0 0
1572342844 0 105 0 7030 0 0 8071 0 0 0 2054 0 2319 2376 0 0 0 0 0 0
1572543265 0 105 0 7030 0 0 8071 0 0 0 2054 0 2319 2376 0 0 0 0 0 0
1572598693 0 108 0 7030 0 0 8071 0 0 0 2054 0 2319 2376 0 0 0 0 0 0
1572619417 0 122 0 7030 0 0 8071 0 0 0 2054 0 2319 2376 0 0 0 0 0 0
1572822938 0 4511 0 7030 0 0 8071 0 0 0 2054 0 2319 2376 0 0 0 0 0 0
1572850299 0 4511 0 7030 0 0 8071 0 0 0 2054 0 2319 2376 0 0 0 0 0 0
1573070577 0 4572 0 7030 0 0 8071 0 0 0 2054 0 2319 2376 0 0 0 0 0 0
1573070847 0 4595 0 7030 0 0 8071 0 0 0 2054 0 2319 2376 0 0 0 0 0 0
1574458482 0 4595 0 7030 0 0 8071 0 0 0 2054 0 2319 2376 0 0 0 0 0 0
1574458843 0 4595 0 7030 0 0 8071 0 0 0 2054 0 2319 2376 0 0 0 0 0 0
1574459029 0 4595 0 7030 0 0 8071 0 0 0 2054 0 2319 2376 0 0 0 0 0 0
1576505067 0 4595 0 7030 0 0 8071 0 0 0 2054 0 2319 2376 0 0 0 0 0 0
1578947611 0 4595 0 7030 0 0 8071 0 0 0 2054 0 2319 2376 0 0 0 0 0 0
1580288346 0 4595 0 7030 0 0 8071 0 0 0 2054 0 2319 2376 0 0 0 0 0 0
1580288397 0 4595 0 7030 0 0 8071 0 0 0 2054 0 2319 2376 0 0 0 0 0 0
1582163464 0 4595 0 7030 0 0 8071 0 0 0 2054 0 2319 2376 0 0 0 0 0 0
1582591377 0 4595 0 7030 0 0 8071 0 0 0 2054 0 2319 2376 0 0 0 7 0 0
1583282282 0 4595 0 7030 0 0 8071 0 0 0 2054 0 2319 2376 0 0 0 7 0 0
1583716579 0 4595 0 7030 0 0 8071 0 0 0 2054 0 2319 2376 0 0 0 7 0 0
1586649349 0 4595 0 7030 0 0 8071 0 0 0 2054 41 2319 2376 0 0 0 7 0 0
1586983234 0 4595 0 7030 0 0 8071 0 0 0 2054 41 2319 2376 0 0 0 7 0 0
1587376735 0 4595 0 7030 0 0 8071 0 0 0 2054 41 2319 2376 0 0 0 8 0 0
1587416230 0 4595 0 7030 0 0 8071 0 0 0 2054 41 2319 2376 0 0 0 8 0 0
1587474932 0 4595 0 7030 0 0 8071 0 0 0 2054 81 2319 2376 0 0 0 8 0 0
1587509810 0 4595 0 7030 0 0 8071 0 0 0 2054 81 2319 2376 0 0 0 8 0 0
1587509958 0 4595 0 7030 0 0 8071 0 0 0 2054 81 2319 2376 0 0 0 8 0 0
1587545850 0 4595 0 7030 0 0 8071 0 0 0 2054 2438 2319 2376 0 0 0 8 0 0
1588582026 0 4595 0 7030 0 0 8071 0 0 0 2054 2438 2319 2376 0 0 0 21 0 0
1589272390 0 4595 0 7030 0 0 8071 0 0 0 2054 2438 2319 2376 0 0 0 21 0 0
1589461335 0 4595 0 7030 0 0 8071 0 0 0 2054 2438 2319 2376 0 0 0 21 0 0
1589811165 0 4595 0 7030 0 0 8071 0 0 0 2054 2457 2319 2376 0 0 0 21 0 0
1589815959 0 4595 0 7030 0 0 8071 0 0 0 2054 2458 2319 2376 0 0 0 21 0 0
1590802386 0 4595 0 7030 0 0 8071 0 0 0 2054 2458 2319 2376 0 0 0 21 0 0
1591096066 0 4595 54 7030 0 0 8071 0 0 0 2054 2458 2319 2376 0 0 0 21 0 0
1591345868 0 4595 54 7030 0 0 8071 0 0 0 2054 2458 2319 2376 0 0 0 21 0 0
1591369309 0 4595 54 7545 0 0 8071 0 0 0 2054 2458 2319 2376 0 0 0 21 0 0
1591497724 0 4595 54 7545 0 0 8071 0 0 0 2054 2458 2319 2376 0 0 0 21 0 0
1591892333 0 4595 56 7545 0 0 8071 0 0 0 2054 2458 2319 2376 0 0 0 21 0 0
1591897554 0 4595 58 7545 0 0 8071 0 0 0 2054 2458 2319 2376 0 0 0 21 0 0
1591908458 0 4595 58 7545 0 0 8071 0 0 0 2054 2467 2319 2376 0 0 0 21 0 0
1591953852 0 4595 72 7545 0 0 8071 0 0 0 2054 2467 2319 2376 0 0 0 21 0 0
1591953951 0 4595 139 7545 0 0 8071 0 0 0 2054 2467 2319 2376 0 0 0 21 0 0
1592089732 0 4595 139 7545 0 0 8071 0 0 0 2054 2467 2319 2376 0 0 0 21 0 0
1592091876 0 4595 139 7545 0 0 8071 0 0 0 2054 2467 2319 2376 0 0 0 21 0 0
1592207706 0 4595 139 7545 0 0 8071 0 0 0 2054 2467 2319 2376 0 0 0 21 0 0
1592297158 0 4595 139 7545 0 0 8071 0 0 0 2054 2467 2319 2376 0 0 0 21 0 0
1592297823 0 4595 139 7545 0 0 8071 0 0 0 2054 2467 2319 2376 0 0 0 21 0 0
1592400515 0 4595 139 7545 0 0 8071 0 0 0 2054 2467 2319 2376 0 0 0 21 0 0
1592405264 0 4595 139 7545 0 0 8071 0 0 0 2054 2467 2319 2376 0 0 0 21 0 0
1592485514 0 4595 151 7545 0 0 8071 0 0 0 2054 2467 2319 2376 0 0 0 21 0 0
1592498619 0 4595 190 7545 0 0 8071 0 0 0 2054 2467 2319 2376 0 0 0 21 0 0
1592554433 0 4595 536 7545 0 0 8071 0 0 0 2054 2467 2319 2376 0 0 0 21 0 0
1592816692 0 4595 536 7547 0 0 8071 0 0 0 2054 2467 2319 2376 0 0 0 21 0 0
1592899031 0 4595 536 7547 0 0 8071 0 0 0 2054 2467 2319 2376 0 0 0 21 0 0
1592899138 0 4595 536 7547 0 0 8071 0 0 0 2054 2467 2319 2376 0 0 0 21 0 0
1593170972 0 4595 566 7547 0 0 8071 0 0 0 2054 2467 2319 2376 0 0 0 21 0 0
1593177252 0 4595 594 7547 0 0 8071 0 0 0 2054 2467 2319 2376 0 0 0 21 0 0
1593429573 0 4595 594 7547 0 0 8071 0 0 0 2054 2467 2319 2376 28 0 0 21 0 0
1593455863 0 4595 594 7547 0 0 8071 0 0 0 2054 2467 2319 2376 276 0 0 21 0 0
1593455895 0 4595 594 7547 0 0 8071 0 0 0 2054 2467 2319 2376 346 0 0 21 0 0
1593511523 0 4595 594 9618 0 0 8071 0 0 0 2054 2467 2319 2376 346 0 0 21 0 0
1593531996 0 4595 594 9637 0 0 8071 0 0 0 2054 2467 2319 2376 346 0 0 21 0 0
1593532362 0 4595 594 9662 0 0 8071 0 0 0 2054 2467 2319 2376 346 0 0 21 0 0
1593540027 0 4595 594 9662 0 0 8071 0 0 0 2054 2467 2319 2376 933 0 0 21 0 0
1593592942 0 4595 594 9662 0 0 8071 0 0 0 2054 2467 2319 2376 933 0 0 21 0 0
1593592974 0 4595 594 9662 0 0 8071 0 0 0 2054 2467 2319 2376 996 0 0 21 0 0
1593611340 0 4595 594 9662 0 0 8071 0 0 0 2054 2467 2319 2376 1083 0 0 21 0 0
1593763621 0 4595 594 9662 0 0 8071 0 0 0 2054 2467 2319 2376 1083 0 0 21 0 0
1593798220 0 4595 594 9683 0 0 8071 0 0 0 2054 2467 2319 2376 1083 0 0 21 0 0
1594069268 0 4595 594 9683 0 0 8071 0 0 0 2054 2467 2319 2376 1083 0 0 21 0 0
1594109961 0 4595 594 9683 0 0 8071 0 0 0 2054 2467 2319 2376 1083 0 0 21 0 0
1594990017 0 4595 594 9683 0 0 8071 0 0 0 2054 2467 2319 2376 1083 0 0 21 0 0
1595233104 0 4595 594 9683 0 0 8071 0 0 0 2054 2467 2319 2376 1083 0 0 21 0 0
1595233221 0 4595 594 9683 0 0 8071 0 0 0 2054 2467 2319 2376 1083 0 0 21 0 0
1595333211 0 4595 594 9683 0 0 8071 0 0 0 2054 2467 2319 2376 1131 0 0 21 0 0
1595437342 0 4595 594 9683 0 0 8071 0 0 0 2054 2467 2319 2376 12474 0 0 21 0 0
1595532933 0 4595 594 9683 0 0 8071 0 0 0 2054 2467 2319 2376 12474 0 0 21 0 0
1595784596 0 4595 594 9683 0 0 8071 0 0 0 2054 2467 2319 2376 12513 0 0 21 0 0
1595837591 0 4595 594 9683 0 0 8071 0 0 0 2054 2467 2319 2376 12526 0 0 21 0 0
1599249043 0 4595 594 9683 0 0 8071 0 0 0 2054 2544 2319 2376 12526 0 0 21 0 0
1599417161 0 4595 594 9683 0 0 8071 0 0 0 2054 2544 2319 2376 12526 0 0 21 0 0
1599675079 75 4595 594 9683 0 0 8071 0 0 0 2054 2544 2319 2376 12526 0 0 21 0 0
1599678901 584 4595 594 9683 0 0 8071 0 0 0 2054 2544 2319 2376 12526 0 0 21 0 0
1600356032 584 4595 595 9683 0 0 8071 0 0 0 2054 2544 2319 2376 12526 0 0 21 0 0
1600850142 584 4595 595 9683 0 0 8071 0 0 0 2054 2544 2319 2376 12526 0 0 21 0 0
1600951114 639 4595 595 9683 0 0 8071 0 0 0 2054 2544 2319 2376 12526 0 0 21 0 0
1600955529 648 4595 595 9683 0 0 8071 0 0 0 2054 2544 2319 2376 12526 0 0 21 0 0
1601053416 648 4595 595 9683 0 0 8071 0 0 0 2054 2544 2319 2376 12526 0 0 21 0 0
1601407343 1214 4595 595 9683 0 0 8071 0 0 0 2054 2544 2319 2376 12526 0 0 21 0 0
1601648103 1297 4595 595 9683 0 0 8071 0 0 0 2054 2544 2319 2376 12526 0 0 21 0 0
1602229774 1297 4595 691 9683 0 0 8071 0 0 0 2054 2544 2319 2376 12526 0 0 21 0 0
1602516852 1297 4595 691 9683 0 0 8071 3 0 0 2054 2544 2319 2376 12526 0 0 21 0 0
1602557869 1428 4595 691 9683 0 0 8071 3 0 0 2054 2544 2319 2376 12526 0 0 21 0 0
1602628553 1624 4595 691 9683 0 0 8071 3 0 0 2054 2544 2319 2376 12526 0 0 21 0 0
1602701277 1624 4595 691 9683 0 0 8071 4 0 0 2054 2544 2319 2376 12526 0 0 21 0 0
1602701684 2991 4595 691 9683 0 0 8071 4 0 0 2054 2544 2319 2376 12526 0 0 21 0 0
1602772618 2991 4595 691 9683 0 0 8071 27 0 0 2054 2544 2319 2376 12526 0 0 21 0 0
1602772668 2991 4595 691 9683 0 0 8071 28 0 0 2054 2544 2319 2376 12526 0 0 21 0 0
1602777270 2991 4595 691 9683 0 0 8071 28 0 0 2054 2544 2319 2376 12526 0 0 21 0 0
1602777376 2991 4595 691 9683 0 0 8071 28 0 0 2054 2544 2319 2376 12526 0 0 21 0 0
1602778743 4927 4595 691 9683 0 0 8071 28 0 0 2054 2544 2319 2376 12526 0 0 21 0 0
1602778989 7917 4595 691 9683 0 0 8071 28 0 0 2054 2544 2319 2376 12526 0 0 21 0 0
1602779416 18041 4595 691 9683 0 0 8071 28 0 0 2054 2544 2319 2376 12526 0 0 21 0 0
1602779953 18051 4595 691 9683 0 0 8071 28 0 0 2054 2544 2319 2376 12526 0 0 21 0 0
1602782479 18051 4595 729 9683 0 0 8071 28 0 0 2054 2544 2319 2376 12526 0 0 21 0 0
1602796701 18088 4595 729 9683 0 0 8071 28 0 0 2054 2544 2319 2376 12526 0 0 21 0 0
1602797102 18136 4595 729 9683 0 0 8071 28 0 0 2054 2544 2319 2376 12526 0 0 21 0 0
1602799662 18137 4595 729 9683 0 0 8071 28 0 0 2054 2544 2319 2376 12526 0 0 21 0 0
1602805391 18143 4595 729 9683 0 0 8071 28 0 0 2054 2544 2319 2376 12526 0 0 21 0 0
1602841169 18143 4595 729 9683 0 0 8071 34 0 0 2054 2544 2319 2376 12526 0 0 21 0 0
1602842683 18143 4595 729 9683 0 0 8071 38 0 0 2054 2544 2319 2376 12526 0 0 21 0 0
1602843307 18143 4595 729 9683 0 0 8071 40 0 0 2054 2544 2319 2376 12526 0 0 21 0 0
1602863296 18242 4595 729 9683 0 0 8071 40 0 0 2054 2544 2319 2376 12526 0 0 21 0 0
1602869347 18255 4595 729 9683 0 0 8071 40 0 0 2054 2544 2319 2376 12526 0 0 21 0 0
1602972762 18255 4595 729 9683 0 0 8071 40 0 0 2054 2544 2319 2376 12526 140 0 21 0 0
1603047710 19852 4595 729 9683 0 0 8071 40 0 0 2054 2544 2319 2376 12526 140 0 21 0 0
1603078757 20148 4595 729 9683 0 0 8071 40 0 0 2054 2544 2319 2376 12526 140 0 21 0 0
1603293745 20178 4595 729 9683 0 0 8071 40 0 0 2054 2544 2319 2376 12526 140 0 21 0 0
1603460503 20178 4595 729 9683 0 0 8071 40 0 0 2054 2544 2319 2376 12526 140 0 21 0 0
1603465138 20178 4595 729 9683 0 0 8071 90 0 0 2054 2544 2319 2376 12526 140 0 21 0 0
1603562869 20178 4595 729 9683 0 0 8071 90 0 0 2054 2544 2319 2376 12526 140 0 21 0 0
1603701993 20178 4595 729 9683 0 0 8071 90 0 0 2054 2544 2319 2376 12526 140 0 21 0 0
1604422877 20178 4595 729 9683 0 0 8071 90 0 0 2054 2544 2319 2376 12526 140 0 21 0 0
1604490964 20191 4595 729 9683 0 0 8071 90 0 0 2054 2544 2319 2376 12526 140 0 21 0 0
1604564709 20191 4595 729 9683 0 0 8071 276 0 0 2054 2544 2319 2376 12526 140 0 21 0 0
1604567507 20191 4595 729 9683 0 0 8071 276 0 0 2054 2544 2319 2376 12526 140 0 21 0 0
1604604048 20191 4595 729 9683 0 0 8071 276 0 0 2054 2544 2319 2376 12526 218 0 21 0 0
1604933383 20191 4595 729 9683 0 0 8071 276 0 0 2054 2544 2319 2376 12526 218 0 21 0 0
1604958274 20346 4595 729 9683 0 0 8071 276 0 0 2054 2544 2319 2376 12526 218 0 21 0 0
1605018467 20346 4595 729 9683 0 0 8071 276 0 0 2054 2544 2319 2376 12526 218 0 21 0 0
1605040978 20346 4595 729 9683 0 0 8071 276 0 0 2054 2544 2319 2376 12526 218 0 21 0 0
1605057223 20346 4595 729 9683 0 0 8071 276 0 0 2054 2544 2319 2376 12526 255 0 21 0 0
1605097051 20346 4595 729 9683 0 0 8071 276 0 0 2054 2545 2319 2376 12526 255 0 21 0 0
1605097511 20346 4595 729 9683 0 0 8071 276 0 0 2054 2545 2319 2376 12526 262 0 21 0 0
1605117079 20346 4595 729 9683 0 0 8071 276 0 0 2054 2551 2319 2376 12526 262 0 21 0 0
1605287990 20346 4595 729 9683 0 0 8071 419 0 0 2054 2551 2319 2376 12526 262 0 21 0 0
1605354574 20346 4595 729 9683 0 0 8071 423 0 0 2054 2551 2319 2376 12526 262 0 21 0 0
1605932704 20346 4595 729 9683 0 0 8071 423 0 0 2054 2551 2319 2376 12526 322 0 21 0 0
1606164339 20347 4595 729 9683 0 0 8071 423 0 0 2054 2551 2319 2376 12526 322 0 21 0 0
1606333563 20347 4595 729 9683 0 0 8071 423 10 0 2054 2551 2319 2376 12526 322 0 21 0 0
1606926969 20358 4595 729 9683 0 0 8071 423 10 0 2054 2551 2319 2376 12526 322 0 21 0 0
1606985779 20358 4595 729 9683 0 0 8071 423 10 0 2054 2551 2319 2376 12526 322 0 21 0 0
1607028176 20358 4595 729 9683 0 0 8071 423 121 0 2054 2551 2319 2376 12526 322 0 21 0 0
1607069121 20358 4595 729 9683 0 0 8071 423 121 0 2054 2551 2319 2376 12526 364 0 21 0 0
1607071786 20373 4595 729 9683 0 0 8071 423 121 0 2054 2551 2319 2376 12526 364 0 21 0 0
1607207842 20373 4595 729 9683 0 0 8071 423 139 0 2054 2551 2319 2376 12526 364 0 21 0 0
1607385977 20373 4595 729 9683 0 0 8071 444 139 0 2054 2551 2319 2376 12526 364 0 21 0 0
1607428383 20373 4595 729 9683 0 0 8071 498 139 0 2054 2551 2319 2376 12526 364 0 21 0 0
1607445177 20373 4595 757 9683 0 0 8071 498 139 0 2054 2551 2319 2376 12526 364 0 21 0 0
1607770150 20373 4595 757 9683 0 0 8071 548 139 0 2054 2551 2319 2376 12526 364 0 21 0 0
1607803502 20373 4595 757 9683 0 0 8071 548 139 0 2054 2551 2319 2376 12526 364 0 21 0 0
1607977316 20373 4595 757 9683 0 0 8071 548 139 0 2054 2551 2319 2376 12526 364 0 21 0 0
1608027113 20373 4595 757 9683 0 0 8071 548 170 0 2054 2551 2319 2376 12526 364 0 21 0 0
1608652724 20537 4595 757 9683 0 0 8071 548 170 0 2054 2551 2319 2376 12526 364 0 21 0 0
1609372214 20544 4595 757 9683 0 0 8071 548 170 0 2054 2551 2319 2376 12526 364 0 21 0 0
1609372830 26474 4595 757 9683 0 0 8071 548 170 0 2054 2551 2319 2376 12526 364 0 21 0 0
1609532003 26631 4595 757 9683 0 0 8071 548 170 0 2054 2551 2319 2376 12526 364 0 21 0 0
1610453109 26631 4595 757 9683 0 0 8071 548 170 0 2054 2551 2319 2376 12526 364 0 21 0 0
1610578154 26760 4595 757 9683 0 0 8071 548 170 0 2054 2551 2319 2376 12526 364 0 21 0 0
1610582730 26760 4595 757 9683 0 0 8071 565 170 0 2054 2551 2319 2376 12526 364 0 21 0 0
1610728135 26760 4595 757 9683 0 0 8071 565 170 0 2054 2551 2319 2376 12526 364 0 21 0 0
1610970792 26835 4595 757 9683 0 0 8071 565 170 0 2054 2551 2319 2376 12526 364 0 21 0 0
1611237917 26907 4595 757 9683 0 0 8071 565 170 0 2054 2551 2319 2376 12526 364 0 21 0 0
1611240128 27013 4595 757 9683 0 0 8071 565 170 0 2054 2551 2319 2376 12526 364 0 21 0 0
1611263838 27150 4595 757 9683 0 0 8071 565 170 0 2054 2551 2319 2376 12526 364 0 21 0 0
1611271765 27654 4595 757 9683 0 0 8071 565 170 0 2054 2551 2319 2376 12526 364 0 21 0 0
1611359207 27654 4595 757 9683 0 0 8071 565 170 0 2054 2551 2319 2376 12526 364 0 21 0 0
1611681605 27654 4595 757 9683 0 0 8071 565 170 0 2054 2551 2319 2376 12526 364 0 21 0 0
1611743405 28872 4595 757 9683 0 0 8071 565 170 0 2054 2551 2319 2376 12526 364 0 21 0 0
1611768252 28885 4595 757 9683 0 0 8071 565 170 0 2054 2551 2319 2376 12526 364 0 21 0 0
1611801121 28892 4595 757 9683 0 0 8071 565 170 0 2054 2551 2319 2376 12526 364 0 21 0 0
1611876276 28892 4597 757 9683 0 0 8071 565 170 0 2054 2551 2319 2376 12526 364 0 21 0 0
1612036315 28892 4597 757 9683 0 0 8071 565 170 0 2054 2551 2319 2376 12529 364 0 21 0 0
1612188613 28892 4601 757 9683 0 0 8071 565 170 0 2054 2551 2319 2376 12529 364 0 21 0 0
1612270770 28892 4873 757 9683 0 0 8071 565 170 0 2054 2551 2319 2376 12529 364 0 21 0 0
1612297254 28986 4873 757 9683 0 0 8071 565 170 0 2054 2551 2319 2376 12529 364 0 21 0 0
1612339908 28986 4999 757 9683 0 0 8071 565 170 0 2054 2551 2319 2376 12529 364 0 21 0 0
1612380838 28986 5063 757 9683 0 0 8071 565 170 0 2054 2551 2319 2376 12529 364 0 21 0 0
1612434913 29017 5063 757 9683 0 0 8071 565 170 0 2054 2551 2319 2376 12529 364 0 21 0 0
1612508915 29017 5345 757 9683 0 0 8071 565 170 0 2054 2551 2319 2376 12529 364 0 21 0 0
1612862297 29036 5345 757 9683 0 0 8071 565 170 0 2054 2551 2319 2376 12529 364 0 21 0 0
1612867504 29036 5405 757 9683 0 0 8071 565 170 0 2054 2551 2319 2376 12529 364 0 21 0 0
1612879015 29036 5407 757 9683 0 0 8071 565 170 0 2054 2551 2319 2376 12529 364 0 21 0 0
1612879215 29036 5415 757 9683 0 0 8071 565 170 0 2054 2551 2319 2376 12529 364 0 21 0 0
1613155189 29319 5415 757 9683 0 0 8071 565 170 0 2054 2551 2319 2376 12529 364 0 21 0 0
1613160163 29319 5415 757 9683 0 0 8071 565 170 0 2054 2551 2319 2376 12529 405 0 21 0 0
1613485215 29319 5415 757 9683 0 0 8071 565 3451 0 2054 2551 2319 2376 12529 405 0 21 0 0
1613486300 29319 5415 759 9683 0 0 8071 565 3451 0 2054 2551 2319 2376 12529 405 0 21 0 0
1613488543 29351 5415 759 9683 0 0 8071 565 3451 0 2054 2551 2319 2376 12529 405 0 21 0 0
1613591986 29363 5415 759 9683 0 0 8071 565 3451 0 2054 2551 2319 2376 12529 405 0 21 0 0
1613664826 29363 5415 898 9683 0 0 8071 565 3451 0 2054 2551 2319 2376 12529 405 0 21 0 0
1613723850 29363 6519 898 9683 0 0 8071 565 3451 0 2054 2551 2319 2376 12529 405 0 21 0 0
1613835157 29370 6519 898 9683 0 0 8071 565 3451 0 2054 2551 2319 2376 12529 405 0 21 0 0
1613927124 29370 6519 898 9683 0 0 8071 565 3451 0 2054 2551 2319 2376 12529 405 0 21 0 0
1614088487 29370 6577 898 9683 0 0 8071 565 3451 0 2054 2551 2319 2376 12529 405 0 21 0 0
1614172451 29370 6583 898 9683 0 0 8071 565 3451 0 2054 2551 2319 2376 12529 405 0 21 0 0
1614174547 29370 6583 898 9683 0 0 8071 565 3451 0 2054 2551 2319 2376 12529 405 0 21 0 0
1614237928 29370 6583 898 9683 0 0 8071 565 3451 0 2054 2551 2319 2376 12529 405 0 21 0 0
1614261268 29370 6583 922 9683 0 0 8071 565 3451 0 2054 2551 2319 2376 12529 405 0 21 0 0
1614261584 29376 6583 922 9683 0 0 8071 565 3451 0 2054 2551 2319 2376 12529 405 0 21 0 0
1614262195 29376 6743 922 9683 0 0 8071 565 3451 0 2054 2551 2319 2376 12529 405 0 21 0 0
1614272069 29376 6755 922 9683 0 0 8071 565 3451 0 2054 2551 2319 2376 12529 405 0 21 0 0
1614326011 29376 6778 922 9683 0 0 8071 565 3451 0 2054 2551 2319 2376 12529 405 0 21 0 0
1614714502 29376 6778 922 9683 0 0 8071 565 3451 0 2054 2551 2319 2376 12529 405 0 21 0 0
1614770435 29376 6864 922 9683 0 0 8071 565 3451 0 2054 2551 2319 2376 12529 405 0 21 0 0
1614812737 29376 6864 922 9683 0 0 8071 565 3451 0 2054 2551 2319 2376 12529 405 0 21 0 0
1615291884 29376 6864 922 9683 0 0 8071 565 3451 0 2054 2551 2319 2376 12529 405 0 21 0 0
1615298587 29376 6873 922 9683 0 0 8071 565 3451 0 2054 2551 2319 2376 12529 405 0 21 0 0
1615321516 29376 6873 922 9683 0 0 8071 565 3451 0 2054 2551 2319 2376 12529 405 0 21 0 0
1615460080 29376 6910 922 9683 0 0 8071 565 3451 0 2054 2551 2319 2376 12529 405 0 21 0 0
1615556138 29376 6939 922 9683 0 0 8071 565 3451 0 2054 2551 2319 2376 12529 405 0 21 0 0
1615811136 29376 6939 922 9683 0 0 8071 565 3451 0 2054 2551 2319 2376 12529 417 0 21 0 0
1616105605 29376 6939 922 9683 0 0 8071 565 3451 0 2054 2551 2319 2376 12529 417 0 21 0 0
1616412509 29376 6939 931 9683 0 0 8071 565 3451 0 2054 2551 2319 2376 12529 417 0 21 0 0
1616432213 29376 6939 2002 9683 0 0 8071 565 3451 0 2054 2551 2319 2376 12529 417 0 21 0 0
1616435395 29471 6939 2002 9683 0 0 8071 565 3451 0 2054 2551 2319 2376 12529 417 0 21 0 0
1616668688 29471 6939 11639 9683 0 0 8071 565 3451 0 2054 2551 2319 2376 12529 417 0 21 0 0
1616702925 29471 6939 11639 9683 0 0 8071 565 3451 0 2054 2551 2319 2376 12529 461 0 21 0 0
1616711553 29471 6939 11640 9683 0 0 8071 565 3451 0 2054 2551 2319 2376 12529 461 0 21 0 0
1617029905 29509 6939 11640 9683 0 0 8071 565 3451 0 2054 2551 2319 2376 12529 461 0 21 0 0
1617101053 29685 6939 11640 9683 0 0 8071 565 3451 0 2054 2551 2319 2376 12529 461 0 21 0 0
1617114748 29685 6939 11717 9683 0 0 8071 565 3451 0 2054 2551 2319 2376 12529 461 0 21 0 0
1617137465 29702 6939 11717 9683 0 0 8071 565 3451 0 2054 2551 2319 2376 12529 461 0 21 0 0
1617143906 29702 6939 11717 9683 0 0 8071 565 3451 0 2054 2580 2319 2376 12529 461 0 21 0 0
1617178398 29702 6939 11717 9683 0 0 8071 565 3451 0 2054 2580 2319 2376 12529 461 0 21 0 0
1617181246 29702 6939 11717 9683 0 0 8071 565 3451 0 2054 2580 2319 2376 12529 461 0 21 0 0
1617183147 29702 6939 11717 9683 0 0 8071 565 3451 0 2054 2580 2319 2376 12529 461 0 21 0 0
1617192104 29702 6939 11717 9683 0 0 8071 565 3451 0 2054 2580 2319 2376 12529 461 0 21 0 0
1617267281 29702 6939 11717 9683 0 0 8071 565 3451 0 2054 2583 2319 2376 12529 461 0 21 0 0
1617341942 29702 6939 11717 9683 0 0 8071 565 3451 0 2054 2583 2319 2376 12529 461 0 21 28 0
1617380943 29702 6939 11717 9683 0 0 8071 565 3451 0 2054 2583 2319 2376 12529 461 0 21 36 0
1617790269 29702 6939 12399 9683 0 0 8071 565 3451 0 2054 2583 2319 2376 12529 461 0 21 36 0
1617810391 30099 6939 12399 9683 0 0 8071 565 3451 0 2054 2583 2319 2376 12529 461 0 21 36 0
1617810758 30099 6939 12406 9683 0 0 8071 565 3451 0 2054 2583 2319 2376 12529 461 0 21 36 0
1617811014 30261 6939 12406 9683 0 0 8071 565 3451 0 2054 2583 2319 2376 12529 461 0 21 36 0
1617815503 31025 6939 12406 9683 0 0 8071 565 3451 0 2054 2583 2319 2376 12529 461 0 21 36 0
1617817941 31030 6939 12406 9683 0 0 8071 565 3451 0 2054 2583 2319 2376 12529 461 0 21 36 0
1617823598 31030 6939 12406 9683 0 0 8071 565 3451 0 2054 2583 2319 2376 12529 461 0 21 36 0
1617873624 31030 6939 12406 9683 0 0 8071 565 3451 0 2054 2583 2319 2376 12529 461 0 21 36 0
1617897225 31032 6939 12406 9683 0 0 8071 565 3451 0 2054 2583 2319 2376 12529 461 0 21 36 0
1617900391 31032 6939 12408 9683 0 0 8071 565 3451 0 2054 2583 2319 2376 12529 461 0 21 36 0
1617980793 31099 6939 12408 9683 0 0 8071 565 3451 0 2054 2583 2319 2376 12529 461 0 21 36 0
1617982148 31184 6939 12408 9683 0 0 8071 565 3451 0 2054 2583 2319 2376 12529 461 0 21 36 0
1618238472 31452 6939 12408 9683 0 0 8071 565 3451 0 2054 2583 2319 2376 12529 461 0 21 36 0
1618844147 32433 6939 12408 9683 0 0 8071 565 3451 0 2054 2583 2319 2376 12529 461 0 21 36 0
1618848456 32433 6939 12429 9683 0 0 8071 565 3451 0 2054 2583 2319 2376 12529 461 0 21 36 0
1618923372 32433 6939 12432 9683 0 0 8071 565 3451 0 2054 2583 2319 2376 12529 461 0 21 36 0
1618930845 32438 6939 12432 9683 0 0 8071 565 3451 0 2054 2583 2319 2376 12529 461 0 21 36 0
1618932859 32854 6939 12432 9683 0 0 8071 565 3451 0 2054 2583 2319 2376 12529 461 0 21 36 0
1619009551 32854 6939 12432 9683 0 0 8071 565 3451 0 2054 2583 2319 2376 12529 461 0 21 36 0
1619191087 33333 6939 12432 9683 0 0 8071 565 3451 0 2054 2583 2319 2376 12529 461 0 21 36 0
1619534370 33505 6939 12432 9683 0 0 8071 565 3451 0 2054 2583 2319 2376 12529 461 0 21 36 0
1619536522 33722 6939 12432 9683 0 0 8071 565 3451 0 2054 2583 2319 2376 12529 461 0 21 36 0
1619543718 34064 6939 12432 9683 0 0 8071 565 3451 0 2054 2583 2319 2376 12529 461 0 21 36 0
1619619504 34064 6939 12436 9683 0 0 8071 565 3451 0 2054 2583 2319 2376 12529 461 0 21 36 0
1619698942 34064 6939 12453 9683 0 0 8071 565 3451 0 2054 2583 2319 2376 12529 461 0 21 36 0
1620127256 34064 6940 12453 9683 0 0 8071 565 3451 0 2054 2583 2319 2376 12529 461 0 21 36 0
1620136100 34144 6940 12453 9683 0 0 8071 565 3451 0 2054 2583 2319 2376 12529 461 0 21 36 0
1620227407 34335 6940 12453 9683 0 0 8071 565 3451 0 2054 2583 2319 2376 12529 461 0 21 36 0
1620232515 34335 6940 12453 9683 0 0 8071 565 3451 0 2054 2583 2319 2376 12529 461 0 21 36 0
1620309199 34489 6940 12453 9683 0 0 8071 565 3451 0 2054 2583 2319 2376 12529 461 0 21 36 0
1620309497 34496 6940 12453 9683 0 0 8071 565 3451 0 2054 2583 2319 2376 12529 461 0 21 36 0
1620309754 34499 6940 12453 9683 0 0 8071 565 3451 0 2054 2583 2319 2376 12529 461 0 21 36 0
1620310046 34605 6940 12453 9683 0 0 8071 565 3451 0 2054 2583 2319 2376 12529 461 0 21 36 0
1620312186 34605 6940 12507 9683 0 0 8071 565 3451 0 2054 2583 2319 2376 12529 461 0 21 36 0
1620312648 34605 6940 12520 9683 0 0 8071 565 3451 0 2054 2583 2319 2376 12529 461 0 21 36 0
1620324192 34605 6940 12520 9683 0 0 8071 565 3451 0 2054 2583 2319 2376 12529 502 0 21 36 0
1620331170 34618 6940 12520 9683 0 0 8071 565 3451 0 2054 2583 2319 2376 12529 502 0 21 36 0
1620639885 34618 7312 12520 9683 0 0 8071 565 3451 0 2054 2583 2319 2376 12529 502 0 21 36 0
1620656383 34618 7312 12522 9683 0 0 8071 565 3451 0 2054 2583 2319 2376 12529 502 0 21 36 0
1620657778 34618 7312 12630 9683 0 0 8071 565 3451 0 2054 2583 2319 2376 12529 502 0 21 36 0
1620661128 34618 7312 12635 9683 0 0 8071 565 3451 0 2054 2583 2319 2376 12529 502 0 21 36 0
1620665796 34618 7312 12674 9683 0 0 8071 565 3451 0 2054 2583 2319 2376 12529 502 0 21 36 0
1620733285 34618 7312 12719 9683 0 0 8071 565 3451 0 2054 2583 2319 2376 12529 502 0 21 36 0
1620745963 34618 7312 12721 9683 0 0 8071 565 3451 0 2054 2583 2319 2376 12529 502 0 21 36 0
1620746967 34618 7312 12731 9683 0 0 8071 565 3451 0 2054 2583 2319 2376 12529 502 0 21 36 0
1620800925 34618 7337 12731 9683 0 0 8071 565 3451 0 2054 2583 2319 2376 12529 502 0 21 36 0
1620912807 34618 7380 12731 9683 0 0 8071 565 3451 0 2054 2583 2319 2376 12529 502 0 21 36 0
1620913412 34661 7380 12731 9683 0 0 8071 565 3451 0 2054 2583 2319 2376 12529 502 0 21 36 0
1621267980 34661 7380 12731 9683 0 0 8071 565 3451 0 2054 2583 2319 2376 12529 502 0 21 36 0
1621271682 35724 7380 12731 9683 0 0 8071 565 3451 0 2054 2583 2319 2376 12529 502 0 21 36 0
1621326626 35724 7380 12731 9683 0 0 8071 565 3451 0 2054 2583 2319 2376 12529 502 0 21 36 0
1621348524 35724 7380 12731 9683 0 0 8071 565 3451 0 2054 2583 2319 2376 12529 502 0 21 36 0
1621440204 35733 7380 12731 9683 0 0 8071 565 3451 0 2054 2583 2319 2376 12529 502 0 21 36 0
1621491806 35733 7380 12731 9683 0 0 8071 565 3451 0 2054 2583 2319 2376 12529 502 0 21 36 0
1621506310 35733 7709 12731 9683 0 0 8071 565 3451 0 2054 2583 2319 2376 12529 502 0 21 36 0
1621627031 35749 7709 12731 9683 0 0 8071 565 3451 0 2054 2583 2319 2376 12529 502 0 21 36 0
1622143034 35749 7723 12731 9683 0 0 8071 565 3451 0 2054 2583 2319 2376 12529 502 0 21 36 0
1622147843 35749 7802 12731 9683 0 0 8071 565 3451 0 2054 2583 2319 2376 12529 502 0 21 36 0
1622316888 35749 7802 12731 9683 0 0 8071 565 3451 0 2054 2583 2319 2376 12529 502 0 21 36 0
1622362171 35749 7802 12731 9683 0 0 8071 565 3451 0 2054 2583 2319 2376 12529 502 0 21 36 0
1622578578 35749 7942 12731 9683 0 0 8071 565 3451 0 2054 2583 2319 2376 12529 502 0 21 36 0
1622582338 35813 7942 12731 9683 0 0 8071 565 3451 0 2054 2583 2319 2376 12529 502 0 21 36 0
1622616767 35813 7957 12731 9683 0 0 8071 565 3451 0 2054 2583 2319 2376 12529 502 0 21 36 0
1622617766 35813 8045 12731 9683 0 0 8071 565 3451 0 2054 2583 2319 2376 12529 502 0 21 36 0
1622641132 35821 8045 12731 9683 0 0 8071 565 3451 0 2054 2583 2319 2376 12529 502 0 21 36 0
1622661764 35821 8046 12731 9683 0 0 8071 565 3451 0 2054 2583 2319 2376 12529 502 0 21 36 0
1622664870 35821 8047 12731 9683 0 0 8071 565 3451 0 2054 2583 2319 2376 12529 502 0 21 36 0
1623232956 35821 8128 12731 9683 0 0 8071 565 3451 0 2054 2583 2319 2376 12529 502 0 21 36 0
1623712886 35821 8128 12731 9683 0 0 8071 565 3451 0 2054 2583 2319 2376 12529 502 0 21 36 0
1624049244 35899 8128 12731 9683 0 0 8071 565 3451 0 2054 2583 2319 2376 12529 502 0 21 36 0
1624270744 35916 8128 12731 9683 0 0 8071 565 3451 0 2054 2583 2319 2376 12529 502 0 21 36 0
1624280045 35916 8128 12731 9683 0 0 8071 565 3451 0 2054 2583 2319 2376 12529 502 0 21 36 0
1624406153 35916 8128 12731 9683 0 0 8071 565 3451 0 2054 2583 2319 2376 12529 502 0 21 42 0
1624523451 35916 8324 12731 9683 0 0 8071 565 3451 0 2054 2583 2319 2376 12529 502 0 21 42 0
1624548398 35916 8324 12731 9683 0 0 8071 565 3451 0 2054 2583 2319 2376 12529 502 0 21 42 0
1624548852 35921 8324 12731 9683 0 0 8071 565 3451 0 2054 2583 2319 2376 12529 502 0 21 42 0
1624549099 36053 8324 12731 9683 0 0 8071 565 3451 0 2054 2583 2319 2376 12529 502 0 21 42 0
1624562917 36053 8324 12731 9683 0 0 8071 565 3451 0 2054 2583 2319 2376 12529 502 0 21 44 0
1624660399 36053 8324 12731 9683 0 0 8071 666 3451 0 2054 2583 2319 2376 12529 502 0 21 44 0
1624739008 36053 8324 12731 9683 0 0 8071 666 3451 0 2054 2583 2319 2376 12529 502 0 21 48 0
1624817389 36062 8324 12731 9683 0 0 8071 666 3451 0 2054 2583 2319 2376 12529 502 0 21 48 0
1624817707 36081 8324 12731 9683 0 0 8071 666 3451 0 2054 2583 2319 2376 12529 502 0 21 48 0
1624819684 36146 8324 12731 9683 0 0 8071 666 3451 0 2054 2583 2319 2376 12529 502 0 21 48 0
1624820337 36147 8324 12731 9683 0 0 8071 666 3451 0 2054 2583 2319 2376 12529 502 0 21 48 0
1624866179 36147 8347 12731 9683 0 0 8071 666 3451 0 2054 2583 2319 2376 12529 502 0 21 48 0
1624888062 36288 8347 12731 9683 0 0 8071 666 3451 0 2054 2583 2319 2376 12529 502 0 21 48 0
1624888322 36857 8347 12731 9683 0 0 8071 666 3451 0 2054 2583 2319 2376 12529 502 0 21 48 0
1624984241 37333 8347 12731 9683 0 0 8071 666 3451 0 2054 2583 2319 2376 12529 502 0 21 48 0
1624992731 37469 8347 12731 9683 0 0 8071 666 3451 0 2054 2583 2319 2376 12529 502 0 21 48 0
1624993881 37507 8347 12731 9683 0 0 8071 666 3451 0 2054 2583 2319 2376 12529 502 0 21 48 0
1624995271 37510 8347 12731 9683 0 0 8071 666 3451 0 2054 2583 2319 2376 12529 502 0 21 48 0
1624996579 37516 8347 12731 9683 0 0 8071 666 3451 0 2054 2583 2319 2376 12529 502 0 21 48 0
1625096510 37535 8347 12731 9683 0 0 8071 666 3451 0 2054 2583 2319 2376 12529 502 0 21 48 0
1625124371 37535 8347 12731 9683 0 0 8071 666 3451 0 2054 2583 2319 2376 12529 502 0 21 48 0
1625128396 37555 8347 12731 9683 0 0 8071 666 3451 0 2054 2583 2319 2376 12529 502 0 21 48 0
1625169389 37709 8347 12731 9683 0 0 8071 666 3451 0 2054 2583 2319 2376 12529 502 0 21 48 0
1625169748 37709 8347 12731 9683 0 0 8071 666 3451 0 2054 2583 2319 2376 12529 502 0 21 203 0
1625170768 37889 8347 12731 9683 0 0 8071 666 3451 0 2054 2583 2319 2376 12529 502 0 21 203 0
1625171394 37895 8347 12731 9683 0 0 8071 666 3451 0 2054 2583 2319 2376 12529 502 0 21 203 0
1625254483 37895 8347 12731 9683 0 0 8071 666 3493 0 2054 2583 2319 2376 12529 502 0 21 203 0
1625403107 37895 8347 12731 9683 0 0 8071 666 3493 0 2054 2583 2319 2376 12529 502 0 21 203 0
1625478333 37895 8349 12731 9683 0 0 8071 666 3493 0 2054 2583 2319 2376 12529 502 0 21 203 0
1625597964 37917 8349 12731 9683 0 0 8071 666 3493 0 2054 2583 2319 2376 12529 502 0 21 203 0
1625605237 38009 8349 12731 9683 0 0 8071 666 3493 0 2054 2583 2319 2376 12529 502 0 21 203 0
1625797165 38029 8349 12731 9683 0 0 8071 666 3493 0 2054 2583 2319 2376 12529 502 0 21 203 0
1625822473 38029 8349 12731 9683 0 0 8071 666 3493 0 2054 2583 2319 2376 12529 502 0 21 203 0
1625919439 38261 8349 12731 9683 0 0 8071 666 3493 0 2054 2583 2319 2376 12529 502 0 21 203 0
1625927789 38349 8349 12731 9683 0 0 8071 666 3493 0 2054 2583 2319 2376 12529 502 0 21 203 0
1625934127 38431 8349 12731 9683 0 0 8071 666 3493 0 2054 2583 2319 2376 12529 502 0 21 203 0
1626183563 38431 8349 12731 9683 0 0 8071 666 3493 0 2054 2583 2319 2376 12529 502 0 21 203 0
1626306499 38431 8349 12731 9683 0 0 8071 666 3548 0 2054 2583 2319 2376 12529 502 0 21 203 0
1626348873 38630 8349 12731 9683 0 0 8071 666 3548 0 2054 2583 2319 2376 12529 502 0 21 203 0
1626350181 38640 8349 12731 9683 0 0 8071 666 3548 0 2054 2583 2319 2376 12529 502 0 21 203 0
1626448355 38647 8349 12731 9683 0 0 8071 666 3548 0 2054 2583 2319 2376 12529 502 0 21 203 0
1626771898 38647 8349 12731 9683 96 0 8071 666 3548 0 2054 2583 2319 2376 12529 502 0 21 203 0
1626812825 38796 8349 12731 9683 96 0 8071 666 3548 0 2054 2583 2319 2376 12529 502 0 21 203 0
1626815328 38796 8405 12731 9683 96 0 8071 666 3548 0 2054 2583 2319 2376 12529 502 0 21 203 0
1626900228 38796 8405 12731 9683 96 0 8071 666 3548 0 2054 2583 2319 2376 12529 502 0 21 203 0
1626934035 38796 8405 12731 9683 133 0 8071 666 3548 0 2054 2583 2319 2376 12529 502 0 21 203 0
1626934742 38796 8405 12731 9683 133 0 8071 666 3548 0 2054 2583 2319 2376 12529 502 0 21 203 0
1626948430 38796 8571 12731 9683 133 0 8071 666 3548 0 2054 2583 2319 2376 12529 502 0 21 203 0
1626978759 38915 8571 12731 9683 133 0 8071 666 3548 0 2054 2583 2319 2376 12529 502 0 21 203 0
1627042547 38915 8571 12731 9683 205 0 8071 666 3548 0 2054 2583 2319 2376 12529 502 0 21 203 0
1627045910 38915 8571 12731 9683 221 0 8071 666 3548 0 2054 2583 2319 2376 12529 502 0 21 203 0
1627076960 38915 8571 12731 9683 221 0 8071 666 3548 0 2054 2583 2319 2376 12529 502 0 21 203 0
1627327594 38916 8571 12731 9683 221 0 8071 666 3548 0 2054 2583 2319 2376 12529 502 0 21 203 0
1627395572 38975 8571 12731 9683 221 0 8071 666 3548 0 2054 2583 2319 2376 12529 502 0 21 203 0
1627572816 38984 8571 12731 9683 221 0 8071 666 3548 0 2054 2583 2319 2376 12529 502 0 21 203 0
1627644151 38984 8571 12731 9683 298 0 8071 666 3548 0 2054 2583 2319 2376 12529 502 0 21 203 0
1627646468 38984 8571 12731 9683 299 0 8071 666 3548 0 2054 2583 2319 2376 12529 502 0 21 203 0
1627651657 39052 8571 12731 9683 299 0 8071 666 3548 0 2054 2583 2319 2376 12529 502 0 21 203 0
1627652092 39097 8571 12731 9683 299 0 8071 666 3548 0 2054 2583 2319 2376 12529 502 0 21 203 0
1627996204 39157 8571 12731 9683 299 0 8071 666 3548 0 2054 2583 2319 2376 12529 502 0 21 203 0
1627996761 39370 8571 12731 9683 299 0 8071 666 3548 0 2054 2583 2319 2376 12529 502 0 21 203 0
1628009010 39370 8571 12731 9683 299 0 8071 666 3548 0 2054 2583 2319 2376 12529 502 0 21 203 0
1628032532 39371 8571 12731 9683 299 0 8071 666 3548 0 2054 2583 2319 2376 12529 502 0 21 203 0
1628598830 39502 8571 12731 9683 299 0 8071 666 3548 0 2054 2583 2319 2376 12529 502 0 21 203 0
1628750688 39507 8571 12731 9683 299 0 8071 666 3548 0 2054 2583 2319 2376 12529 502 0 21 203 0
1628752435 39507 8680 12731 9683 299 0 8071 666 3548 0 2054 2583 2319 2376 12529 502 0 21 203 0
1628786447 39714 8680 12731 9683 299 0 8071 666 3548 0 2054 2583 2319 2376 12529 502 0 21 203 0
1628786837 39714 8680 12731 9683 299 0 8071 666 3548 0 2054 2583 2319 2376 12529 502 0 21 203 0
1628788185 39746 8680 12731 9683 299 0 8071 666 3548 0 2054 2583 2319 2376 12529 502 0 21 203 0
1628801291 39809 8680 12731 9683 299 0 8071 666 3548 0 2054 2583 2319 2376 12529 502 0 21 203 0
1629142119 39809 8680 12731 9683 299 0 8071 666 3548 0 2054 2583 2319 2376 12529 502 0 21 203 0
1629144474 39981 8680 12731 9683 299 0 8071 666 3548 0 2054 2583 2319 2376 12529 502 0 21 203 0
1629289167 40130 8680 12731 9683 299 0 8071 666 3548 0 2054 2583 2319 2376 12529 502 0 21 203 0
1629291315 40240 8680 12731 9683 299 0 8071 666 3548 0 2054 2583 2319 2376 12529 502 0 21 203 0
1629293118 40892 8680 12731 9683 299 0 8071 666 3548 0 2054 2583 2319 2376 12529 502 0 21 203 0
1629293916 41084 8680 12731 9683 299 0 8071 666 3548 0 2054 2583 2319 2376 12529 502 0 21 203 0
1629384171 41114 8680 12731 9683 299 0 8071 666 3548 0 2054 2583 2319 2376 12529 502 0 21 203 0
1629389979 44883 8680 12731 9683 299 0 8071 666 3548 0 2054 2583 2319 2376 12529 502 0 21 203 0
1629495879 44883 8680 12731 9683 299 0 8071 666 3548 0 2054 2583 2319 2376 12529 502 0 21 203 0
1629764445 44883 8680 12731 9683 299 0 8071 666 3548 0 2054 2583 2319 2376 12529 502 0 21 203 0
1629824770 44883 8680 12744 9683 299 0 8071 666 3548 0 2054 2583 2319 2376 12529 502 0 21 203 0
1629825637 44888 8680 12744 9683 299 0 8071 666 3548 0 2054 2583 2319 2376 12529 502 0 21 203 0
1629836371 44906 8680 12744 9683 299 0 8071 666 3548 0 2054 2583 2319 2376 12529 502 0 21 203 0
1629837431 45068 8680 12744 9683 299 0 8071 666 3548 0 2054 2583 2319 2376 12529 502 0 21 203 0
1629896127 45068 8680 12744 9683 299 0 8071 666 3548 0 2054 2583 2319 2376 12529 502 0 21 203 0
1629898076 45071 8680 12744 9683 299 0 8071 666 3548 0 2054 2583 2319 2376 12529 502 0 21 203 0
1629911152 45071 8680 12744 9683 299 0 8071 666 3610 0 2054 2583 2319 2376 12529 502 0 21 203 0
1630070220 45276 8680 12744 9683 299 0 8071 666 3610 0 2054 2583 2319 2376 12529 502 0 21 203 0
1630418737 45307 8680 12744 9683 299 0 8071 666 3610 0 2054 2583 2319 2376 12529 502 0 21 203 0
1630422321 45319 8680 12744 9683 299 0 8071 666 3610 0 2054 2583 2319 2376 12529 502 0 21 203 0
1630428393 45319 8680 12744 9683 299 0 8071 666 3610 0 2054 2583 2319 2376 12529 502 0 21 215 0
1630503272 45321 8680 12744 9683 299 0 8071 666 3610 0 2054 2583 2319 2376 12529 502 0 21 215 0
1630542492 45321 8680 12744 9683 299 0 8071 666 3813 0 2054 2583 2319 2376 12529 502 0 21 215 0
1630548577 45321 8680 12744 9683 299 0 8071 666 3854 0 2054 2583 2319 2376 12529 502 0 21 215 0
1630946401 45321 8680 12744 9683 299 0 8071 666 3854 0 2054 2583 2319 2376 12529 502 0 21 215 0
1631106705 52058 8680 12744 9683 299 0 8071 666 3854 0 2054 2583 2319 2376 12529 502 0 21 215 0
1631113955 52242 8680 12744 9683 299 0 8071 666 3854 0 2054 2583 2319 2376 12529 502 0 21 215 0
1631183376 52242 8681 12744 9683 299 0 8071 666 3854 0 2054 2583 2319 2376 12529 502 0 21 215 0
1631224180 52368 8681 12744 9683 299 0 8071 666 3854 0 2054 2583 2319 2376 12529 502 0 21 215 0
1631261234 52368 8681 12744 9683 299 0 8071 666 3854 0 2054 2583 2319 2376 12529 502 0 21 215 0
1631297370 52368 8681 14052 9683 299 0 8071 666 3854 0 2054 2583 2319 2376 12529 502 0 21 215 0
1631332451 52368 8681 14052 9683 299 0 8071 666 3854 0 2054 2583 2319 2376 12529 502 0 21 215 0
1631526316 52368 8681 14052 9683 299 0 8071 666 3854 0 2054 2583 2319 2376 12529 502 0 21 215 0
1631544666 52368 8737 14052 9683 299 0 8071 666 3854 0 2054 2583 2319 2376 12529 502 0 21 215 0
1631633767 52368 8737 14052 9683 299 0 8071 666 3854 0 2054 2583 2319 2376 12529 502 0 21 215 0
1631638899 52368 8737 14052 9683 299 0 8071 666 3854 0 2054 2583 2319 2376 12529 502 0 21 215 0
1631639614 52382 8737 14052 9683 299 0 8071 666 3854 0 2054 2583 2319 2376 12529 502 0 21 215 0
1631786130 52382 8737 14052 9683 299 0 8071 666 3858 0 2054 2583 2319 2376 12529 502 0 21 215 0
1632144496 52383 8737 14052 9683 299 0 8071 666 3858 0 2054 2583 2319 2376 12529 502 0 21 215 0
1632232101 52391 8737 14052 9683 299 0 8071 666 3858 0 2054 2583 2319 2376 12529 502 0 21 215 0
1632902649 52391 8737 14052 9683 299 0 8071 666 3858 0 2054 2583 2319 2376 12529 502 0 21 215 0
1633035086 52391 8830 14052 9683 299 0 8071 666 3858 0 2054 2583 2319 2376 12529 502 0 21 215 0
1633534754 52391 8830 14052 9683 522 0 8071 666 3858 0 2054 2583 2319 2376 12529 502 0 21 215 0
1633698630 52396 8830 14052 9683 522 0 8071 666 3858 0 2054 2583 2319 2376 12529 502 0 21 215 0
1633961578 52434 8830 14052 9683 522 0 8071 666 3858 0 2054 2583 2319 2376 12529 502 0 21 215 0
1633978422 52434 8830 14326 9683 522 0 8071 666 3858 0 2054 2583 2319 2376 12529 502 0 21 215 0
1634044552 52465 8830 14326 9683 522 0 8071 666 3858 0 2054 2583 2319 2376 12529 502 0 21 215 0
1634047254 52465 8830 14326 9683 522 174 8071 666 3858 0 2054 2583 2319 2376 12529 502 0 21 215 0
1634123269 52465 8906 14326 9683 522 174 8071 666 3858 0 2054 2583 2319 2376 12529 502 0 21 215 0
1634206555 52465 8906 14329 9683 522 174 8071 666 3858 0 2054 2583 2319 2376 12529 502 0 21 215 0
1634215110 52465 8906 14329 9683 522 376 8071 666 3858 0 2054 2583 2319 2376 12529 502 0 21 215 0
1634220457 52465 8906 14334 9683 522 376 8071 666 3858 0 2054 2583 2319 2376 12529 502 0 21 215 0
1634288675 52465 8943 14334 9683 522 376 8071 666 3858 0 2054 2583 2319 2376 12529 502 0 21 215 0
1634295992 52465 8943 14334 9683 522 377 8071 666 3858 0 2054 2583 2319 2376 12529 502 0 21 215 0
1634414406 52465 8943 14334 9683 522 377 8071 666 3858 0 2054 2583 2319 2376 12529 502 0 21 293 0
1634640910 52465 8943 14364 9683 522 377 8071 666 3858 0 2054 2583 2319 2376 12529 502 0 21 293 0
1634915909 52466 8943 14364 9683 522 377 8071 666 3858 0 2054 2583 2319 2376 12529 502 0 21 293 0
1634935603 52466 8943 14364 9683 522 377 8071 666 3858 0 2054 2583 2319 2376 12529 502 0 21 293 0
1634967955 52466 8965 14364 9683 522 377 8071 666 3858 0 2054 2583 2319 2376 12529 502 0 21 293 0
1634968276 52466 9152 14364 9683 522 377 8071 666 3858 0 2054 2583 2319 2376 12529 502 0 21 293 0
1634968691 52466 9758 14364 9683 522 377 8071 666 3858 0 2054 2583 2319 2376 12529 502 0 21 293 0
1634969096 52466 9864 14364 9683 522 377 8071 666 3858 0 2054 2583 2319 2376 12529 502 0 21 293 0
1634970095 52466 9926 14364 9683 522 377 8071 666 3858 0 2054 2583 2319 2376 12529 502 0 21 293 0
1634970749 52466 10038 14364 9683 522 377 8071 666 3858 0 2054 2583 2319 2376 12529 502 0 21 293 0
1635156263 52466 10046 14364 9683 522 377 8071 666 3858 0 2054 2583 2319 2376 12529 502 0 21 293 0
1635322697 52466 10047 14364 9683 522 377 8071 666 3858 0 2054 2583 2319 2376 12529 502 0 21 293 0
1635502799 52466 10047 14364 9683 522 379 8071 666 3858 0 2054 2583 2319 2376 12529 502 0 21 293 0
1635520118 52466 10047 14364 9683 522 520 8071 666 3858 0 2054 2583 2319 2376 12529 502 0 21 293 0
1635536920 52466 10047 14364 9683 522 520 8071 666 3858 0 2054 2583 2319 2376 12529 502 0 21 293 0
1635761083 52466 10047 14392 9683 522 520 8071 666 3858 0 2054 2583 2319 2376 12529 502 0 21 293 0
1635770540 52466 10048 14392 9683 522 520 8071 666 3858 0 2054 2583 2319 2376 12529 502 0 21 293 0
1636037740 52468 10048 14392 9683 522 520 8071 666 3858 0 2054 2583 2319 2376 12529 502 0 21 293 0
1636382182 52594 10048 14392 9683 522 520 8071 666 3858 0 2054 2583 2319 2376 12529 502 0 21 293 0
1636388043 53012 10048 14392 9683 522 520 8071 666 3858 0 2054 2583 2319 2376 12529 502 0 21 293 0
1636394570 53642 10048 14392 9683 522 520 8071 666 3858 0 2054 2583 2319 2376 12529 502 0 21 293 0
1636726004 53643 10048 14392 9683 522 520 8071 666 3858 0 2054 2583 2319 2376 12529 502 0 21 293 0
1636926485 53780 10048 14392 9683 522 520 8071 666 3858 0 2054 2583 2319 2376 12529 502 0 21 293 0
1636999642 54340 10048 14392 9683 522 520 8071 666 3858 0 2054 2583 2319 2376 12529 502 0 21 293 0
1637180326 54340 10048 14392 9683 522 520 8071 666 3858 0 2054 2583 2319 2376 12529 502 25 21 293 0
1637182220 57006 10048 14392 9683 522 520 8071 666 3858 0 2054 2583 2319 2376 12529 502 25 21 293 0
1637182551 57011 10048 14392 9683 522 520 8071 666 3858 0 2054 2583 2319 2376 12529 502 25 21 293 0
1637280375 57011 10048 14392 9683 522 520 8071 666 3902 0 2054 2583 2319 2376 12529 502 25 21 293 0
1637282918 57011 10048 14392 9683 522 520 8071 728 3902 0 2054 2583 2319 2376 12529 502 25 21 293 0
1637320301 57011 10048 14392 9683 522 520 8071 728 3906 0 2054 2583 2319 2376 12529 502 25 21 293 0
1637592216 57032 10048 14392 9683 522 520 8071 728 3906 0 2054 2583 2319 2376 12529 502 25 21 293 0
1637603129 57032 10048 14405 9683 522 520 8071 728 3906 0 2054 2583 2319 2376 12529 502 25 21 293 0
1637689083 57032 10048 14405 9683 522 520 8071 728 3906 0 2054 2583 2319 2376 12529 502 330 21 293 0
1637872781 57032 10048 14405 9683 522 520 8071 728 3906 0 2054 2583 2319 2376 12529 502 330 21 293 0
1637873387 57032 10048 14405 9683 522 520 8071 728 3906 0 2054 2583 2319 2376 12529 502 332 21 293 0
1637917703 57032 10050 14405 9683 522 520 8071 728 3906 0 2054 2583 2319 2376 12529 502 332 21 293 0
1637918310 57032 10053 14405 9683 522 520 8071 728 3906 0 2054 2583 2319 2376 12529 502 332 21 293 0
1637919538 57032 10053 14405 9683 522 520 8071 728 3906 0 2054 2583 2319 2376 12529 502 332 21 293 0
1637941813 57032 10081 14405 9683 522 520 8071 728 3906 0 2054 2583 2319 2376 12529 502 332 21 293 0
1637950187 57032 10081 14405 9683 522 520 8071 728 3906 0 2054 2583 2319 2376 12529 502 377 21 293 0
1638032049 57032 10143 14405 9683 522 520 8071 728 3906 0 2054 2583 2319 2376 12529 502 377 21 293 0
1638199088 57032 10143 14405 9683 522 520 8071 728 3906 0 2054 2583 2319 2376 12529 502 377 21 293 0
1638366435 57032 10143 14405 9683 522 526 8071 728 3906 0 2054 2583 2319 2376 12529 502 377 21 293 0
1638375374 57032 10143 14405 9683 522 526 8071 728 3906 137 2054 2583 2319 2376 12529 502 377 21 293 0
1638450509 57032 10143 14405 9683 575 526 8071 728 3906 137 2054 2583 2319 2376 12529 502 377 21 293 0
1638450957 57032 10143 14405 9683 575 631 8071 728 3906 137 2054 2583 2319 2376 12529 502 377 21 293 0
1638451306 57032 10143 14405 9683 575 709 8071 728 3906 137 2054 2583 2319 2376 12529 502 377 21 293 0
1638805052 57158 10143 14405 9683 575 709 8071 728 3906 137 2054 2583 2319 2376 12529 502 377 21 293 0
1638812940 57158 10143 14405 9683 575 893 8071 728 3906 137 2054 2583 2319 2376 12529 502 377 21 293 0
1638813670 57158 10143 14405 9683 575 893 8071 728 3906 137 2054 2583 2319 2376 12529 502 465 21 293 0
1638814263 57158 10143 14405 9683 575 1026 8071 728 3906 137 2054 2583 2319 2376 12529 502 465 21 293 0
1639073900 57158 10143 14405 9683 575 1026 8071 728 3906 137 2054 2583 2319 2376 12529 502 465 21 293 0
1639079940 57158 10143 14405 9683 575 1026 8071 728 3906 137 2054 2583 2319 2376 12529 502 484 21 293 0
1639488893 57158 10143 14405 9683 611 1026 8071 728 3906 137 2054 2583 2319 2376 12529 502 484 21 293 0
1639651986 57158 10143 14412 9683 611 1026 8071 728 3906 137 2054 2583 2319 2376 12529 502 484 21 293 0
1639653091 57158 10143 14415 9683 611 1026 8071 728 3906 137 2054 2583 2319 2376 12529 502 484 21 293 0
1639669092 57264 10143 14415 9683 611 1026 8071 728 3906 137 2054 2583 2319 2376 12529 502 484 21 293 0
1639685584 57264 10143 14415 9683 611 1026 8071 728 3906 137 2054 2583 2319 2376 12529 502 541 21 293 0
1639737639 57264 10143 14433 9683 611 1026 8071 728 3906 137 2054 2583 2319 2376 12529 502 541 21 293 0
1640015616 57264 10143 14433 9683 611 1027 8071 728 3906 137 2054 2583 2319 2376 12529 502 541 21 293 0
1640016036 57264 10143 14433 9683 611 1042 8071 728 3906 137 2054 2583 2319 2376 12529 502 541 21 293 0
1640030395 57264 10143 14433 9683 611 1042 8071 728 3906 137 2054 2583 2319 2376 12529 502 695 21 293 0
1640031120 57264 10143 14433 9683 611 1042 8071 728 3906 137 2054 2583 2319 2376 12529 502 764 21 293 0
1640035077 57264 10143 14433 9683 611 1042 8071 728 3906 649 2054 2583 2319 2376 12529 502 764 21 293 0
1641227753 57264 10143 14433 9683 679 1042 8071 728 3906 649 2054 2583 2319 2376 12529 502 764 21 293 0
1641307892 57506 10143 14433 9683 679 1042 8071 728 3906 649 2054 2583 2319 2376 12529 502 764 21 293 0
1641483372 57511 10143 14433 9683 679 1042 8071 728 3906 649 2054 2583 2319 2376 12529 502 764 21 293 0
1641483416 57512 10143 14433 9683 679 1042 8071 728 3906 649 2054 2583 2319 2376 12529 502 764 21 293 0
1641483812 57524 10143 14433 9683 679 1042 8071 728 3906 649 2054 2583 2319 2376 12529 502 764 21 293 0
1641514498 57524 10143 14433 9683 679 1042 8071 744 3906 649 2054 2583 2319 2376 12529 502 764 21 293 0
1641824765 57613 10143 14433 9683 679 1042 8071 744 3906 649 2054 2583 2319 2376 12529 502 764 21 293 0
1641825202 57615 10143 14433 9683 679 1042 8071 744 3906 649 2054 2583 2319 2376 12529 502 764 21 293 0
1641944301 57615 10143 14433 9683 679 1042 8071 744 3981 649 2054 2583 2319 2376 12529 502 764 21 293 0
1642024769 57615 10143 14433 9683 679 1042 8071 744 3981 649 2054 2583 2319 2376 12529 502 764 21 293 0
1642115739 57741 10143 14433 9683 679 1042 8071 744 3981 649 2054 2583 2319 2376 12529 502 764 21 293 0
1642172947 57744 10143 14433 9683 679 1042 8071 744 3981 649 2054 2583 2319 2376 12529 502 764 21 293 0
1642405445 57745 10143 14433 9683 679 1042 8071 744 3981 649 2054 2583 2319 2376 12529 502 764 21 293 0
1642592090 57745 10143 14433 9683 679 1042 8071 744 3987 649 2054 2583 2319 2376 12529 502 764 21 293 0
1642749404 57871 10143 14433 9683 679 1042 8071 744 3987 649 2054 2583 2319 2376 12529 502 764 21 293 0
1642749763 57876 10143 14433 9683 679 1042 8071 744 3987 649 2054 2583 2319 2376 12529 502 764 21 293 0
1642757099 57876 10145 14433 9683 679 1042 8071 744 3987 649 2054 2583 2319 2376 12529 502 764 21 293 0
1642971486 57876 10145 14433 9683 679 1042 8071 744 3987 649 2054 2583 2319 2376 12529 502 764 21 293 0
1643040059 57945 10145 14433 9683 679 1042 8071 744 3987 649 2054 2583 2319 2376 12529 502 764 21 293 0
1643040625 57960 10145 14433 9683 679 1042 8071 744 3987 649 2054 2583 2319 2376 12529 502 764 21 293 0
1643041570 57994 10145 14433 9683 679 1042 8071 744 3987 649 2054 2583 2319 2376 12529 502 764 21 293 0
1643041962 58112 10145 14433 9683 679 1042 8071 744 3987 649 2054 2583 2319 2376 12529 502 764 21 293 0
1643202497 58117 10145 14433 9683 679 1042 8071 744 3987 649 2054 2583 2319 2376 12529 502 764 21 293 0
1643296947 58129 10145 14433 9683 679 1042 8071 744 3987 649 2054 2583 2319 2376 12529 502 764 21 293 0
1643300483 58135 10145 14433 9683 679 1042 8071 744 3987 649 2054 2583 2319 2376 12529 502 764 21 293 0
1643306148 58238 10145 14433 9683 679 1042 8071 744 3987 649 2054 2583 2319 2376 12529 502 764 21 293 0
1643314408 58241 10145 14433 9683 679 1042 8071 744 3987 649 2054 2583 2319 2376 12529 502 764 21 293 0
1643368977 58241 10145 14433 9683 681 1042 8071 744 3987 649 2054 2583 2319 2376 12529 502 764 21 293 0
1643619158 58241 10145 14433 9683 838 1042 8071 744 3987 649 2054 2583 2319 2376 12529 502 764 21 293 0
1643642055 58258 10145 14433 9683 838 1042 8071 744 3987 649 2054 2583 2319 2376 12529 502 764 21 293 0
1643747382 58258 10145 14436 9683 838 1042 8071 744 3987 649 2054 2583 2319 2376 12529 502 764 21 293 0
1643904314 58274 10145 14436 9683 838 1042 8071 744 3987 649 2054 2583 2319 2376 12529 502 764 21 293 0
1643990593 58275 10145 14436 9683 838 1042 8071 744 3987 649 2054 2583 2319 2376 12529 502 764 21 293 0
1643996803 58275 10145 14436 9683 838 1042 8071 744 3987 649 2054 2583 2319 2376 12529 502 764 21 293 0
1644236014 58275 10145 14436 9683 838 1045 8071 744 3987 649 2054 2583 2319 2376 12529 502 764 21 293 0
1644237252 58275 10145 14436 9683 838 1046 8071 744 3987 649 2054 2583 2319 2376 12529 502 764 21 293 0
1644333670 58280 10145 14436 9683 838 1046 8071 744 3987 649 2054 2583 2319 2376 12529 502 764 21 293 0
1644431470 58285 10145 14436 9683 838 1046 8071 744 3987 649 2054 2583 2319 2376 12529 502 764 21 293 0
1644432753 58290 10145 14436 9683 838 1046 8071 744 3987 649 2054 2583 2319 2376 12529 502 764 21 293 0
1644436102 58315 10145 14436 9683 838 1046 8071 744 3987 649 2054 2583 2319 2376 12529 502 764 21 293 0
1644445342 58533 10145 14436 9683 838 1046 8071 744 3987 649 2054 2583 2319 2376 12529 502 764 21 293 0
1644446988 58533 10145 14436 9683 838 1046 8071 744 3987 649 2054 2583 2319 2376 12529 502 764 21 293 0
1644511202 58533 10145 14436 9683 838 1046 8071 744 3987 649 2054 2583 2319 2376 12529 502 764 21 293 0
1644943146 58560 10145 14436 9683 838 1046 8071 744 3987 649 2054 2583 2319 2376 12529 502 764 21 293 0
1644944177 58580 10145 14436 9683 838 1046 8071 744 3987 649 2054 2583 2319 2376 12529 502 764 21 293 0
1644944844 58583 10145 14436 9683 838 1046 8071 744 3987 649 2054 2583 2319 2376 12529 502 764 21 293 0
1644945276 58600 10145 14436 9683 838 1046 8071 744 3987 649 2054 2583 2319 2376 12529 502 764 21 293 0
1644945951 58613 10145 14436 9683 838 1046 8071 744 3987 649 2054 2583 2319 2376 12529 502 764 21 293 0
1645046922 58613 10148 14436 9683 838 1046 8071 744 3987 649 2054 2583 2319 2376 12529 502 764 21 293 0
1645187037 58613 10148 14436 9683 838 1046 8071 744 3987 649 2054 2583 2319 2376 12529 502 764 21 293 0
1645190973 58613 10148 14436 9683 838 1046 8071 744 3987 695 2054 2583 2319 2376 12529 502 764 21 293 0
1645191340 58613 10148 14436 9683 838 1046 8071 744 3987 3150 2054 2583 2319 2376 12529 502 764 21 293 0
1645199526 58613 10148 14436 9683 845 1046 8071 744 3987 3150 2054 2583 2319 2376 12529 502 764 21 293 0
1645202233 58613 10182 14436 9683 845 1046 8071 744 3987 3150 2054 2583 2319 2376 12529 502 764 21 293 0
1645202844 58613 10182 14436 9683 845 1046 8071 744 3987 3159 2054 2583 2319 2376 12529 502 764 21 293 0
1645508790 58613 10182 14436 9683 845 1046 8071 744 3987 3163 2054 2583 2319 2376 12529 502 764 21 293 0
1645528966 58613 10182 14436 9683 872 1046 8071 744 3987 3163 2054 2583 2319 2376 12529 502 764 21 293 0
1645530615 58613 10182 14436 9683 1127 1046 8071 744 3987 3163 2054 2583 2319 2376 12529 502 764 21 293 0
1645549653 58613 10182 14436 9683 1127 1046 8071 744 3987 3272 2054 2583 2319 2376 12529 502 764 21 293 0
1645624693 58613 10182 14436 9683 1129 1046 8071 744 3987 3272 2054 2583 2319 2376 12529 502 764 21 293 0
1645739204 58740 10182 14436 9683 1129 1046 8071 744 3987 3272 2054 2583 2319 2376 12529 502 764 21 293 0
1645800493 58740 10190 14436 9683 1129 1046 8071 744 3987 3272 2054 2583 2319 2376 12529 502 764 21 293 0
1646145919 58745 10190 14436 9683 1129 1046 8071 744 3987 3272 2054 2583 2319 2376 12529 502 764 21 293 0
1646146787 58763 10190 14436 9683 1129 1046 8071 744 3987 3272 2054 2583 2319 2376 12529 502 764 21 293 0
1646318967 177725 10190 14436 9683 1129 1046 8071 744 3987 3272 2054 2583 2319 2376 12529 502 764 21 293 0
1646330614 177725 10190 14444 9683 1129 1046 8071 744 3987 3272 2054 2583 2319 2376 12529 502 764 21 293 0
1646414144 177786 10190 14444 9683 1129 1046 8071 744 3987 3272 2054 2583 2319 2376 12529 502 764 21 293 0
1646597497 177786 10190 14444 9683 1129 1046 8071 744 3987 3272 2054 2583 2319 2376 12529 502 764 21 293 0
1646667029 179242 10190 14444 9683 1129 1046 8071 744 3987 3272 2054 2583 2319 2376 12529 502 764 21 293 0
1646675714 179327 10190 14444 9683 1129 1046 8071 744 3987 3272 2054 2583 2319 2376 12529 502 764 21 293 0
1646677928 179410 10190 14444 9683 1129 1046 8071 744 3987 3272 2054 2583 2319 2376 12529 502 764 21 293 0
1646750620 179413 10190 14444 9683 1129 1046 8071 744 3987 3272 2054 2583 2319 2376 12529 502 764 21 293 0
1646773954 179413 10199 14444 9683 1129 1046 8071 744 3987 3272 2054 2583 2319 2376 12529 502 764 21 293 0
1646820553 179413 10199 14444 9683 1129 1046 8071 744 3987 3272 2054 2583 2319 2376 12529 502 764 21 293 0
1646824027 179413 10199 14444 9683 1129 1046 8071 744 3987 3272 2054 2583 2319 2376 12529 502 764 21 293 0
1646862397 179413 10199 14444 9683 1129 1046 8071 744 3987 3272 2054 2583 2319 2376 12529 502 764 21 293 0
1646904570 179413 10199 14444 9683 1129 1046 8071 744 3987 3272 2054 2583 2319 2376 12529 502 796 21 293 0
1646913537 179413 10199 14444 9683 1172 1046 8071 744 3987 3272 2054 2583 2319 2376 12529 502 796 21 293 0
1647013369 179980 10199 14444 9683 1172 1046 8071 744 3987 3272 2054 2583 2319 2376 12529 502 796 21 293 0
1647123593 179980 10199 14444 9683 1172 1046 8071 744 3987 3272 2054 2616 2319 2376 12529 502 796 21 293 0
1647271897 179980 10199 14444 9683 1172 1046 8071 744 3987 3272 2054 2616 2319 2376 12529 502 796 21 293 1
1647275064 179980 10199 14444 9683 1172 1046 8071 744 3987 3272 2054 2616 2319 2376 12529 502 796 21 293 1
1647279551 179987 10199 14444 9683 1172 1046 8071 744 3987 3272 2054 2616 2319 2376 12529 502 796 21 293 1
1647354267 180226 10199 14444 9683 1172 1046 8071 744 3987 3272 2054 2616 2319 2376 12529 502 796 21 293 1
1647356636 180226 10200 14444 9683 1172 1046 8071 744 3987 3272 2054 2616 2319 2376 12529 502 796 21 293 1
1647357678 180940 10200 14444 9683 1172 1046 8071 744 3987 3272 2054 2616 2319 2376 12529 502 796 21 293 1
1647358231 180940 10224 14444 9683 1172 1046 8071 744 3987 3272 2054 2616 2319 2376 12529 502 796 21 293 1
1647363002 180940 10275 14444 9683 1172 1046 8071 744 3987 3272 2054 2616 2319 2376 12529 502 796 21 293 1
1647364378 181304 10275 14444 9683 1172 1046 8071 744 3987 3272 2054 2616 2319 2376 12529 502 796 21 293 1
1647442825 181562 10275 14444 9683 1172 1046 8071 744 3987 3272 2054 2616 2319 2376 12529 502 796 21 293 1
1647445601 181562 10287 14444 9683 1172 1046 8071 744 3987 3272 2054 2616 2319 2376 12529 502 796 21 293 1
1647507844 181562 10287 14444 9683 1181 1046 8071 744 3987 3272 2054 2616 2319 2376 12529 502 796 21 293 1
1647541734 181563 10287 14444 9683 1181 1046 8071 744 3987 3272 2054 2616 2319 2376 12529 502 796 21 293 1
1647618291 181563 10287 14444 9683 1181 1047 8071 744 3987 3272 2054 2616 2319 2376 12529 502 796 21 293 1
1647871347 181563 10287 14444 9683 1181 1150 8071 744 3987 3272 2054 2616 2319 2376 12529 502 796 21 293 1
1647873095 181646 10287 14444 9683 1181 1150 8071 744 3987 3272 2054 2616 2319 2376 12529 502 796 21 293 1
1647874290 181652 10287 14444 9683 1181 1150 8071 744 3987 3272 2054 2616 2319 2376 12529 502 796 21 293 1
1647882153 181652 10287 14444 9683 1181 1150 8071 744 3987 3272 2054 2616 2319 2376 12529 502 796 21 293 1
1647887094 181658 10287 14444 9683 1181 1150 8071 744 3987 3272 2054 2616 2319 2376 12529 502 796 21 293 1
1647901416 181667 10287 14444 9683 1181 1150 8071 744 3987 3272 2054 2616 2319 2376 12529 502 796 21 293 1
1647906500 181768 10287 14444 9683 1181 1150 8071 744 3987 3272 2054 2616 2319 2376 12529 502 796 21 293 1
1648047556 181768 10287 14445 9683 1181 1150 8071 744 3987 3272 2054 2616 2319 2376 12529 502 796 21 293 1
1648109026 181768 10287 14445 9683 1196 1150 8071 744 3987 3272 2054 2616 2319 2376 12529 502 796 21 293 1
1648130252 182280 10287 14445 9683 1196 1150 8071 744 3987 3272 2054 2616 2319 2376 12529 502 796 21 293 1
1648133021 182280 10287 14445 9683 1252 1150 8071 744 3987 3272 2054 2616 2319 2376 12529 502 796 21 293 1
1648134522 182280 10287 14445 9683 1289 1150 8071 744 3987 3272 2054 2616 2319 2376 12529 502 796 21 293 1
1648476341 182286 10287 14445 9683 1289 1150 8071 744 3987 3272 2054 2616 2319 2376 12529 502 796 21 293 1
1648477701 182286 10287 14445 9683 1289 1150 8071 744 3987 3272 2054 2616 2319 2376 12529 502 796 21 293 1
1648645107 182297 10287 14445 9683 1289 1150 8071 744 3987 3272 2054 2616 2319 2376 12529 502 796 21 293 1
1648659691 182298 10287 14445 9683 1289 1150 8071 744 3987 3272 2054 2616 2319 2376 12529 502 796 21 293 1
1648660075 182513 10287 14445 9683 1289 1150 8071 744 3987 3272 2054 2616 2319 2376 12529 502 796 21 293 1
1648660587 182517 10287 14445 9683 1289 1150 8071 744 3987 3272 2054 2616 2319 2376 12529 502 796 21 293 1
1648661877 184229 10287 14445 9683 1289 1150 8071 744 3987 3272 2054 2616 2319 2376 12529 502 796 21 293 1
1648663712 184230 10287 14445 9683 1289 1150 8071 744 3987 3272 2054 2616 2319 2376 12529 502 796 21 293 1
1648738583 184233 10287 14445 9683 1289 1150 8071 744 3987 3272 2054 2616 2319 2376 12529 502 796 21 293 1
1648776721 184233 10287 14445 9683 1289 1150 8071 744 4000 3272 2054 2616 2319 2376 12529 502 796 21 293 1
1649103427 184234 10287 14445 9683 1289 1150 8071 744 4000 3272 2054 2616 2319 2376 12529 502 796 21 293 1
1649409925 184234 10287 14445 9683 1289 1150 8071 744 4000 3272 2054 2616 2319 2376 12529 502 796 21 293 1
1649607522 184784 10287 14445 9683 1289 1150 8071 744 4000 3272 2054 2616 2319 2376 12529 502 796 21 293 1
1649608372 184941 10287 14445 9683 1289 1150 8071 744 4000 3272 2054 2616 2319 2376 12529 502 796 21 293 1
1649671073 184941 10287 14445 9683 1289 1150 8071 744 4000 3272 2054 2616 2319 2376 12529 502 796 27 293 1
1649954401 184941 10287 14445 9683 1289 1150 8071 744 4000 3272 2054 2616 2319 2376 12529 502 796 27 293 1
1650036351 184941 10287 14445 9683 1289 1150 8071 744 4000 3272 2054 2616 2319 2376 12529 502 796 27 293 8
1650118183 184941 10287 14445 9683 1289 1150 8071 744 4000 3272 2054 2616 2319 2376 12529 502 796 27 293 8
1650368461 184941 10287 14445 9683 1289 1150 8071 744 4000 3272 2054 2616 2319 2376 12529 502 796 27 293 8
1650461718 184941 10287 14445 9683 1384 1150 8071 744 4000 3272 2054 2616 2319 2376 12529 502 796 27 293 8
1650471808 184941 10287 14445 9683 1384 1150 8071 744 4000 3287 2054 2616 2319 2376 12529 502 796 27 293 8
1650484502 184941 10287 14445 9683 1384 1150 8071 744 4000 3287 2054 2616 2319 2376 12529 502 796 27 293 8
1650487321 184941 10287 14445 9683 1384 1150 8071 744 4000 3290 2054 2616 2319 2376 12529 502 796 27 293 8
1650511845 184941 10287 14445 9683 1384 1150 8071 744 4000 3290 2054 2616 2319 2376 12529 502 796 27 293 8
1650560547 184941 10287 14445 9683 1384 1150 8071 744 4000 3290 2054 2616 2319 2376 12529 502 796 27 293 8
1650738126 184941 10287 14445 9683 1384 1150 8071 744 4000 3290 2054 2616 2319 2376 12529 502 796 27 293 8
1650901651 184941 10287 14445 9683 1384 1150 8071 744 4000 3290 2054 2616 2319 2376 12529 502 796 176 293 8
1650904242 184941 10287 14445 9683 1384 1150 8071 744 4000 3290 2054 2616 2319 2376 12529 502 796 204 293 8
1650906776 184941 10287 14445 9683 1384 1150 8071 744 4000 3290 2054 2616 2319 2376 12529 502 796 204 293 8
1650913557 184942 10287 14445 9683 1384 1150 8071 744 4000 3290 2054 2616 2319 2376 12529 502 796 204 293 8
1650921478 184942 10287 14445 9683 1384 1150 8071 744 4000 3290 2054 2616 2319 2376 12529 502 796 204 293 8
1650973309 184942 10287 14445 9683 1384 1150 8071 744 4000 3290 2054 2616 2319 2376 12529 502 796 204 293 8
1650983895 185203 10287 14445 9683 1384 1150 8071 744 4000 3290 2054 2616 2319 2376 12529 502 796 204 293 8
1650984623 185223 10287 14445 9683 1384 1150 8071 744 4000 3290 2054 2616 2319 2376 12529 502 796 204 293 8
1650985342 185224 10287 14445 9683 1384 1150 8071 744 4000 3290 2054 2616 2319 2376 12529 502 796 204 293 8
1650991016 185224 10287 14445 9683 1384 1150 8071 744 4000 3290 2054 2616 2319 2376 12529 502 796 341 293 8
1651014967 185224 10287 14445 9683 1384 1150 8071 744 4000 3290 2054 2616 2319 2376 12529 502 796 345 293 8
1651054871 185224 10287 14445 9683 1384 1150 8071 744 4000 3290 2054 2616 2319 2376 12529 502 796 345 293 8
1651059342 185224 10287 14445 9683 1384 1150 8071 744 4000 3290 2054 2616 2319 2376 12529 502 796 345 293 8
1651078682 185438 10287 14445 9683 1384 1150 8071 744 4000 3290 2054 2616 2319 2376 12529 502 796 345 293 8
1651142785 185438 10287 14445 9683 1385 1150 8071 744 4000 3290 2054 2616 2319 2376 12529 502 796 345 293 8
1651156320 185438 10287 14445 9683 1385 1282 8071 744 4000 3290 2054 2616 2319 2376 12529 502 796 345 293 8
1651157525 185438 10287 14445 9683 1385 1565 8071 744 4000 3290 2054 2616 2319 2376 12529 502 796 345 293 8
1651257107 185438 10287 14445 9683 1385 1565 8071 744 4000 3290 2054 2616 2319 2376 12529 502 796 345 293 8
1651270127 185438 10287 14445 9683 1385 1565 8071 744 4000 3290 2054 2616 2319 2376 12529 502 796 345 293 8
1651584497 185452 10287 14445 9683 1385 1565 8071 744 4000 3290 2054 2616 2319 2376 12529 502 796 345 293 8
1651585975 185791 10287 14445 9683 1385 1565 8071 744 4000 3290 2054 2616 2319 2376 12529 502 796 345 293 8
1651685527 185791 10287 14445 9683 1385 1565 8071 744 4000 3290 2054 2616 2319 2376 12529 502 796 347 293 8
1651688470 185791 10287 14445 9683 1385 1565 8071 744 4000 3290 2054 2616 2319 2376 12529 502 796 347 293 478
1651849936 185791 10287 14445 9683 1385 1565 8071 744 4000 3290 2054 2616 2319 2376 12529 502 796 347 293 478
1651852505 185802 10287 14445 9683 1385 1565 8071 744 4000 3290 2054 2616 2319 2376 12529 502 796 347 293 478
1651852998 185900 10287 14445 9683 1385 1565 8071 744 4000 3290 2054 2616 2319 2376 12529 502 796 347 293 478
1652109827 185900 10287 14449 9683 1385 1565 8071 744 4000 3290 2054 2616 2319 2376 12529 502 796 347 293 478
1652116248 185900 10287 15411 9683 1385 1565 8071 744 4000 3290 2054 2616 2319 2376 12529 502 796 347 293 478
1652121314 185900 10287 15412 9683 1385 1565 8071 744 4000 3290 2054 2616 2319 2376 12529 502 796 347 293 478
1652433883 185900 10287 15412 9683 1385 1565 8071 744 4000 3305 2054 2616 2319 2376 12529 502 796 347 293 478
1652439585 185900 10287 15412 9683 1407 1565 8071 744 4000 3305 2054 2616 2319 2376 12529 502 796 347 293 478
1652466078 185900 10287 15412 9683 1407 1565 8071 744 4000 3316 2054 2616 2319 2376 12529 502 796 347 293 478
1652475078 185900 10287 15412 9683 1407 1565 8071 744 4000 3331 2054 2616 2319 2376 12529 502 796 347 293 478
1652711748 185900 10287 15412 9683 1451 1565 8071 744 4000 3331 2054 2616 2319 2376 12529 502 796 347 293 478
1652794246 185900 10287 15412 9683 1451 1565 8071 744 4000 3331 2054 2616 2319 2376 12529 502 796 347 293 478
1652883449 185900 10287 15412 9683 1451 1565 8071 744 4000 3352 2054 2616 2319 2376 12529 502 796 347 293 478
1653037904 185900 10287 15412 9683 1451 1565 8071 744 4000 3352 2054 2616 2319 2376 12529 502 796 347 293 478
1653062915 185908 10287 15412 9683 1451 1565 8071 744 4000 3352 2054 2616 2319 2376 12529 502 796 347 293 478
1653067358 186970 10287 15412 9683 1451 1565 8071 744 4000 3352 2054 2616 2319 2376 12529 502 796 347 293 478
1653070108 186970 10287 15412 9683 1451 1565 8071 744 4000 3352 2054 2616 2319 2376 12529 502 796 347 293 480
1653315553 186999 10287 15412 9683 1451 1565 8071 744 4000 3352 2054 2616 2319 2376 12529 502 796 347 293 480
1653316043 187245 10287 15412 9683 1451 1565 8071 744 4000 3352 2054 2616 2319 2376 12529 502 796 347 293 480
1653316431 187424 10287 15412 9683 1451 1565 8071 744 4000 3352 2054 2616 2319 2376 12529 502 796 347 293 480
1653316797 187482 10287 15412 9683 1451 1565 8071 744 4000 3352 2054 2616 2319 2376 12529 502 796 347 293 480
1653322440 187482 10287 15412 9683 1451 1565 8071 744 4000 3352 2054 2616 2319 2376 12529 502 796 347 293 480
1653393509 187482 10287 15412 9683 1451 1565 8071 744 4000 3352 2054 2616 2319 2376 12529 502 796 347 293 480
1653395833 187670 10287 15412 9683 1451 1565 8071 744 4000 3352 2054 2616 2319 2376 12529 502 796 347 293 480
1653396593 187670 10287 15412 9683 1451 1652 8071 744 4000 3352 2054 2616 2319 2376 12529 502 796 347 293 480
1653397748 187670 10287 15412 9683 1451 1652 8071 744 4000 3352 2054 2616 2319 2376 12529 502 796 347 293 480
1653398171 187671 10287 15412 9683 1451 1652 8071 744 4000 3352 2054 2616 2319 2376 12529 502 796 347 293 480
1653494558 187671 10287 15412 9683 1451 1652 8071 744 4000 3352 2054 2616 2319 2376 12529 502 796 347 293 480
1653671047 187671 10287 15412 9683 1451 1652 8071 744 4000 3352 2054 2616 2319 2376 12529 502 796 347 293 520
1653671397 187671 10287 15412 9683 1451 1652 8071 744 4000 3352 2054 2616 2319 2376 12529 502 796 347 293 523
1653674040 187689 10287 15412 9683 1451 1652 8071 744 4000 3352 2054 2616 2319 2376 12529 502 796 347 293 523
1653779923 187689 10287 15412 9683 1451 1652 8071 744 4000 3352 2054 2619 2319 2376 12529 502 796 347 293 523
1653863755 187689 10287 15412 9683 1451 1652 8071 744 4000 3352 2054 2620 2319 2376 12529 502 796 347 293 523
1653909733 187689 10287 15412 9683 1451 1652 8071 744 4000 3515 2054 2620 2319 2376 12529 502 796 347 293 523
1654106790 187689 10287 15412 9683 1451 1652 8071 744 4000 3585 2054 2620 2319 2376 12529 502 796 347 293 523
1654614926 187689 10287 15412 9683 1451 1934 8071 744 4000 3585 2054 2620 2319 2376 12529 502 796 347 293 523
1654622062 187759 10287 15412 9683 1451 1934 8071 744 4000 3585 2054 2620 2319 2376 12529 502 796 347 293 523
1654623301 187759 10287 15412 9683 1451 1934 8071 744 4000 3585 2054 2620 2319 2376 12529 502 796 347 293 523
1654623665 187771 10287 15412 9683 1451 1934 8071 744 4000 3585 2054 2620 2319 2376 12529 502 796 347 293 523
1654636350 187771 10287 15412 9683 1451 1982 8071 744 4000 3585 2054 2620 2319 2376 12529 502 796 347 293 523
1654686539 187802 10287 15412 9683 1451 1982 8071 744 4000 3585 2054 2620 2319 2376 12529 502 796 347 293 523
1654779513 187997 10287 15412 9683 1451 1982 8071 744 4000 3585 2054 2620 2319 2376 12529 502 796 347 293 523
1654795817 188027 10287 15412 9683 1451 1982 8071 744 4000 3585 2054 2620 2319 2376 12529 502 796 347 293 523
1654867354 188237 10287 15412 9683 1451 1982 8071 744 4000 3585 2054 2620 2319 2376 12529 502 796 347 293 523
1654870658 188244 10287 15412 9683 1451 1982 8071 744 4000 3585 2054 2620 2319 2376 12529 502 796 347 293 523
1654873110 195583 10287 15412 9683 1451 1982 8071 744 4000 3585 2054 2620 2319 2376 12529 502 796 347 293 523
1654876182 195613 10287 15412 9683 1451 1982 8071 744 4000 3585 2054 2620 2319 2376 12529 502 796 347 293 523
1655113809 195613 10287 15412 9683 1451 1982 8071 744 4000 3585 2054 2620 2319 2376 12529 502 796 347 293 523
1655115056 195613 10287 15412 9683 1451 1982 8071 744 4000 3585 2054 2620 2319 2376 12529 502 796 347 293 523
1655121010 195622 10287 15412 9683 1451 1982 8071 744 4000 3585 2054 2620 2319 2376 12529 502 796 347 293 523
1655121508 195692 10287 15412 9683 1451 1982 8071 744 4000 3585 2054 2620 2319 2376 12529 502 796 347 293 523
1655124201 195764 10287 15412 9683 1451 1982 8071 744 4000 3585 2054 2620 2319 2376 12529 502 796 347 293 523
1655125669 197136 10287 15412 9683 1451 1982 8071 744 4000 3585 2054 2620 2319 2376 12529 502 796 347 293 523
1655126988 216358 10287 15412 9683 1451 1982 8071 744 4000 3585 2054 2620 2319 2376 12529 502 796 347 293 523
1655221809 216359 10287 15412 9683 1451 1982 8071 744 4000 3585 2054 2620 2319 2376 12529 502 796 347 293 523
1655726739 216359 10287 15412 9683 1451 1982 8071 744 4000 3585 2054 2620 2319 2376 12529 502 796 347 293 523
1656088231 216359 10287 15412 9683 1451 1982 8071 744 4000 3585 2054 2620 2319 2376 12529 502 796 347 293 523
1656320981 216359 10287 15412 9683 1451 1982 8071 744 4000 3585 2054 2620 2319 2376 12529 502 796 347 293 652
1656336920 216500 10287 15412 9683 1451 1982 8071 744 4000 3585 2054 2620 2319 2376 12529 502 796 347 293 652
1656346239 216537 10287 15412 9683 1451 1982 8071 744 4000 3585 2054 2620 2319 2376 12529 502 796 347 293 652
1656947562 241844 10287 15412 9683 1451 1982 8071 744 4000 3585 2054 2620 2319 2376 12529 502 796 347 293 652
1656951454 241980 10287 15412 9683 1451 1982 8071 744 4000 3585 2054 2620 2319 2376 12529 502 796 347 293 652
1656958433 242755 10287 15412 9683 1451 1982 8071 744 4000 3585 2054 2620 2319 2376 12529 502 796 347 293 652
1657033012 242755 10287 15412 9683 1462 1982 8071 744 4000 3585 2054 2620 2319 2376 12529 502 796 347 293 652
1657044127 242807 10287 15412 9683 1462 1982 8071 744 4000 3585 2054 2620 2319 2376 12529 502 796 347 293 652
1657116153 243166 10287 15412 9683 1462 1982 8071 744 4000 3585 2054 2620 2319 2376 12529 502 796 347 293 652
1657195040 243166 10287 15412 9683 1462 2081 8071 744 4000 3585 2054 2620 2319 2376 12529 502 796 347 293 652
1657197959 247305 10287 15412 9683 1462 2081 8071 744 4000 3585 2054 2620 2319 2376 12529 502 796 347 293 652
1657211199 247306 10287 15412 9683 1462 2081 8071 744 4000 3585 2054 2620 2319 2376 12529 502 796 347 293 652
1657292513 247306 10287 15412 9683 1462 2081 8071 744 4000 3585 2054 2620 2319 2376 12529 502 796 347 293 652
1657381151 247306 10287 15412 9683 1462 2081 8071 744 4000 3585 2054 2620 2319 2376 12529 502 796 347 293 652
1657531415 247713 10287 15412 9683 1462 2081 8071 744 4000 3585 2054 2620 2319 2376 12529 502 796 347 293 652
1657552549 247713 10287 15412 9683 1462 2081 8071 744 4000 3585 2054 2620 2319 2376 12529 502 796 347 293 652
1657630135 247726 10287 15412 9683 1462 2081 8071 744 4000 3585 2054 2620 2319 2376 12529 502 796 347 293 652
1657635237 247726 10287 15412 9683 1999 2081 8071 744 4000 3585 2054 2620 2319 2376 12529 502 796 347 293 652
1657647610 247726 10287 15412 9683 1999 2081 8071 744 4000 3585 2054 2620 2319 2376 12529 502 796 347 293 652
1657652017 247726 10287 15412 9683 1999 2081 8071 744 4000 3585 2054 2620 2319 2376 12529 502 796 347 293 652
1657706590 247726 10287 15412 9683 2107 2081 8071 744 4000 3585 2054 2620 2319 2376 12529 502 796 347 293 652
1657714409 247737 10287 15412 9683 2107 2081 8071 744 4000 3585 2054 2620 2319 2376 12529 502 796 347 293 652
