1510684016 0 0 0 0 0 242 0 0 0 0 0 0 0 0 0 0 0 0 0 0
1510684991 0 0 0 0 0 41114 0 0 0 0 0 0 0 0 0 0 0 0 0 0
1510685160 0 0 0 0 0 41129 0 0 0 0 0 0 0 0 0 0 0 0 0 0
1510687769 0 0 0 0 0 44755 0 0 0 0 0 0 0 0 0 0 0 0 0 0
1510760023 0 0 0 0 0 44755 0 0 0 0 0 0 0 0 0 0 0 0 0 0
1510932453 0 0 0 0 0 44768 0 0 0 0 0 0 0 0 0 0 0 0 0 0
1510952251 0 0 0 0 0 44769 0 0 0 0 0 0 0 0 0 0 0 0 0 0
1515708308 0 0 0 0 0 50104 0 0 0 0 0 0 0 0 0 0 0 0 0 0
1522109925 0 27 0 0 0 50104 0 0 0 0 0 0 0 0 0 0 0 0 0 0
1522110199 0 28 0 0 0 50104 0 0 0 0 0 0 0 0 0 0 0 0 0 0
1522110333 0 35 0 0 0 50104 0 0 0 0 0 0 0 0 0 0 0 0 0 0
1522165819 0 41 0 0 0 50104 0 0 0 0 0 0 0 0 0 0 0 0 0 0
1522165834 0 42 0 0 0 50104 0 0 0 0 0 0 0 0 0 0 0 0 0 0
1522166645 0 42 0 0 0 50104 0 0 0 0 0 0 0 0 0 0 0 0 0 0
1523340861 0 42 201 0 0 50104 0 0 0 0 0 0 0 0 0 0 0 0 0 0
1523341596 0 97 201 0 0 50104 0 0 0 0 0 0 0 0 0 0 0 0 0 0
1523368758 0 97 228 0 0 50104 0 0 0 0 0 0 0 0 0 0 0 0 0 0
1523369096 0 97 251 0 0 50104 0 0 0 0 0 0 0 0 0 0 0 0 0 0
1523370218 0 97 261 0 0 50104 0 0 0 0 0 0 0 0 0 0 0 0 0 0
1523441308 0 97 261 0 0 50104 0 0 0 0 0 0 0 0 0 0 0 0 0 0
1523442734 0 97 261 0 0 50104 0 0 0 0 0 0 0 0 0 0 0 0 0 0
1523612051 0 478 261 0 0 50104 0 0 0 0 0 0 0 0 0 0 0 0 0 0
1523617260 0 35059 261 0 0 50104 0 0 0 0 0 0 0 0 0 0 0 0 0 0
1523617395 0 35060 261 0 0 50104 0 0 0 0 0 0 0 0 0 0 0 0 0 0
1523862244 0 35064 261 0 0 50104 0 0 0 0 0 0 0 0 0 0 0 0 0 0
1523863308 0 35075 261 0 0 50104 0 0 0 0 0 0 0 0 0 0 0 0 0 0
1523863503 0 35075 261 0 0 50104 0 0 0 0 0 0 0 0 0 0 0 0 0 0
1523874352 0 35076 261 0 0 50104 0 0 0 0 0 0 0 0 0 0 0 0 0 0
1523874576 0 35076 261 0 0 50104 0 0 0 0 0 0 0 0 0 0 0 0 0 0
1524210218 0 35076 261 0 0 50104 0 0 0 0 0 0 0 0 0 0 0 0 0 0
1526235238 0 35076 261 0 0 50104 0 0 0 0 0 0 0 0 0 0 0 0 0 0
1526235578 0 35134 261 0 0 50104 0 0 0 0 0 0 0 0 0 0 0 0 0 0
1526236169 0 49784 261 0 0 50104 0 0 0 0 0 0 0 0 0 0 0 0 0 0
1526236699 0 49787 261 0 0 50104 0 0 0 0 0 0 0 0 0 0 0 0 0 0
1527689140 0 90058 261 0 0 50104 0 0 0 0 0 0 0 0 0 0 0 0 0 0
1528411960 0 90206 261 0 0 50104 0 0 0 0 0 0 0 0 0 0 0 0 0 0
1528412086 0 99392 261 0 0 50104 0 0 0 0 0 0 0 0 0 0 0 0 0 0
1528991628 0 99403 261 0 0 50104 0 0 0 0 0 0 0 0 0 0 0 0 0 0
1529962239 0 101132 261 0 0 50104 0 0 0 0 0 0 0 0 0 0 0 0 0 0
1532382771 0 106738 261 0 0 50104 0 0 0 0 0 0 0 0 0 0 0 0 0 0
1532996412 0 106738 261 0 0 50104 0 0 0 0 0 0 0 0 0 0 0 0 0 7
1535752477 0 117248 261 0 0 50104 0 0 0 0 0 0 0 0 0 0 0 0 0 7
1537332264 0 117267 261 0 0 50104 0 0 0 0 0 0 0 0 0 0 0 0 0 7
1537332652 0 119277 261 0 0 50104 0 0 0 0 0 0 0 0 0 0 0 0 0 7
1538091774 0 122993 261 0 0 50104 0 0 0 0 0 0 0 0 0 0 0 0 0 7
1538687367 0 125061 261 0 0 50104 0 0 0 0 0 0 0 0 0 0 0 0 0 7
1539229946 0 135851 261 0 0 50104 0 0 0 0 0 0 0 0 0 0 0 0 0 7
1541016696 0 140457 261 0 0 50104 0 0 0 0 0 0 0 0 0 0 0 0 0 7
1541016722 0 140457 261 0 0 50104 0 0 0 0 0 0 0 0 0 0 0 0 0 7
1543446997 0 140457 261 0 0 50104 0 0 0 0 0 0 0 0 0 0 0 0 0 7
1544158639 0 140457 261 0 0 50104 0 0 0 0 0 0 0 0 0 0 0 0 0 7
1544642988 0 153067 261 0 0 50104 0 0 0 0 0 0 0 0 0 0 0 0 0 7
1544654738 0 154022 261 0 0 50104 0 0 0 0 0 0 0 0 0 0 0 0 0 7
1548865976 0 154022 261 0 0 50104 0 0 0 0 0 0 0 0 0 0 0 0 0 7
1552325086 0 154022 28523 0 0 50104 0 0 0 0 0 0 0 0 0 0 0 0 0 7
1552330982 0 154022 28553 0 0 50104 0 0 0 0 0 0 0 0 0 0 0 0 0 7
1552344248 0 154022 28564 0 0 50104 0 0 0 0 0 0 0 0 0 0 0 0 0 7
1552408441 0 154022 28578 0 0 50104 0 0 0 0 0 0 0 0 0 0 0 0 0 7
1552412594 0 154022 28578 0 0 50104 0 0 0 0 0 0 0 0 0 0 0 0 0 7
1552414173 0 154022 28617 0 0 50104 0 0 0 0 0 0 0 0 0 0 0 0 0 7
1552424145 0 154022 28617 0 0 50104 0 0 0 0 0 0 0 0 0 0 0 0 0 7
1552485526 0 154022 28618 0 0 50104 0 0 0 0 0 0 0 0 0 0 0 0 0 7
1552485568 0 154022 28619 0 0 50104 0 0 0 0 0 0 0 0 0 0 0 0 0 7
1552485602 0 154022 28687 0 0 50104 0 0 0 0 0 0 0 0 0 0 0 0 0 7
1552506911 0 154022 28690 0 0 50104 0 0 0 0 0 0 0 0 0 0 0 0 0 7
1552509743 0 154022 28727 0 0 50104 0 0 0 0 0 0 0 0 0 0 0 0 0 7
1552513518 0 154022 28738 0 0 50104 0 0 0 0 0 0 0 0 0 0 0 0 0 7
1552518063 0 154022 28745 0 0 50104 0 0 0 0 0 0 0 0 0 0 0 0 0 7
1552518537 0 154022 28746 0 0 50104 0 0 0 0 0 0 0 0 0 0 0 0 0 7
1552527165 0 154022 28748 0 0 50104 0 0 0 0 0 0 0 0 0 0 0 0 0 7
1552596925 0 154022 28748 0 0 50104 0 0 0 0 0 0 0 0 0 0 0 0 0 7
1552596935 0 154022 28756 0 0 50104 0 0 0 0 0 0 0 0 0 0 0 0 0 7
1552618322 0 154022 28961 0 0 50104 0 0 0 0 0 0 0 0 0 0 0 0 0 7
1552661377 0 154022 29001 0 0 50104 0 0 0 0 0 0 0 0 0 0 0 0 0 7
1552759164 0 154022 29002 0 0 50104 0 0 0 0 0 0 0 0 0 0 0 0 0 7
1552759280 0 154022 29003 0 0 50104 0 0 0 0 0 0 0 0 0 0 0 0 0 7
1552759530 0 154022 29004 0 0 50104 0 0 0 0 0 0 0 0 0 0 0 0 0 7
1552925203 0 154022 29006 0 0 50104 0 0 0 0 0 0 0 0 0 0 0 0 0 7
1552925284 0 154022 29020 0 0 50104 0 0 0 0 0 0 0 0 0 0 0 0 0 7
1552931800 0 154022 29042 0 0 50104 0 0 0 0 0 0 0 0 0 0 0 0 0 7
1552931815 0 154022 29154 0 0 50104 0 0 0 0 0 0 0 0 0 0 0 0 0 7
1552937095 0 154022 29248 0 0 50104 0 0 0 0 0 0 0 0 0 0 0 0 0 7
1552938175 0 154022 29583 0 0 50104 0 0 0 0 0 0 0 0 0 0 0 0 0 7
1553100434 0 154022 29588 0 0 50104 0 0 0 0 0 0 0 0 0 0 0 0 0 7
1553535165 3 154022 29588 0 0 50104 0 0 0 0 0 0 0 0 0 0 0 0 0 7
1553535413 33 154022 29588 0 0 50104 0 0 0 0 0 0 0 0 0 0 0 0 0 7
1553557940 122 154022 29588 0 0 50104 0 0 0 0 0 0 0 0 0 0 0 0 0 7
1553624773 126 154022 29588 0 0 50104 0 0 0 0 0 0 0 0 0 0 0 0 0 7
1553634335 436 154022 29588 0 0 50104 0 0 0 0 0 0 0 0 0 0 0 0 0 7
1553637410 438 154022 29588 0 0 50104 0 0 0 0 0 0 0 0 0 0 0 0 0 7
1553642726 505 154022 29588 0 0 50104 0 0 0 0 0 0 0 0 0 0 0 0 0 7
1553792020 505 154022 29588 0 0 50104 0 0 0 0 0 0 0 0 0 0 0 0 0 7
1553887781 528 154022 29588 0 0 50104 0 0 0 0 0 0 0 0 0 0 0 0 0 7
1554172588 528 154022 29588 0 0 50104 0 0 0 0 0 0 0 0 0 0 0 0 0 7
1554253410 528 154060 29588 0 0 50104 0 0 0 0 0 0 0 0 0 0 0 0 0 7
1554253456 528 154063 29588 0 0 50104 0 0 0 0 0 0 0 0 0 0 0 0 0 7
1554354139 534 154063 29588 0 0 50104 0 0 0 0 0 0 0 0 0 0 0 0 0 7
1554354149 548 154063 29588 0 0 50104 0 0 0 0 0 0 0 0 0 0 0 0 0 7
1554359490 790 154063 29588 0 0 50104 0 0 0 0 0 0 0 0 0 0 0 0 0 7
1554497600 791 154063 29588 0 0 50104 0 0 0 0 0 0 0 0 0 0 0 0 0 7
1554739419 791 154063 29588 0 0 50104 0 0 0 0 0 0 0 0 0 0 0 0 0 7
1554744260 794 154063 29588 0 0 50104 0 0 0 0 0 0 0 0 0 0 0 0 0 7
1554749632 794 154063 29588 0 0 50104 0 0 0 0 0 0 0 0 0 0 0 0 0 7
1555352546 809 154063 29588 0 0 50104 0 0 0 0 0 0 0 0 0 0 0 0 0 7
1555352570 809 154063 29588 0 0 50104 0 0 0 0 0 0 0 0 0 0 0 0 0 7
1555365034 862 154063 29588 0 0 50104 0 0 0 0 0 0 0 0 0 0 0 0 0 7
1555367194 962 154063 29588 0 0 50104 0 0 0 0 0 0 0 0 0 0 0 0 0 7
1555367441 1081 154063 29588 0 0 50104 0 0 0 0 0 0 0 0 0 0 0 0 0 7
1555378283 1093 154063 29588 0 0 50104 0 0 0 0 0 0 0 0 0 0 0 0 0 7
1555452911 1103 154063 29588 0 0 50104 0 0 0 0 0 0 0 0 0 0 0 0 0 7
1555453363 1103 154063 29588 0 0 50104 0 0 0 0 0 0 0 0 0 0 0 0 0 7
1555505541 1105 154063 29588 0 0 50104 0 0 0 0 0 0 0 0 0 0 0 0 0 7
1555507061 1105 154063 29588 0 0 50104 0 0 0 0 0 0 0 4 0 0 0 0 0 7
1555592952 1124 154063 29588 0 0 50104 0 0 0 0 0 0 0 4 0 0 0 0 0 7
1555592971 1155 154063 29588 0 0 50104 0 0 0 0 0 0 0 4 0 0 0 0 0 7
1555592996 1158 154063 29588 0 0 50104 0 0 0 0 0 0 0 4 0 0 0 0 0 7
1555610242 1172 154063 29588 0 0 50104 0 0 0 0 0 0 0 4 0 0 0 0 0 7
1556027855 1172 154063 29588 0 0 50104 0 0 0 0 0 0 0 4 0 0 0 0 0 7
1556207582 1172 154063 29588 0 0 50104 0 0 0 0 0 0 0 4 14 0 0 0 0 7
1556417114 1172 154063 29588 0 0 50104 0 0 0 0 0 0 0 4 14 0 0 0 0 7
1556670403 1172 154063 29588 0 0 50104 0 0 0 0 0 0 0 17 14 0 0 0 0 7
1556910028 1172 154063 29588 0 0 50104 0 0 0 0 0 0 0 17 14 0 0 0 0 7
1557172087 1172 154063 29588 0 0 50104 0 0 0 0 0 0 0 17 14 0 0 0 0 7
1557180788 1192 154063 29588 0 0 50104 0 0 0 0 0 0 0 17 14 0 0 0 0 7
1557351189 1192 154063 29588 0 0 50104 0 0 0 0 0 0 0 17 14 0 0 28 0 7
1557513845 1235 154063 29588 0 0 50104 0 0 0 0 0 0 0 17 14 0 0 28 0 7
1557770856 1236 154063 29588 0 0 50104 0 0 0 0 0 0 0 17 14 0 0 28 0 7
1557985936 1236 154063 29588 0 0 50104 0 0 0 0 0 0 0 17 14 0 0 28 0 7
1558316818 1236 154063 29588 0 0 50104 0 0 0 0 0 0 0 17 14 0 0 28 0 7
1558538929 1236 154063 29588 0 0 50104 0 0 0 0 0 0 0 19 14 0 0 28 0 7
1558614680 1238 154063 29588 0 0 50104 0 0 0 0 0 0 0 19 14 0 0 28 0 7
1558633696 1307 154063 29588 0 0 50104 0 0 0 0 0 0 0 19 14 0 0 28 0 7
1558916748 1313 154063 29588 0 0 50104 0 0 0 0 0 0 0 19 14 0 0 28 0 7
1559070264 1315 154063 29588 0 0 50104 0 0 0 0 0 0 0 19 14 0 0 28 0 7
1559333645 1540 154063 29588 0 0 50104 0 0 0 0 0 0 0 19 14 0 0 28 0 7
1559350382 1544 154063 29588 0 0 50104 0 0 0 0 0 0 0 19 14 0 0 28 0 7
1559603219 1561 154063 29588 0 0 50104 0 0 0 0 0 0 0 19 14 0 0 28 0 7
1559604575 1566 154063 29588 0 0 50104 0 0 0 0 0 0 0 19 14 0 0 28 0 7
1559749791 1567 154063 29588 0 0 50104 0 0 0 0 0 0 0 19 14 0 0 28 0 7
1559828924 1567 154063 29588 0 0 50104 0 0 0 0 0 0 0 19 14 0 0 28 0 7
1559928515 1679 154063 29588 0 0 50104 0 0 0 0 0 0 0 19 14 0 0 28 0 7
1560787388 1926 154063 29588 0 0 50104 0 0 0 0 0 0 0 19 14 0 0 28 0 7
1561149395 1937 154063 29588 0 0 50104 0 0 0 0 0 0 0 19 14 0 0 28 0 7
1561385408 1960 154063 29588 0 0 50104 0 0 0 0 0 0 0 19 14 0 0 28 0 7
1562251604 6266 154063 29588 0 0 50104 0 0 0 0 0 0 0 19 14 0 0 28 0 7
1562257934 6266 154065 29588 0 0 50104 0 0 0 0 0 0 0 19 14 0 0 28 0 7
1562263548 6266 154065 29588 0 0 50104 0 0 0 0 0 0 0 19 14 0 0 28 0 7
1562482741 6266 154065 29588 0 0 50104 0 0 0 416 0 0 0 19 14 0 0 28 0 7
1562579440 6270 154065 29588 0 0 50104 0 0 0 416 0 0 0 19 14 0 0 28 0 7
1562579697 6294 154065 29588 0 0 50104 0 0 0 416 0 0 0 19 14 0 0 28 0 7
1562586769 6304 154065 29588 0 0 50104 0 0 0 416 0 0 0 19 14 0 0 28 0 7
1562916750 6304 154065 29588 0 0 50104 0 0 0 1077 0 0 0 19 14 0 0 28 0 7
1562947021 6304 154065 29588 0 0 50104 0 0 0 1077 0 0 0 19 14 0 0 28 0 7
1563291020 6357 154065 29588 0 0 50104 0 0 0 1077 0 0 0 19 14 0 0 28 0 7
1563292777 6359 154065 29588 0 0 50104 0 0 0 1077 0 0 0 19 14 0 0 28 0 7
1563348393 6522 154065 29588 0 0 50104 0 0 0 1077 0 0 0 19 14 0 0 28 0 7
1563377697 6592 154065 29588 0 0 50104 0 0 0 1077 0 0 0 19 14 0 0 28 0 7
1563481904 6592 154065 29588 0 0 50104 0 0 0 1077 0 0 0 19 14 0 0 28 0 7
1563532940 6640 154065 29588 0 0 50104 0 0 0 1077 0 0 0 19 14 0 0 28 0 7
1563533028 6855 154065 29588 0 0 50104 0 0 0 1077 0 0 0 19 14 0 0 28 0 7
1563550976 6857 154065 29588 0 0 50104 0 0 0 1077 0 0 0 19 14 0 0 28 0 7
1563555726 6857 154065 29588 0 0 50104 0 0 0 1077 0 0 0 19 14 0 0 28 0 7
1563794690 8023 154065 29588 0 0 50104 0 0 0 1077 0 0 0 19 14 0 0 28 0 7
1563830370 8246 154065 29588 0 0 50104 0 0 0 1077 0 0 0 19 14 0 0 28 0 7
1563838738 8283 154065 29588 0 0 50104 0 0 0 1077 0 0 0 19 14 0 0 28 0 7
1564685410 8283 154065 29588 0 0 50104 0 0 0 1077 0 0 0 19 14 0 0 31 0 7
1565130040 8305 154065 29588 0 0 50104 0 0 0 1077 0 0 0 19 14 0 0 31 0 7
1565193322 8307 154065 29588 0 0 50104 0 0 0 1077 0 0 0 19 14 0 0 31 0 7
1565364877 9542 154065 29588 0 0 50104 0 0 0 1077 0 0 0 19 14 0 0 31 0 7
1565620041 9542 154065 29588 0 0 50104 0 0 0 1077 0 0 0 19 14 0 0 31 0 7
1565701173 9542 154065 29588 0 0 50104 0 0 0 1077 0 0 0 19 14 0 0 31 0 7
1565711069 9548 154065 29588 0 0 50104 0 0 0 1077 0 0 0 19 14 0 0 31 0 7
1565812021 11823 154065 29588 0 0 50104 0 0 0 1077 0 0 0 19 14 0 0 31 0 7
1566216639 11825 154065 29588 0 0 50104 0 0 0 1077 0 0 0 19 14 0 0 31 0 7
1566495095 11835 154065 29588 0 0 50104 0 0 0 1077 0 0 0 19 14 0 0 31 0 7
1566495102 11836 154065 29588 0 0 50104 0 0 0 1077 0 0 0 19 14 0 0 31 0 7
1566564086 11839 154065 29588 0 0 50104 0 0 0 1077 0 0 0 19 14 0 0 31 0 7
1566686416 11839 154065 29588 0 0 50104 0 0 0 1077 0 0 0 19 14 0 0 31 0 7
1566922160 11863 154065 29588 0 0 50104 0 0 0 1077 0 0 0 19 14 0 0 31 0 7
1567837891 11863 154065 29588 0 0 50104 0 0 0 1197 0 0 0 19 14 0 0 31 0 7
1568213216 11869 154065 29588 0 0 50104 0 0 0 1197 0 0 0 19 14 0 0 31 0 7
1568218897 11869 154065 29588 0 0 50104 0 0 0 1197 0 0 0 19 14 0 0 55 0 7
1568229791 11871 154065 29588 0 0 50104 0 0 0 1197 0 0 0 19 14 0 0 55 0 7
1568302551 11871 154065 29588 0 0 50104 0 0 0 1197 0 0 0 19 14 0 0 55 0 7
1568818324 11873 154065 29588 0 0 50104 0 0 0 1197 0 0 0 19 14 0 0 55 0 7
1568818338 11885 154065 29588 0 0 50104 0 0 0 1197 0 0 0 19 14 0 0 55 0 7
1568846348 11885 154065 29588 0 25 50104 0 0 0 1197 0 0 0 19 14 0 0 55 0 7
1568951187 11894 154065 29588 0 25 50104 0 0 0 1197 0 0 0 19 14 0 0 55 0 7
1570507292 11894 154065 29588 0 43 50104 0 0 0 1197 0 0 0 19 14 0 0 55 0 7
1570543738 11899 154065 29588 0 43 50104 0 0 0 1197 0 0 0 19 14 0 0 55 0 7
1570646394 12102 154065 29588 0 43 50104 0 0 0 1197 0 0 0 19 14 0 0 55 0 7
1570708492 12104 154065 29588 0 43 50104 0 0 0 1197 0 0 0 19 14 0 0 55 0 7
1570916880 12104 154065 29588 0 185 50104 0 0 0 1197 0 0 0 19 14 0 0 55 0 7
1571074884 12166 154065 29588 0 185 50104 0 0 0 1197 0 0 0 19 14 0 0 55 0 7
1571149197 12191 154065 29588 0 185 50104 0 0 0 1197 0 0 0 19 14 0 0 55 0 7
1571151959 12343 154065 29588 0 185 50104 0 0 0 1197 0 0 0 19 14 0 0 55 0 7
1571776377 12343 154065 29588 0 185 50104 0 0 0 1197 0 0 0 19 14 0 0 55 0 7
1571855165 12438 154065 29588 0 185 50104 0 0 0 1197 0 0 0 19 14 0 0 55 0 7
1571865583 12837 154065 29588 0 185 50104 0 0 0 1197 0 0 0 19 14 0 0 55 0 7
1571923840 12985 154065 29588 0 185 50104 0 0 0 1197 0 0 0 19 14 0 0 55 0 7
1571940327 12988 154065 29588 0 185 50104 0 0 0 1197 0 0 0 19 14 0 0 55 0 7
1572277521 12994 154065 29588 0 185 50104 0 0 0 1197 0 0 0 19 14 0 0 55 0 7
1572277999 12996 154065 29588 0 185 50104 0 0 0 1197 0 0 0 19 14 0 0 55 0 7
1572979107 13069 154065 29588 0 185 50104 0 0 0 1197 0 0 0 19 14 0 0 55 0 7
1572988095 13304 154065 29588 0 185 50104 0 0 0 1197 0 0 0 19 14 0 0 55 0 7
1572990712 13306 154065 29588 0 185 50104 0 0 0 1197 0 0 0 19 14 0 0 55 0 7
1572991227 13330 154065 29588 0 185 50104 0 0 0 1197 0 0 0 19 14 0 0 55 0 7
1574650533 13330 154065 29588 0 185 50104 0 0 0 1197 0 0 0 19 14 0 0 55 0 7
1574890978 13933 154065 29588 0 185 50104 0 0 0 1197 0 0 0 19 14 0 0 55 0 7
1574910523 13933 154065 29588 0 185 50104 0 0 0 1197 0 0 0 19 14 0 0 55 90 7
1575415196 13933 154065 29588 0 185 50104 0 0 175 1197 0 0 0 19 14 0 0 55 90 7
1575415857 15043 154065 29588 0 185 50104 0 0 175 1197 0 0 0 19 14 0 0 55 90 7
1575588750 15047 154065 29588 0 185 50104 0 0 175 1197 0 0 0 19 14 0 0 55 90 7
1575589877 15047 154065 29588 0 185 50104 0 0 445 1197 0 0 0 19 14 0 0 55 90 7
1575758156 15049 154065 29588 0 185 50104 0 0 445 1197 0 0 0 19 14 0 0 55 90 7
1575927846 15576 154065 29588 0 185 50104 0 0 445 1197 0 0 0 19 14 0 0 55 90 7
1575937996 15576 154065 29588 0 185 50104 0 0 445 1197 0 0 0 19 14 0 0 55 90 7
1576268759 15576 154065 29588 0 185 50104 0 0 445 1197 0 0 0 19 14 0 0 55 90 7
1576278146 15580 154065 29588 0 185 50104 0 0 445 1197 0 0 0 19 14 0 0 55 90 7
1576278179 15614 154065 29588 0 185 50104 0 0 445 1197 0 0 0 19 14 0 0 55 90 7
1576278195 15616 154065 29588 0 185 50104 0 0 445 1197 0 0 0 19 14 0 0 55 90 7
1576610210 15616 154065 29588 0 185 50104 0 0 462 1197 0 0 0 19 14 0 0 55 90 7
1576635219 15616 154065 29588 0 185 50104 0 0 630 1197 0 0 0 19 14 0 0 55 90 7
1576704350 15649 154065 29588 0 185 50104 0 0 630 1197 0 0 0 19 14 0 0 55 90 7
1576813244 15649 154065 29588 0 185 50104 0 0 630 1197 0 0 0 19 14 0 0 55 90 7
1576966277 15669 154065 29588 0 185 50104 0 0 630 1197 0 0 0 19 14 0 0 55 90 7
1577051042 15669 154065 29588 0 803 50104 0 0 630 1197 0 0 0 19 14 0 0 55 90 7
1577064913 15669 154065 29588 0 803 50104 0 0 630 1197 0 0 0 19 14 0 0 55 90 7
1577467209 15780 154065 29588 0 803 50104 0 0 630 1197 0 0 0 19 14 0 0 55 90 7
1577467222 16240 154065 29588 0 803 50104 0 0 630 1197 0 0 0 19 14 0 0 55 90 7
1577475870 16240 154065 29588 0 803 50104 0 0 630 1197 0 0 0 19 14 0 0 55 90 7
1578599285 16248 154065 29588 0 803 50104 0 0 630 1197 0 0 0 19 14 0 0 55 90 7
1578627702 16248 154065 29588 0 803 50104 0 0 630 1197 0 0 0 19 14 0 0 55 210 7
1578628984 16248 154065 29588 0 803 50104 0 0 630 1197 0 0 0 19 14 0 0 55 216 7
1578688231 16248 154065 29588 0 803 50104 0 0 630 1197 0 0 0 19 14 0 0 55 216 7
1579112048 16248 154065 29588 0 803 50104 0 0 723 1197 0 0 0 19 14 0 0 55 216 7
1579121136 16268 154065 29588 0 803 50104 0 0 723 1197 0 0 0 19 14 0 0 55 216 7
1580112359 16268 154065 29588 0 803 50104 0 0 723 1197 0 0 0 19 14 0 0 55 216 7
1580349948 16268 154065 29588 0 803 50104 0 0 723 1197 0 0 0 19 14 0 0 55 216 7
1580350163 16305 154065 29588 0 803 50104 0 0 723 1197 0 0 0 19 14 0 0 55 216 7
1580925612 16305 154065 29588 0 899 50104 0 0 723 1197 0 0 0 19 14 0 0 55 216 7
1581018684 16305 154065 29588 0 1043 50104 0 0 723 1197 0 0 0 19 14 0 0 55 216 7
1581623306 16305 154065 29588 0 1043 50104 0 0 723 1197 0 0 0 19 14 0 0 55 216 7
1581701553 16376 154065 29588 0 1043 50104 0 0 723 1197 0 0 0 19 14 0 0 55 216 7
1581701931 16376 154086 29588 0 1043 50104 0 0 723 1197 0 0 0 19 14 0 0 55 216 7
1581702322 16376 154086 29588 0 1043 50104 0 0 723 1197 0 0 0 19 14 0 0 55 216 7
1581703510 16376 154092 29588 0 1043 50104 0 0 723 1197 0 0 0 19 14 0 0 55 216 7
1581703637 16376 154095 29588 0 1043 50104 0 0 723 1197 0 0 0 19 14 0 0 55 216 7
1581705150 16376 154235 29588 0 1043 50104 0 0 723 1197 0 0 0 19 14 0 0 55 216 7
1581705246 16376 154240 29588 0 1043 50104 0 0 723 1197 0 0 0 19 14 0 0 55 216 7
1581705347 16376 154241 29588 0 1043 50104 0 0 723 1197 0 0 0 19 14 0 0 55 216 7
1581710497 16376 154246 29588 0 1043 50104 0 0 723 1197 0 0 0 19 14 0 0 55 216 7
1581714807 16376 154246 29588 0 1043 50104 0 0 723 1197 0 0 0 19 14 0 0 55 216 7
1581719050 16376 154253 29588 0 1043 50104 0 0 723 1197 0 0 0 19 14 0 0 55 216 7
1581720593 16376 154257 29588 0 1043 50104 0 0 723 1197 0 0 0 19 14 0 0 55 216 7
1581733618 16376 154412 29588 0 1043 50104 0 0 723 1197 0 0 0 19 14 0 0 55 216 7
1581734191 16376 154429 29588 0 1043 50104 0 0 723 1197 0 0 0 19 14 0 0 55 216 7
1581734819 16376 154434 29588 0 1043 50104 0 0 723 1197 0 0 0 19 14 0 0 55 216 7
1581801861 16376 154448 29588 0 1043 50104 0 0 723 1197 0 0 0 19 14 0 0 55 216 7
1581802166 16376 154449 29588 0 1043 50104 0 0 723 1197 0 0 0 19 14 0 0 55 216 7
1581802256 16376 154450 29588 0 1043 50104 0 0 723 1197 0 0 0 19 14 0 0 55 216 7
1581802603 16376 154455 29588 0 1043 50104 0 0 723 1197 0 0 0 19 14 0 0 55 216 7
1581802806 16376 154459 29588 0 1043 50104 0 0 723 1197 0 0 0 19 14 0 0 55 216 7
1581805633 16402 154459 29588 0 1043 50104 0 0 723 1197 0 0 0 19 14 0 0 55 216 7
1582035277 16402 154459 29588 0 1043 50104 0 0 723 1197 0 0 0 19 14 0 0 55 216 7
1582209558 16408 154459 29588 0 1043 50104 0 0 723 1197 0 0 0 19 14 0 0 55 216 7
1582228250 16448 154459 29588 0 1043 50104 0 0 723 1197 0 0 0 19 14 0 0 55 216 7
1582579147 16448 154459 29588 0 1043 50104 0 0 723 1197 0 0 0 19 14 0 0 55 216 7
1583302330 16448 154459 29588 0 1043 50104 0 0 1115 1197 0 0 0 19 14 0 0 55 216 7
1583774158 16454 154459 29588 0 1043 50104 0 0 1115 1197 0 0 0 19 14 0 0 55 216 7
1583946706 16454 154459 29588 0 1043 50104 0 0 1115 1197 0 0 0 19 14 0 0 55 216 7
1585362566 16454 154459 29588 0 1043 50104 0 0 1115 1197 0 0 0 19 14 0 0 55 216 7
1586684255 16454 154459 29588 0 1043 50104 0 0 1115 1197 0 0 0 19 14 0 0 55 216 7
1586786175 16473 154459 29588 0 1043 50104 0 0 1115 1197 0 0 0 19 14 0 0 55 216 7
1589982783 16508 154459 29588 0 1043 50104 0 0 1115 1197 0 0 0 19 14 0 0 55 216 7
1589982808 16508 154459 29588 0 1043 50104 0 0 1115 1197 0 0 0 19 14 0 0 55 216 7
1590229525 16508 154459 29588 0 1098 50104 0 0 1115 1197 0 0 0 19 14 0 0 55 216 7
1591680483 16508 154459 29588 0 1204 50104 0 0 1115 1197 0 0 0 19 14 0 0 55 216 7
1593079800 16508 154459 29588 2107 1204 50104 0 0 1115 1197 0 0 0 19 14 0 0 55 216 7
1593079916 16508 154459 29588 2167 1204 50104 0 0 1115 1197 0 0 0 19 14 0 0 55 216 7
1593087149 16508 154459 29588 2281 1204 50104 0 0 1115 1197 0 0 0 19 14 0 0 55 216 7
1593162854 16508 154459 29588 2370 1204 50104 0 0 1115 1197 0 0 0 19 14 0 0 55 216 7
1593212114 16508 154459 29588 2403 1204 50104 0 0 1115 1197 0 0 0 19 14 0 0 55 216 7
1593617212 16508 154459 29588 2705 1204 50104 0 0 1115 1197 0 0 0 19 14 0 0 55 216 7
1593631656 16508 154459 29588 2723 1204 50104 0 0 1115 1197 0 0 0 19 14 0 0 55 216 7
1594195655 16510 154459 29588 2723 1204 50104 0 0 1115 1197 0 0 0 19 14 0 0 55 216 7
1595092695 16511 154459 29588 2723 1204 50104 0 0 1115 1197 0 0 0 19 14 0 0 55 216 7
1596703650 16511 154459 29588 2723 1204 50104 0 0 1115 1197 0 18 0 19 14 0 0 55 216 7
1596734518 16511 154459 29588 2723 1204 50104 0 0 1115 1197 0 20 0 19 14 0 0 55 216 7
1597244045 16511 154459 29588 2723 1204 50104 0 0 1115 1197 0 22 0 19 14 0 0 55 216 7
1599107978 16511 154459 29588 2723 1204 50104 0 1 1115 1197 0 22 0 19 14 0 0 55 216 7
1599669890 16511 154459 29588 2723 1204 50104 0 1 1115 1197 0 22 0 19 14 0 0 55 216 7
1600228220 16511 154459 29588 2723 1204 50104 0 1 1115 1197 0 22 0 19 14 0 0 55 216 7
1601547677 16515 154459 29588 2723 1204 50104 0 1 1115 1197 0 22 0 19 14 0 0 55 216 7
1601554225 16515 154459 29588 2873 1204 50104 0 1 1115 1197 0 22 0 19 14 0 0 55 216 7
1601554244 16515 154459 29588 2877 1204 50104 0 1 1115 1197 0 22 0 19 14 0 0 55 216 7
1601631482 16515 154459 29588 2877 1204 50104 0 40 1115 1197 0 22 0 19 14 0 0 55 216 7
1602520313 16516 154459 29588 2877 1204 50104 0 40 1115 1197 0 22 0 19 14 0 0 55 216 7
1602807013 16516 154459 29588 2877 1214 50104 0 40 1115 1197 0 22 0 19 14 0 0 55 216 7
1603801249 16516 154459 29588 2877 1214 50104 0 40 1115 1197 0 22 0 19 14 0 0 55 216 7
1605205387 16516 154459 29588 2877 1270 50104 0 40 1115 1197 0 22 0 19 14 0 0 55 216 7
1605292453 16516 154459 29588 3089 1270 50104 0 40 1115 1197 0 22 0 19 14 0 0 55 216 7
1605388862 16516 154459 29588 3089 1532 50104 0 40 1115 1197 0 22 0 19 14 0 0 55 216 7
1605707586 16516 154459 29588 3146 1532 50104 0 40 1115 1197 0 22 0 19 14 0 0 55 216 7
1606329891 16516 154459 29588 3146 1532 50104 0 40 1115 1197 0 22 0 19 14 0 0 55 216 7
1606723397 16516 154459 29588 3146 1839 50104 0 40 1115 1197 0 22 0 19 14 0 0 55 216 7
1606800712 16517 154459 29588 3146 1839 50104 0 40 1115 1197 0 22 0 19 14 0 0 55 216 7
1606800723 16518 154459 29588 3146 1839 50104 0 40 1115 1197 0 22 0 19 14 0 0 55 216 7
1606802746 16566 154459 29588 3146 1839 50104 0 40 1115 1197 0 22 0 19 14 0 0 55 216 7
1606842382 16566 154459 29588 3146 2237 50104 0 40 1115 1197 0 22 0 19 14 0 0 55 216 7
1607103010 16566 154459 29588 3146 2237 50104 0 40 1115 1197 0 22 0 19 14 0 0 55 216 7
1607103225 16566 154459 29588 3146 2237 50104 0 40 1115 1197 0 22 0 19 14 0 0 55 216 7
1607160721 16566 154459 29588 3146 2237 50104 0 41 1115 1197 0 22 0 19 14 0 0 55 216 7
1608644835 16566 154459 29588 3146 2237 50104 0 41 1115 1197 0 22 0 19 14 0 0 55 216 7
1609844391 16566 154459 29588 3146 2237 50104 0 41 1115 1197 0 22 0 19 14 0 0 55 216 7
1609902496 16647 154459 29588 3146 2237 50104 0 41 1115 1197 0 22 0 19 14 0 0 55 216 7
1609972232 16649 154459 29588 3146 2237 50104 0 41 1115 1197 0 22 0 19 14 0 0 55 216 7
1610388632 16649 154459 29588 3146 2386 50104 0 41 1115 1197 0 22 0 19 14 0 0 55 216 7
1610429640 16649 154459 29588 3146 2386 50104 0 41 1115 1197 0 22 0 19 14 0 113 55 216 7
1612966770 16649 154459 29588 3295 2386 50104 0 41 1115 1197 0 22 0 19 14 0 113 55 216 7
1613506317 16649 154459 29588 3295 3092 50104 0 41 1115 1197 0 22 0 19 14 0 113 55 216 7
1614420087 16649 154459 29588 4036 3092 50104 0 41 1115 1197 0 22 0 19 14 0 113 55 216 7
1614567433 16649 154459 29588 4036 3092 50104 0 41 1115 1197 0 22 0 19 14 0 113 55 216 109
1614596935 16649 154459 29588 4303 3092 50104 0 41 1115 1197 0 22 0 19 14 0 113 55 216 109
1614935690 16681 154459 29588 4303 3092 50104 0 41 1115 1197 0 22 0 19 14 0 113 55 216 109
1615468266 16681 154459 29588 4309 3092 50104 0 41 1115 1197 0 22 0 19 14 0 113 55 216 109
1615808966 16681 154459 29588 4388 3092 50104 0 41 1115 1197 0 22 0 19 14 0 113 55 216 109
1615888229 16685 154459 29588 4388 3092 50104 0 41 1115 1197 0 22 0 19 14 0 113 55 216 109
1617123613 16685 154459 29588 4388 3123 50104 0 41 1115 1197 0 22 0 19 14 0 113 55 216 109
1619614716 16685 154459 29588 4388 3123 50104 0 41 1115 1197 0 22 0 19 14 0 113 55 216 109
1620801768 16685 154459 29588 4388 3123 50104 0 41 1115 1197 0 22 0 19 14 16 113 55 216 109
1620818917 16685 154459 29588 4388 3123 50104 0 41 1115 1197 22 22 0 19 14 16 113 55 216 109
1620819642 16685 154459 29588 4388 3139 50104 0 41 1115 1197 22 22 0 19 14 16 113 55 216 109
1620820262 16685 154459 29588 4388 3139 50104 0 41 1115 1197 22 35 0 19 14 16 113 55 216 109
1620823995 16685 154459 29588 4388 3139 50104 0 41 1115 1197 22 35 1 19 14 16 113 55 216 109
1621547981 16685 154459 29588 4388 3139 50104 0 41 1115 1197 22 35 1 19 14 16 113 55 216 110
1625663339 16685 154459 29588 4388 3139 50104 0 41 1115 1197 22 35 88 19 14 16 113 55 216 110
1625815605 16685 154459 29588 4388 3139 50104 0 41 1115 1197 22 35 88 19 15 16 113 55 216 110
1628186637 16685 154459 29588 4388 3168 50104 0 41 1115 1197 22 35 88 19 15 16 113 55 216 110
1628726558 16685 154459 29588 4388 3344 50104 0 41 1115 1197 22 35 88 19 15 16 113 55 216 110
1628764810 16685 154459 29588 4388 3344 50104 0 41 1115 1197 22 35 88 19 15 16 113 55 216 110
1629090130 16687 154459 29588 4388 3344 50104 0 41 1115 1197 22 35 88 19 15 16 113 55 216 110
1629133838 16687 154459 29588 4388 3350 50104 0 41 1115 1197 22 35 88 19 15 16 113 55 216 110
1629151414 16687 154459 29588 4388 3487 50104 0 41 1115 1197 22 35 88 19 15 16 113 55 216 110
1629196798 16687 154459 29588 4388 3487 50104 0 41 1115 1197 22 35 88 19 15 16 113 55 216 110
1629203857 16687 154459 29588 4388 3501 50104 0 41 1115 1197 22 35 88 19 15 16 113 55 216 110
1632283752 16687 154459 29588 4388 3501 50104 0 41 1115 1197 22 35 88 19 15 16 113 55 216 110
1632409620 16687 154459 29588 4388 3501 50104 4 41 1115 1197 22 35 88 19 15 16 113 55 216 110
1632435685 16691 154459 29588 4388 3501 50104 4 41 1115 1197 22 35 88 19 15 16 113 55 216 110
1632469072 16691 154459 29588 4388 3501 50104 556 41 1115 1197 22 35 88 19 15 16 113 55 216 110
1632818385 16691 154459 29588 4388 3501 50104 556 41 1115 1197 22 35 88 19 15 16 113 55 216 110
1632937137 16691 154459 29588 4388 3501 50104 556 41 1115 1197 22 35 88 19 15 16 113 55 216 110
1633413573 16691 154459 29588 4388 3501 50104 556 41 1115 1197 108 35 88 19 15 16 113 55 216 110
1633519250 16691 154459 29588 4388 3501 50104 788 41 1115 1197 108 35 88 19 15 16 113 55 216 110
1633888693 16691 154459 29588 4388 3501 50104 983 41 1115 1197 108 35 88 19 15 16 113 55 216 110
1633933326 16691 154459 29588 4388 3558 50104 983 41 1115 1197 108 35 88 19 15 16 113 55 216 110
1634815951 16691 154459 29588 4388 3558 50104 983 41 1115 1197 108 35 88 19 15 16 113 55 216 110
1635134835 16691 154459 29588 4388 3560 50104 983 41 1115 1197 108 35 88 19 15 16 113 55 216 110
1635289979 16691 154459 29588 4388 3560 50104 983 41 1115 1197 108 35 88 19 15 16 2741 55 216 110
1635290184 16691 154459 29588 4388 3562 50104 983 41 1115 1197 108 35 88 19 15 16 2741 55 216 110
1635339684 16691 154459 29588 4421 3562 50104 983 41 1115 1197 108 35 88 19 15 16 2741 55 216 110
1635373455 16691 154459 29588 4421 6921 50104 983 41 1115 1197 108 35 88 19 15 16 2741 55 216 110
1636384372 16691 154459 29588 4421 6921 50104 983 41 1115 1197 108 35 88 19 15 43 2741 55 216 110
1637322611 16691 154459 29588 4475 6921 50104 983 41 1115 1197 108 35 88 19 15 43 2741 55 216 110
1637322655 16691 154459 29588 4483 6921 50104 983 41 1115 1197 108 35 88 19 15 43 2741 55 216 110
1637594541 16691 154459 29588 4483 6921 50104 983 41 1115 1197 108 35 88 19 15 43 2741 55 216 110
1637655184 16691 154459 29588 4488 6921 50104 983 41 1115 1197 108 35 88 19 15 43 2741 55 216 110
1637673747 16691 154459 29588 4498 6921 50104 983 41 1115 1197 108 35 88 19 15 43 2741 55 216 110
1637796646 16693 154459 29588 4498 6921 50104 983 41 1115 1197 108 35 88 19 15 43 2741 55 216 110
1637902099 16693 154459 29588 4503 6921 50104 983 41 1115 1197 108 35 88 19 15 43 2741 55 216 110
1638894701 16693 154459 29588 4714 6921 50104 983 41 1115 1197 108 35 88 19 15 43 2741 55 216 110
1639386013 17237 154459 29588 4714 6921 50104 983 41 1115 1197 108 35 88 19 15 43 2741 55 216 110
1639696438 17275 154459 29588 4714 6921 50104 983 41 1115 1197 108 35 88 19 15 43 2741 55 216 110
1640076064 17275 154459 29588 4714 6921 50104 1456 41 1115 1197 108 35 88 19 15 43 2741 55 216 110
1640263653 17275 154459 29588 4714 6921 50104 1456 41 1115 1199 108 35 88 19 15 43 2741 55 216 110
1641875496 17275 154459 29588 4714 6921 50104 1456 41 1115 1199 108 35 88 19 15 43 5918 55 216 110
1642012019 17275 154459 29588 4838 6921 50104 1456 41 1115 1199 108 35 88 19 15 43 5918 55 216 110
1642412035 17275 154459 29588 4945 6921 50104 1456 41 1115 1199 108 35 88 19 15 43 5918 55 216 110
1642439479 17275 154459 29588 4953 6921 50104 1456 41 1115 1199 108 35 88 19 15 43 5918 55 216 110
1642441465 17275 154459 29588 4953 6921 50104 1456 51 1115 1199 108 35 88 19 15 43 5918 55 216 110
1642470202 17275 154459 29588 4953 6921 50104 1456 55 1115 1199 108 35 88 19 15 43 5918 55 216 110
1642614839 17275 154459 29588 4953 6921 50104 1456 90 1115 1199 108 35 88 19 15 43 5918 55 216 110
1642618503 17275 154459 29588 4953 6921 50104 1456 132 1115 1199 108 35 88 19 15 43 5918 55 216 110
1642998850 17275 154459 29588 4953 6921 50104 1456 132 1115 1199 108 35 88 19 15 43 5918 55 216 110
1643182346 17287 154459 29588 4953 6921 50104 1456 132 1115 1199 108 35 88 19 15 43 5918 55 216 110
1643309370 17287 154459 29588 4953 6921 50104 1456 188 1115 1199 108 35 88 19 15 43 5918 55 216 110
1643310599 17287 154459 29588 5055 6921 50104 1456 188 1115 1199 108 35 88 19 15 43 5918 55 216 110
1643328722 17287 154459 29588 5055 6921 50104 1456 188 1115 1199 108 35 88 19 15 43 5918 55 216 110
1645291745 17287 154459 29588 5055 6921 50104 1456 188 1115 1199 108 35 88 19 15 43 5918 55 216 110
1645440758 17287 154459 29588 5058 6921 50104 1456 188 1115 1199 108 35 88 19 15 43 5918 55 216 110
1648133910 17287 154459 29588 5310 6921 50104 1456 188 1115 1199 108 35 88 19 15 43 5918 55 216 110
1648136157 17287 154459 29588 5328 6921 50104 1456 188 1115 1199 108 35 88 19 15 43 5918 55 216 110
1648140488 17287 154459 29588 5328 6921 50104 1456 188 1115 1199 108 35 88 19 15 43 5918 55 216 110
1649795557 17287 154459 29588 5328 6921 50104 1456 188 1115 1199 108 35 88 19 15 43 5918 55 216 110
1650417594 17287 154459 29588 5328 6921 50104 1456 188 1115 1224 108 35 88 19 15 43 5918 55 216 110
1651162487 17287 154459 29588 5328 6921 50104 1456 188 1115 1224 108 35 224 19 15 43 5918 55 216 110
1651204456 17287 154459 29588 5328 6921 50104 1456 188 1115 1224 108 35 224 19 15 43 5918 55 216 110
1651236517 17287 154459 29588 5328 6921 50104 1456 188 1115 1224 108 35 224 19 15 43 5918 55 216 110
1651236686 17287 154459 29588 5328 6921 50104 1456 188 1115 1224 108 35 224 19 15 43 5918 55 216 110
1652185675 17291 154459 29588 5328 6921 50104 1456 188 1115 1224 108 35 224 19 15 43 5918 55 216 110
1652185797 17291 154459 29588 5328 6921 50104 1672 188 1115 1224 108 35 224 19 15 43 5918 55 216 110
1652749377 17291 154459 29588 5328 6921 50104 1672 188 1115 1224 108 35 224 19 15 43 5918 55 216 110
1653607509 17291 154459 29588 5328 6921 50104 1672 188 1115 1224 150 35 224 19 15 43 5918 55 216 110
1653928656 17291 154459 29588 5328 6921 50104 1672 188 1115 1224 150 35 224 19 15 43 5918 55 216 110
1654155359 17291 154459 29588 5328 6921 50104 1672 188 1115 1224 150 35 224 19 15 43 5918 55 216 110
1654178233 17291 154459 29588 5328 6921 50104 1672 188 1115 1224 150 35 224 19 15 43 5918 55 216 110
1654242511 17291 154459 29588 5328 6921 50104 1672 188 1115 1224 152 35 224 19 15 43 5918 55 216 110
1656308644 17291 154459 29588 5328 6921 50104 1679 188 1115 1224 152 35 224 19 15 43 5918 55 216 110
1656597968 17291 154459 29588 5328 6921 50104 1679 188 1115 1224 152 35 224 19 15 43 5918 55 216 110
1656927156 17291 154459 29588 5328 6921 50104 3400 188 1115 1224 152 35 224 19 15 43 5918 55 216 110
1657028186 17291 154459 29588 5328 6921 50104 3400 188 1115 1224 152 35 6516 19 15 43 5918 55 216 110
1657547516 17291 154459 29588 5328 6921 50104 3400 188 1115 1224 152 35 6516 19 15 43 5918 55 216 110
