1538966733 1373
1539024244 1456
1539031563 1489
1539032146 1296
1539032851 1296
1539033132 1497
1539033799 1313
1539036885 1154
1539051262 1160
1539052526 1160
1539056432 1188
1539098815 1193
1539099347 1227
1539100605 1228
1539110990 1229
1539116236 1230
1539118596 1234
1539135281 1238
1539135436 1247
1539139611 1236
1539140014 1237
1539140153 1238
1539180583 1238
1539181252 1239
1539194977 1239
1549106134 1236
1549116030 1238
1549232533 1238
1549462913 1239
1552751631 1240
1553093647 1242
1553094144 1242
1553095520 1245
1553107566 1348
1553110852 1321
1553115522 1347
1553124435 1349
1553178555 1349
1558478118 1350
1558479835 1349
1558639931 1348
1558640686 1268
1558641373 1369
1558641442 1369
1558642624 1436
1558647961 1431
1558649068 1461
1559325540 1454
1565702414 1653
1565717160 1654
1568649648 1654
1572031586 1658
1579782484 1675
1580810314 1675
1580896788 1675
1583499330 1745
1593521790 1743
1593596746 1741
1637211440 1741
