1470385052 731
1478543046 731
1501080391 731
1519398564 749
1545153525 752
1548931250 753
1559817214 748
1566276890 748
1577485602 748
1578417455 750
1583466272 4451
1603429120 4451
1615825548 4450
1615825903 4450
1615826484 4450
1615833643 4450
1615834059 4455
1615834279 4457
1615837193 4457
1625128378 4457
1631154192 4483
1632367318 4527
1640036100 4520
1640036390 4516
1640036411 4531
1640469950 4513
1642035962 4638
1644078268 4638
1644201671 4655
1648432371 4653
1648471163 4653
1648519102 4653
1648564011 4745
1648644125 4762
1648870940 4758
1649730293 4755
1651288409 4755
